node1,node2,length,startLat,startLon,endLat,endLon,endNodeL,startNodeL,startYear,endYear,treeID
301,1,0.8734689745,40.8523444232662,-74.8743274520865,40.9106,-73.6744,0.8734689745,0,1998.12653102496,1998.99999999946,1730000
301,302,0.203757353099999,40.8523444232662,-74.8743274520865,41.0746771165533,-74.6039499277261,0.203757353099999,0,1998.12653102496,1998.33028837806,1730000
302,303,6.12291117008112e-05,41.0746771165533,-74.6039499277261,41.0828793800736,-74.6096778229519,0.203818582211699,0.203757353099999,1998.33028837806,1998.33034960717,1730000
302,599,0.0551928340900005,41.0746771165533,-74.6039499277261,41.0375492693935,-74.4350788930466,0.258950187189999,0.203757353099999,1998.33028837806,1998.38548121215,1730000
303,304,0.180124073600002,41.0828793800736,-74.6096778229519,41.4013763266242,-74.2171772203831,0.383942655811701,0.203818582211699,1998.33034960717,1998.51047368078,1730000
303,308,0.000182366155101477,41.0828793800736,-74.6096778229519,41.1076762265577,-74.6243174448223,0.204000948366801,0.203818582211699,1998.33034960717,1998.33053197333,1730000
304,305,0.115309333799999,41.4013763266242,-74.2171772203831,41.4938025590922,-74.2985764023388,0.4992519896117,0.383942655811701,1998.51047368078,1998.62578301457,1730000
304,2,1.489526319,41.4013763266242,-74.2171772203831,41.4153,-74.2177,1.8734689748117,0.383942655811701,1998.51047368078,1999.99999999977,1730000
305,307,0.497868026199999,41.4938025590922,-74.2985764023388,41.2980574215893,-73.7525658787752,0.997120015811699,0.4992519896117,1998.62578301457,1999.12365104078,1730000
305,306,1.280978277,41.4938025590922,-74.2985764023388,39.5774935632135,-72.7573507110786,1.7802302666117,0.4992519896117,1998.62578301457,1999.90676129157,1730000
306,3,2.093238708,39.5774935632135,-72.7573507110786,38.5432,-71.1427,3.8734689746117,1.7802302666117,1999.90676129157,2001.99999999958,1730000
306,4,1.791838708,39.5774935632135,-72.7573507110786,38.587,-70.7667,3.5720689746117,1.7802302666117,1999.90676129157,2001.69859999957,1730000
307,6,3.479048959,41.2980574215893,-73.7525658787752,41.106,-73.9507,4.4761689748117,0.997120015811699,1999.12365104078,2002.60269999978,1730000
307,5,3.470848959,41.2980574215893,-73.7525658787752,41.4327,-72.3141,4.4679689748117,0.997120015811699,1999.12365104078,2002.59449999977,1730000
308,595,0.186244285200001,41.1076762265577,-74.6243174448223,41.1433851213083,-74.4191069291662,0.390245233566802,0.204000948366801,1998.33053197333,1998.51677625853,1730000
308,309,0.0362290489099983,41.1076762265577,-74.6243174448223,41.0721806131454,-74.0424838995316,0.240229997276799,0.204000948366801,1998.33053197333,1998.36676102224,1730000
309,310,0.1387309397,41.0721806131454,-74.0424838995316,41.6977220961367,-74.2217283838911,0.378960936976799,0.240229997276799,1998.36676102224,1998.50549196194,1730000
309,293,4.312738977,41.0721806131454,-74.0424838995316,38.7055,-70.883,4.5529689742768,0.240229997276799,1998.36676102224,2002.67949999924,1730000
310,320,0.178618678199999,41.6977220961367,-74.2217283838911,41.3880667883627,-74.3045667665347,0.557579615176799,0.378960936976799,1998.50549196194,1998.68411064014,1730000
310,311,1.002579635,41.6977220961367,-74.2217283838911,41.3870809480639,-73.5860867573171,1.3815405719768,0.378960936976799,1998.50549196194,1999.50807159694,1730000
311,312,0.379241050899999,41.3870809480639,-73.5860867573171,41.3604015132491,-72.5614211854791,1.7607816228768,1.3815405719768,1999.50807159694,1999.88731264784,1730000
311,7,0.491928402599999,41.3870809480639,-73.5860867573171,41.0125,-73.2916,1.8734689745768,1.3815405719768,1999.50807159694,1999.99999999954,1730000
312,313,0.821670715600002,41.3604015132491,-72.5614211854791,40.6266460675773,-71.0179812864586,2.5824523384768,1.7607816228768,1999.88731264784,2000.70898336344,1730000
312,319,0.9726506083,41.3604015132491,-72.5614211854791,40.8480029632189,-72.6215687509227,2.7334322311768,1.7607816228768,1999.88731264784,2000.85996325614,1730000
313,14,1.041716636,40.6266460675773,-71.0179812864586,38.8619,-62.3313,3.6241689744768,2.5824523384768,2000.70898336344,2001.75069999944,1730000
313,314,0.0576949180100002,40.6266460675773,-71.0179812864586,41.1198028678837,-71.4463227815587,2.6401472564868,2.5824523384768,2000.70898336344,2000.76667828145,1730000
314,315,0.266419044199999,41.1198028678837,-71.4463227815587,41.6234572465087,-69.7925215538145,2.9065663006868,2.6401472564868,2000.76667828145,2001.03309732565,1730000
314,316,0.0146458571099988,41.1198028678837,-71.4463227815587,41.2628524490184,-71.5523497978783,2.6547931135968,2.6401472564868,2000.76667828145,2000.78132413856,1730000
315,9,1.580602674,41.6234572465087,-69.7925215538145,40.9743,-69.3452,4.4871689746868,2.9065663006868,2001.03309732565,2002.61369999965,1730000
315,8,0.8135026739,41.6234572465087,-69.7925215538145,41.5134,-69.4169,3.7200689745868,2.9065663006868,2001.03309732565,2001.84659999955,1730000
316,317,0.1309699599,41.2628524490184,-71.5523497978783,40.9505021360718,-71.1451442190263,2.7857630734968,2.6547931135968,2000.78132413856,2000.91229409846,1730000
316,318,1.060382192,41.2628524490184,-71.5523497978783,41.6859983540317,-72.3673341644425,3.7151753055968,2.6547931135968,2000.78132413856,2001.84170633056,1730000
317,10,2.717805901,40.9505021360718,-71.1451442190263,40.5003,-70.3284,5.5035689744968,2.7857630734968,2000.91229409846,2003.63009999946,1730000
317,11,1.761705901,40.9505021360718,-71.1451442190263,41.4577,-70.2458,4.5474689744968,2.7857630734968,2000.91229409846,2002.67399999946,1730000
318,13,1.158293669,41.6859983540317,-72.3673341644425,41.7953,-73.0866,4.8734689745968,3.7151753055968,2001.84170633056,2002.99999999956,1730000
318,12,0.8787936688,41.6859983540317,-72.3673341644425,42.6509,-72.035,4.5939689743968,3.7151753055968,2001.84170633056,2002.72049999936,1730000
319,16,0.7784367433,40.8480029632189,-72.6215687509227,40.8579,-72.5752,3.5118689744768,2.7334322311768,2000.85996325614,2001.63839999944,1730000
319,15,0.849636743300001,40.8480029632189,-72.6215687509227,40.6719,-73.0249,3.5830689744768,2.7334322311768,2000.85996325614,2001.70959999944,1730000
320,321,1.259573073,41.3880667883627,-74.3045667665347,40.5775535273177,-77.8937181711754,1.8171526881768,0.557579615176799,1998.68411064014,1999.94368371314,1730000
320,587,1.720251338,41.3880667883627,-74.3045667665347,38.0791739055846,-71.5398537632057,2.2778309531768,0.557579615176799,1998.68411064014,2000.40436197814,1730000
321,322,0.044316842569998,40.5775535273177,-77.8937181711754,40.555605666354,-77.8915665229005,1.8614695307468,1.8171526881768,1999.94368371314,1999.98800055571,1730000
321,462,0.08613982484,40.5775535273177,-77.8937181711754,40.8207791124003,-76.6969470678191,1.9032925130168,1.8171526881768,1999.94368371314,2000.02982353798,1730000
322,323,0.0687794045099999,40.555605666354,-77.8915665229005,41.3365470486541,-78.9689132414464,1.9302489352568,1.8614695307468,1999.98800055571,2000.05677996022,1730000
322,411,0.0470569147100015,40.555605666354,-77.8915665229005,38.6651863467574,-72.5921506497451,1.9085264454568,1.8614695307468,1999.98800055571,2000.03505747042,1730000
323,324,0.700595117900001,41.3365470486541,-78.9689132414464,41.7493212654844,-79.4927820035539,2.6308440531568,1.9302489352568,2000.05677996022,2000.75737507812,1730000
323,328,0.406410205700002,41.3365470486541,-78.9689132414464,41.966838140677,-85.5800767853988,2.3366591409568,1.9302489352568,2000.05677996022,2000.46319016592,1730000
324,17,1.979624921,41.7493212654844,-79.4927820035539,58.8113,-73.7042,4.6104689741568,2.6308440531568,2000.75737507812,2002.73699999912,1730000
324,325,0.314087157900001,41.7493212654844,-79.4927820035539,41.9664226672907,-80.5179346912096,2.9449312110568,2.6308440531568,2000.75737507812,2001.07146223602,1730000
325,21,0.588837763599999,41.9664226672907,-80.5179346912096,55.0192,-89.3477,3.5337689746568,2.9449312110568,2001.07146223602,2001.66029999962,1730000
325,326,0.757771278499998,41.9664226672907,-80.5179346912096,41.2285386338073,-85.1995015150847,3.7027024895568,2.9449312110568,2001.07146223602,2001.82923351452,1730000
326,327,2.489549357,41.2285386338073,-85.1995015150847,48.0572432082591,-104.656061732717,6.1922518465568,3.7027024895568,2001.82923351452,2004.31878287152,1730000
326,20,1.170766485,41.2285386338073,-85.1995015150847,44.7552,-90.864,4.8734689745568,3.7027024895568,2001.82923351452,2002.99999999952,1730000
327,19,4.235817128,48.0572432082591,-104.656061732717,54.6257,-112.8095,10.4280689745568,6.1922518465568,2004.31878287152,2008.55459999952,1730000
327,18,2.283917128,48.0572432082591,-104.656061732717,54.2932,-114.4701,8.4761689745568,6.1922518465568,2004.31878287152,2006.60269999952,1730000
328,335,0.0187868930599997,41.966838140677,-85.5800767853988,41.9729881793838,-85.5890203704083,2.3554460340168,2.3366591409568,2000.46319016592,2000.48197705898,1730000
328,329,0.232440875199998,41.966838140677,-85.5800767853988,40.6973178502384,-81.4910226286637,2.5691000161568,2.3366591409568,2000.46319016592,2000.69563104112,1730000
329,331,0.0953209408000006,40.6973178502384,-81.4910226286637,40.9659620097053,-81.4157225500646,2.6644209569568,2.5691000161568,2000.69563104112,2000.79095198192,1730000
329,330,2.063923392,40.6973178502384,-81.4910226286637,42.2589265509574,-75.6548278959075,4.6330234081568,2.5691000161568,2000.69563104112,2002.75955443312,1730000
330,23,5.877045566,42.2589265509574,-75.6548278959075,51.332,-93.9925,10.5100689741568,4.6330234081568,2002.75955443312,2008.63659999912,1730000
330,22,6.887045566,42.2589265509574,-75.6548278959075,43.6103,-73.0313,11.5200689741568,4.6330234081568,2002.75955443312,2009.64659999912,1730000
331,333,3.77355644,40.9659620097053,-81.4157225500646,39.66840067253,-77.2247330733442,6.4379773969568,2.6644209569568,2000.79095198192,2004.56450842192,1730000
331,332,0.000342985367101534,40.9659620097053,-81.4157225500646,40.9614670526576,-81.4054367562752,2.6647639423239,2.6644209569568,2000.79095198192,2000.79129496729,1730000
332,24,1.904605032,40.9614670526576,-81.4054367562752,40.2398,-84.7407,4.5693689743239,2.6647639423239,2000.79129496729,2002.69589999929,1730000
332,25,4.967605032,40.9614670526576,-81.4054367562752,41.6756,-74.441,7.6323689743239,2.6647639423239,2000.79129496729,2005.75889999929,1730000
333,26,2.076591578,39.66840067253,-77.2247330733442,45.8018,-95.21,8.5145689749568,6.4379773969568,2004.56450842192,2006.64109999992,1730000
333,334,5.391884016,39.66840067253,-77.2247330733442,41.5904793610659,-78.1314091503041,11.8298614129568,6.4379773969568,2004.56450842192,2009.95639243792,1730000
334,27,2.726707562,41.5904793610659,-78.1314091503041,40.592,-75.1506,14.5565689749568,11.8298614129568,2009.95639243792,2012.68309999992,1730000
334,28,1.761407562,41.5904793610659,-78.1314091503041,41.3384,-78.7383,13.5912689749568,11.8298614129568,2009.95639243792,2011.71779999992,1730000
335,336,0.1970422824,41.9729881793838,-85.5890203704083,42.0755733945846,-75.0906756708355,2.5524883164168,2.3554460340168,2000.48197705898,2000.67901934138,1730000
335,375,0.096893606830001,41.9729881793838,-85.5890203704083,41.3391226215934,-91.9063692518005,2.4523396408468,2.3554460340168,2000.48197705898,2000.57887066581,1730000
336,337,0.1030198452,42.0755733945846,-75.0906756708355,42.1074698637404,-75.4357622293757,2.6555081616168,2.5524883164168,2000.67901934138,2000.78203918658,1730000
336,345,0.0527759024299996,42.0755733945846,-75.0906756708355,41.9969868546165,-75.0325054206579,2.6052642188468,2.5524883164168,2000.67901934138,2000.73179524381,1730000
337,341,0.0245159301799998,42.1074698637404,-75.4357622293757,42.0116593451292,-75.3402774533727,2.6800240917968,2.6555081616168,2000.78203918658,2000.80655511676,1730000
337,338,0.117466938,42.1074698637404,-75.4357622293757,42.6040302376239,-74.7563332773312,2.7729750996168,2.6555081616168,2000.78203918658,2000.89950612458,1730000
338,339,0.247575275099999,42.6040302376239,-74.7563332773312,43.3583181877553,-74.9462056592608,3.0205503747168,2.7729750996168,2000.89950612458,2001.14708139968,1730000
338,29,1.818293875,42.6040302376239,-74.7563332773312,49.5882,-57.1232,4.5912689746168,2.7729750996168,2000.89950612458,2002.71779999958,1730000
339,32,4.4611186,43.3583181877553,-74.9462056592608,37.5492,-64.0373,7.4816689747168,3.0205503747168,2001.14708139968,2005.60819999968,1730000
339,340,0.8676212669,43.3583181877553,-74.9462056592608,41.4104600514157,-74.8606720412417,3.8881716416168,3.0205503747168,2001.14708139968,2002.01470266658,1730000
340,30,1.724997333,41.4104600514157,-74.8606720412417,43.352,-79.9574,5.6131689746168,3.8881716416168,2002.01470266658,2003.73969999958,1730000
340,31,0.985297333,41.4104600514157,-74.8606720412417,58.0758,-75.4045,4.8734689746168,3.8881716416168,2002.01470266658,2002.99999999958,1730000
341,342,0.264075936499999,42.0116593451292,-75.3402774533727,40.7957387704061,-76.6285151926221,2.9441000282968,2.6800240917968,2000.80655511676,2001.07063105326,1730000
341,33,5.924944883,42.0116593451292,-75.3402774533727,41.9299,-74.6912,8.6049689747968,2.6800240917968,2000.80655511676,2006.73149999976,1730000
342,343,1.65493435,40.7957387704061,-76.6285151926221,41.9087394044885,-77.7762819032456,4.5990343782968,2.9441000282968,2001.07063105326,2002.72556540326,1730000
342,344,1.745202103,40.7957387704061,-76.6285151926221,40.9856697509048,-71.1138949993162,4.6893021312968,2.9441000282968,2001.07063105326,2002.81583315626,1730000
343,35,2.274434597,41.9087394044885,-77.7762819032456,63.6246,-114.1068,6.8734689752968,4.5990343782968,2002.72556540326,2005.00000000026,1730000
343,34,3.890834597,41.9087394044885,-77.7762819032456,41.2534,-72.5763,8.4898689752968,4.5990343782968,2002.72556540326,2006.61640000026,1730000
344,37,0.937566843000001,40.9856697509048,-71.1138949993162,41.0263,-71.468,5.6268689742968,4.6893021312968,2002.81583315626,2003.75339999926,1730000
344,36,2.893766843,40.9856697509048,-71.1138949993162,41.0261,-71.3776,7.5830689742968,4.6893021312968,2002.81583315626,2005.70959999926,1730000
345,359,0.0144523157299989,41.9969868546165,-75.0325054206579,41.9226935218941,-74.9167364960038,2.6197165345768,2.6052642188468,2000.73179524381,2000.74624755954,1730000
345,346,0.0210273157799996,41.9969868546165,-75.0325054206579,42.4079880183524,-73.7424540989914,2.6262915346268,2.6052642188468,2000.73179524381,2000.75282255959,1730000
346,349,0.0209155299100008,42.4079880183524,-73.7424540989914,42.4914631542231,-73.9450116746428,2.6472070645368,2.6262915346268,2000.75282255959,2000.7737380895,1730000
346,347,0.0365890262799997,42.4079880183524,-73.7424540989914,42.3246710277632,-73.5194056603549,2.6628805609068,2.6262915346268,2000.75282255959,2000.78941158587,1730000
347,40,1.857188414,42.3246710277632,-73.5194056603549,41.512,-72.9818,4.5200689749068,2.6628805609068,2000.78941158587,2002.64659999987,1730000
347,348,0.1773685469,42.3246710277632,-73.5194056603549,42.30955665485,-73.5179629588632,2.8402491078068,2.6628805609068,2000.78941158587,2000.96678013277,1730000
348,39,3.557819867,42.30955665485,-73.5179629588632,36.9772,-75.4259,6.3980689748068,2.8402491078068,2000.96678013277,2004.52459999977,1730000
348,38,1.668819867,42.30955665485,-73.5179629588632,41.3194,-71.8639,4.5090689748068,2.8402491078068,2000.96678013277,2002.63559999977,1730000
349,51,1.84266191,42.4914631542231,-73.9450116746428,44.7813,-72.0807,4.4898689745368,2.6472070645368,2000.7737380895,2002.6163999995,1730000
349,350,0.00588058566100003,42.4914631542231,-73.9450116746428,42.4530089339274,-73.9482622297872,2.6530876501978,2.6472070645368,2000.7737380895,2000.77961867516,1730000
350,351,0.0446503123299991,42.4530089339274,-73.9482622297872,42.5987990920031,-74.0274533331221,2.6977379625278,2.6530876501978,2000.77961867516,2000.82426898749,1730000
350,357,1.102111153,42.4530089339274,-73.9482622297872,42.5177627167034,-73.8783370733596,3.7551988031978,2.6530876501978,2000.77961867516,2001.88172982816,1730000
351,352,0.2059513832,42.5987990920031,-74.0274533331221,40.4537560367486,-72.5715710494261,2.9036893457278,2.6977379625278,2000.82426898749,2001.03022037069,1730000
351,353,0.2166806903,42.5987990920031,-74.0274533331221,42.1280780117165,-74.7969567391764,2.9144186528278,2.6977379625278,2000.82426898749,2001.04094967779,1730000
352,42,2.564279629,40.4537560367486,-72.5715710494261,16.8197,-52.0872,5.4679689747278,2.9036893457278,2001.03022037069,2003.59449999969,1730000
352,41,8.621879629,40.4537560367486,-72.5715710494261,38.5507,-72.0547,11.5255689747278,2.9036893457278,2001.03022037069,2009.65209999969,1730000
353,43,6.520650322,42.1280780117165,-74.7969567391764,41.3386,-74.6671,9.4350689748278,2.9144186528278,2001.04094967779,2007.56159999979,1730000
353,354,0.00600821053400047,42.1280780117165,-74.7969567391764,42.4481570030748,-74.3842880935166,2.9204268633618,2.9144186528278,2001.04094967779,2001.04695788833,1730000
354,355,0.0410272609499991,42.4481570030748,-74.3842880935166,42.4660690102182,-74.4112359042324,2.9614541243118,2.9204268633618,2001.04695788833,2001.08798514928,1730000
354,356,1.739494256,42.4481570030748,-74.3842880935166,44.1545752142504,-74.7983459239302,4.6599211193618,2.9204268633618,2001.04695788833,2002.78645214433,1730000
355,45,3.50221485,42.4660690102182,-74.4112359042324,42.8383,-71.5993,6.4636689743118,2.9614541243118,2001.08798514928,2004.59019999928,1730000
355,44,1.62161485,42.4660690102182,-74.4112359042324,43.4102,-75.6187,4.5830689743118,2.9614541243118,2001.08798514928,2002.70959999928,1730000
356,47,4.213547855,44.1545752142504,-74.7983459239302,47.7102,-31.729,8.8734689743618,4.6599211193618,2002.78645214433,2006.99999999932,1730000
356,46,5.814647855,44.1545752142504,-74.7983459239302,59.2128,-70.9495,10.4745689743618,4.6599211193618,2002.78645214433,2008.60109999933,1730000
357,358,0.118827810300001,42.5177627167034,-73.8783370733596,43.5973976349829,-73.1951504654579,3.8740266134978,3.7551988031978,2001.88172982816,2002.00055763846,1730000
357,48,1.745670171,42.5177627167034,-73.8783370733596,41.716,-73.8524,5.5008689741978,3.7551988031978,2001.88172982816,2003.62739999916,1730000
358,49,2.999442361,43.5973976349829,-73.1951504654579,54.7681,-96.7143,6.8734689744978,3.8740266134978,2002.00055763846,2004.99999999946,1730000
358,50,6.614242361,43.5973976349829,-73.1951504654579,40.0473,-72.5818,10.4882689744978,3.8740266134978,2002.00055763846,2008.61479999946,1730000
359,360,0.0158943864400012,41.9226935218941,-74.9167364960038,41.5242222042988,-74.521369750354,2.6356109210168,2.6197165345768,2000.74624755954,2000.76214194598,1730000
359,52,1.95235244,41.9226935218941,-74.9167364960038,41.8533,-74.2555,4.5720689745768,2.6197165345768,2000.74624755954,2002.69859999954,1730000
360,361,0.0081681427479996,41.5242222042988,-74.521369750354,41.5161490463339,-74.57488536575,2.6437790637648,2.6356109210168,2000.76214194598,2000.77031008873,1730000
360,371,0.0221037208600006,41.5242222042988,-74.521369750354,41.3938755649575,-74.5763059614328,2.6577146418768,2.6356109210168,2000.76214194598,2000.78424566684,1730000
361,370,0.244739926899999,41.5161490463339,-74.57488536575,41.9060566455892,-76.3583292582388,2.8885189906648,2.6437790637648,2000.77031008873,2001.01505001563,1730000
361,362,0.0130884380299996,41.5161490463339,-74.57488536575,41.5973818635925,-74.6068490213948,2.6568675017948,2.6437790637648,2000.77031008873,2000.78339852676,1730000
362,364,0.00394698294600104,41.5973818635925,-74.6068490213948,41.6083564433566,-74.3832418984467,2.6608144847408,2.6568675017948,2000.78339852676,2000.7873455097,1730000
362,363,1.15483074,41.5973818635925,-74.6068490213948,43.4840798025423,-72.7317835472545,3.8116982417948,2.6568675017948,2000.78339852676,2001.93822926676,1730000
363,53,4.667270733,43.4840798025423,-72.7317835472545,43.3569,-71.8671,8.4789689747948,3.8116982417948,2001.93822926676,2006.60549999976,1730000
363,54,1.691870733,43.4840798025423,-72.7317835472545,42.1401,-72.4646,5.5035689747948,3.8116982417948,2001.93822926676,2003.63009999976,1730000
364,365,0.7273369118,41.6083564433566,-74.3832418984467,42.0012142374924,-70.7169985108539,3.3881513965408,2.6608144847408,2000.7873455097,2001.5146824215,1730000
364,366,0.05347559372,41.6083564433566,-74.3832418984467,41.4823511173131,-73.8576275750322,2.7142900784608,2.6608144847408,2000.7873455097,2000.84082110342,1730000
365,55,1.485317578,42.0012142374924,-70.7169985108539,3.021,-38.01,4.8734689745408,3.3881513965408,2001.5146824215,2002.9999999995,1730000
365,56,1.485317578,42.0012142374924,-70.7169985108539,3.7586,-36.5856,4.8734689745408,3.3881513965408,2001.5146824215,2002.9999999995,1730000
366,61,2.868778896,41.4823511173131,-73.8576275750322,41.3319,-73.153,5.5830689744608,2.7142900784608,2000.84082110342,2003.70959999942,1730000
366,367,1.356863579,41.4823511173131,-73.8576275750322,41.4391677390497,-73.4137183694325,4.0711536574608,2.7142900784608,2000.84082110342,2002.19768468242,1730000
367,60,4.465315318,41.4391677390497,-73.4137183694325,41.6376,-73.8924,8.5364689754608,4.0711536574608,2002.19768468242,2006.66300000042,1730000
367,368,0.890217959899999,41.4391677390497,-73.4137183694325,41.5697868636692,-73.1874654048264,4.9613716173608,4.0711536574608,2002.19768468242,2003.08790264232,1730000
368,59,1.343797358,41.5697868636692,-73.1874654048264,47.12,-66.7722,6.3051689753608,4.9613716173608,2003.08790264232,2004.43170000032,1730000
368,369,2.17807639,41.5697868636692,-73.1874654048264,40.8312860071936,-72.6472657048015,7.1394480073608,4.9613716173608,2003.08790264232,2005.26597903232,1730000
369,57,0.476520967699999,40.8312860071936,-72.6472657048015,41.5009,-73.5624,7.6159689750608,7.1394480073608,2005.26597903232,2005.74250000002,1730000
369,58,0.427220967699999,40.8312860071936,-72.6472657048015,41.4407,-73.8754,7.5666689750608,7.1394480073608,2005.26597903232,2005.69320000002,1730000
370,63,2.754849984,41.9060566455892,-76.3583292582388,36.1948,-75.7017,5.6433689746648,2.8885189906648,2001.01505001563,2003.76989999963,1730000
370,62,1.642449984,41.9060566455892,-76.3583292582388,41.5278,-77.1833,4.5309689746648,2.8885189906648,2001.01505001563,2002.65749999963,1730000
371,372,1.967993358,41.3938755649575,-74.5763059614328,41.4087756711477,-50.9818198460578,4.6257079998768,2.6577146418768,2000.78424566684,2002.75223902484,1730000
371,374,0.00739252269399948,41.3938755649575,-74.5763059614328,41.0914475522309,-74.0338766391174,2.6651071645708,2.6577146418768,2000.78424566684,2000.79163818953,1730000
372,373,0.0143529358500007,41.4087756711477,-50.9818198460578,41.7760014635961,-51.3842192054559,4.6400609357268,4.6257079998768,2002.75223902484,2002.76659196069,1730000
372,64,0.2477609747,41.4087756711477,-50.9818198460578,43.9157,19.3297,4.8734689745768,4.6257079998768,2002.75223902484,2002.99999999954,1730000
373,65,7.882708039,41.7760014635961,-51.3842192054559,49.3612,17.9341,12.5227689747268,4.6400609357268,2002.76659196069,2010.64929999969,1730000
373,66,0.2334080388,41.7760014635961,-51.3842192054559,41.6299,16.042,4.8734689745268,4.6400609357268,2002.76659196069,2002.99999999949,1730000
374,68,3.74666181,41.0914475522309,-74.0338766391174,41.3609,-73.3927,6.4117689745708,2.6651071645708,2000.79163818953,2004.53829999953,1730000
374,67,4.88506181,41.0914475522309,-74.0338766391174,38.753,-75.837,7.5501689745708,2.6651071645708,2000.79163818953,2005.67669999953,1730000
375,376,0.160885492499999,41.3391226215934,-91.9063692518005,41.0204954339694,-92.9239129982468,2.6132251333468,2.4523396408468,2000.57887066581,2000.73975615831,1730000
375,404,0.108834517599998,41.3391226215934,-91.9063692518005,41.2810337086369,-91.6297986412985,2.5611741584468,2.4523396408468,2000.57887066581,2000.68770518341,1730000
376,377,0.0336456585100002,41.0204954339694,-92.9239129982468,41.2004662081152,-92.85448413004,2.6468707918568,2.6132251333468,2000.73975615831,2000.77340181682,1730000
376,380,0.0500268646100004,41.0204954339694,-92.9239129982468,41.0867099078106,-93.553989008888,2.6632519979568,2.6132251333468,2000.73975615831,2000.78978302292,1730000
377,378,0.1103916045,41.2004662081152,-92.85448413004,41.1935408893661,-92.9995883236144,2.7572623963568,2.6468707918568,2000.77340181682,2000.88379342132,1730000
377,72,9.837598183,41.2004662081152,-92.85448413004,52.8864,0.38,12.4844689748568,2.6468707918568,2000.77340181682,2010.61099999982,1730000
378,71,3.690006578,41.1935408893661,-92.9995883236144,41.7788,-72.0232,6.4472689743568,2.7572623963568,2000.88379342132,2004.57379999932,1730000
378,379,6.952229579,41.1935408893661,-92.9995883236144,52.6025770903847,-77.1070926541295,9.7094919753568,2.7572623963568,2000.88379342132,2007.83602300032,1730000
379,70,2.758477,52.6025770903847,-77.1070926541295,57.6598,-61.0366,12.4679689753568,9.7094919753568,2007.83602300032,2010.59450000032,1730000
379,69,3.714677,52.6025770903847,-77.1070926541295,58.5241,-61.1117,13.4241689753568,9.7094919753568,2007.83602300032,2011.55070000032,1730000
380,402,0.0801700003899999,41.0867099078106,-93.553989008888,41.1048058491864,-93.4863755549393,2.7434219983468,2.6632519979568,2000.78978302292,2000.86995302331,1730000
380,381,0.000840155996998604,41.0867099078106,-93.553989008888,41.0889600725925,-93.5642886776226,2.6640921539538,2.6632519979568,2000.78978302292,2000.79062317892,1730000
381,399,1.188785815,41.0889600725925,-93.5642886776226,-6.29523933159878,-152.738052408109,3.8528779689538,2.6640921539538,2000.79062317892,2001.97940899392,1730000
381,382,0.301868806600002,41.0889600725925,-93.5642886776226,40.8552421093582,-118.796088737714,2.9659609605538,2.6640921539538,2000.79062317892,2001.09249198552,1730000
382,383,1.266359513,40.8552421093582,-118.796088737714,40.7480340682868,-111.088574823884,4.2323204735538,2.9659609605538,2001.09249198552,2002.35885149852,1730000
382,385,0.6435205043,40.8552421093582,-118.796088737714,40.9074318836497,-121.124573418316,3.6094814648538,2.9659609605538,2001.09249198552,2001.73601248982,1730000
383,384,0.4673658899,40.7480340682868,-111.088574823884,40.7665180139127,-111.025454143984,4.6996863634538,4.2323204735538,2002.35885149852,2002.82621738842,1730000
383,73,2.384348501,40.7480340682868,-111.088574823884,20.4786,-133.5874,6.6166689745538,4.2323204735538,2002.35885149852,2004.74319999952,1730000
384,75,0.751882611199999,40.7665180139127,-111.025454143984,40.5463,-108.7407,5.4515689746538,4.6996863634538,2002.82621738842,2003.57809999962,1730000
384,74,5.487982611,40.7665180139127,-111.025454143984,39.1313,-110.2795,10.1876689744538,4.6996863634538,2002.82621738842,2008.31419999942,1730000
385,76,3.26398751,40.9074318836497,-121.124573418316,41.8644,-131.663,6.8734689748538,3.6094814648538,2001.73601248982,2004.99999999982,1730000
385,386,0.291204901,40.9074318836497,-121.124573418316,40.7317076202672,-122.041275754293,3.9006863658538,3.6094814648538,2001.73601248982,2002.02721739082,1730000
386,387,0.535412566399998,40.7317076202672,-122.041275754293,40.7826306021669,-126.046802704243,4.4360989322538,3.9006863658538,2002.02721739082,2002.56262995722,1730000
386,394,0.00277899434799878,40.7317076202672,-122.041275754293,40.8425281574792,-122.296365625251,3.9034653602018,3.9006863658538,2002.02721739082,2002.02999638517,1730000
387,388,0.1826202586,40.7826306021669,-126.046802704243,41.1593942848575,-125.92991996038,4.6187191908538,4.4360989322538,2002.56262995722,2002.74525021582,1730000
387,390,0.2964543171,40.7826306021669,-126.046802704243,39.725148914254,-133.731806866763,4.7325532493538,4.4360989322538,2002.56262995722,2002.85908427432,1730000
388,389,0.308794888400001,41.1593942848575,-125.92991996038,40.9304322178933,-125.187852157036,4.9275140792538,4.6187191908538,2002.74525021582,2003.05404510422,1730000
388,77,1.254749784,41.1593942848575,-125.92991996038,42.1486,-129.8594,5.8734689748538,4.6187191908538,2002.74525021582,2003.99999999982,1730000
389,78,8.488454895,40.9304322178933,-125.187852157036,37.7087,-156.8088,13.4159689742538,4.9275140792538,2003.05404510422,2011.54249999922,1730000
389,79,6.126754895,40.9304322178933,-125.187852157036,45.3534,-159.5769,11.0542689742538,4.9275140792538,2003.05404510422,2009.18079999922,1730000
390,391,2.340371447,39.725148914254,-133.731806866763,35.1359102456012,-154.905363383818,7.0729246963538,4.7325532493538,2002.85908427432,2005.19945572132,1730000
390,393,1.228072858,39.725148914254,-133.731806866763,38.6544206101025,-145.762981524274,5.9606261073538,4.7325532493538,2002.85908427432,2004.08715713232,1730000
391,80,3.360644279,35.1359102456012,-154.905363383818,35.2648,-153.7524,10.4335689753538,7.0729246963538,2005.19945572132,2008.56010000032,1730000
391,392,0.0321302057099988,35.1359102456012,-154.905363383818,35.2334866841695,-154.903795052564,7.1050549020638,7.0729246963538,2005.19945572132,2005.23158592703,1730000
392,81,2.127314073,35.2334866841695,-154.903795052564,35.2945,-153.5804,9.2323689750638,7.1050549020638,2005.23158592703,2007.35890000003,1730000
392,82,3.705614073,35.2334866841695,-154.903795052564,34.9859,-154.7665,10.8106689750638,7.1050549020638,2005.23158592703,2008.93720000003,1730000
393,83,2.584042868,38.6544206101025,-145.762981524274,37.6929,-161.0371,8.5446689753538,5.9606261073538,2004.08715713232,2006.67120000032,1730000
393,84,6.493642868,38.6544206101025,-145.762981524274,36.8155,-157.2091,12.4542689753538,5.9606261073538,2004.08715713232,2010.58080000032,1730000
394,395,0.1049230319,40.8425281574792,-122.296365625251,41.3587278458306,-124.337570306252,4.0083883921018,3.9034653602018,2002.02999638517,2002.13491941707,1730000
394,397,0.4125666478,40.8425281574792,-122.296365625251,41.2144716951148,-122.710549684615,4.3160320080018,3.9034653602018,2002.02999638517,2002.44256303296,1730000
395,396,0.03396388002,41.3587278458306,-124.337570306252,41.5132880717776,-126.333643949425,4.0423522721218,4.0083883921018,2002.13491941707,2002.16888329709,1730000
395,85,1.865080583,41.3587278458306,-124.337570306252,46.122,-111.0184,5.8734689751018,4.0083883921018,2002.13491941707,2004.00000000007,1730000
396,87,0.831116702500001,41.5132880717776,-126.333643949425,40.692,-130.5844,4.8734689746218,4.0423522721218,2002.16888329709,2002.99999999959,1730000
396,86,0.831116702500001,41.5132880717776,-126.333643949425,44.5115,-136.9958,4.8734689746218,4.0423522721218,2002.16888329709,2002.99999999959,1730000
397,398,2.570183893,41.2144716951148,-122.710549684615,43.3249291056432,-130.516925001207,6.8862159010018,4.3160320080018,2002.44256303296,2005.01274692597,1730000
397,90,1.557436967,41.2144716951148,-122.710549684615,45.8293,-137.3819,5.8734689750018,4.3160320080018,2002.44256303296,2003.99999999996,1730000
398,89,2.461253074,43.3249291056432,-130.516925001207,46.2103,-133.4688,9.3474689750018,6.8862159010018,2005.01274692597,2007.47399999997,1730000
398,88,2.751653074,43.3249291056432,-130.516925001207,42.9181,-129.2898,9.6378689750018,6.8862159010018,2005.01274692597,2007.76439999997,1730000
399,91,1.020591005,-6.29523933159878,-152.738052408109,-6.1784,-159.7441,4.8734689739538,3.8528779689538,2001.97940899392,2002.99999999892,1730000
399,400,0.7455814982,-6.29523933159878,-152.738052408109,-6.19690604436103,-153.453890909506,4.5984594671538,3.8528779689538,2001.97940899392,2002.72499049212,1730000
400,401,0.0972136936799988,-6.19690604436103,-153.453890909506,-6.09885762731896,-154.43589633637,4.6956731608338,4.5984594671538,2002.72499049212,2002.8222041858,1730000
400,92,0.2750095072,-6.19690604436103,-153.453890909506,-5.7212,-153.1372,4.8734689743538,4.5984594671538,2002.72499049212,2002.99999999932,1730000
401,94,0.177795813500001,-6.09885762731896,-154.43589633637,-5.2895,-154.0035,4.8734689743338,4.6956731608338,2002.8222041858,2002.9999999993,1730000
401,93,0.177795813500001,-6.09885762731896,-154.43589633637,-5.3629,-153.4914,4.8734689743338,4.6956731608338,2002.8222041858,2002.9999999993,1730000
402,403,0.100247402499999,41.1048058491864,-93.4863755549393,40.9382599426388,-94.1759001707204,2.8436694008468,2.7434219983468,2000.86995302331,2000.97020042581,1730000
402,97,4.793046976,41.1048058491864,-93.4863755549393,38.6718,-111.1473,7.5364689743468,2.7434219983468,2000.86995302331,2005.66299999931,1730000
403,96,3.029799574,40.9382599426388,-94.1759001707204,37.0495,-103.048,5.8734689748468,2.8436694008468,2000.97020042581,2003.99999999981,1730000
403,95,3.622699574,40.9382599426388,-94.1759001707204,35.02,-102.5533,6.4663689748468,2.8436694008468,2000.97020042581,2004.59289999981,1730000
404,407,0.0936669643300014,41.2810337086369,-91.6297986412985,41.8776333390806,-90.2063829392247,2.6548411227768,2.5611741584468,2000.68770518341,2000.78137214774,1730000
404,405,0.3485654258,41.2810337086369,-91.6297986412985,41.3558930148781,-91.6684140399929,2.9097395842468,2.5611741584468,2000.68770518341,2001.03627060921,1730000
405,98,10.64862939,41.3558930148781,-91.6684140399929,42.4323,-77.0938,13.5583689742468,2.9097395842468,2001.03627060921,2011.68489999921,1730000
405,406,0.0612202625999991,41.3558930148781,-91.6684140399929,42.1145569413354,-91.8505341416453,2.9709598468468,2.9097395842468,2001.03627060921,2001.09749087181,1730000
406,99,3.585609128,42.1145569413354,-91.8505341416453,39.3982,-69.1494,6.5565689748468,2.9709598468468,2001.09749087181,2004.68309999981,1730000
406,100,9.609309128,42.1145569413354,-91.8505341416453,41.2544,-75.4142,12.5802689748468,2.9709598468468,2001.09749087181,2010.70679999981,1730000
407,105,3.218627852,41.8776333390806,-90.2063829392247,41.1664,-37.0434,5.8734689747768,2.6548411227768,2000.78137214774,2003.99999999974,1730000
407,408,0.147341304099999,41.8776333390806,-90.2063829392247,41.9316225117055,-90.3722336246979,2.8021824268768,2.6548411227768,2000.78137214774,2000.92871345184,1730000
408,101,6.709686548,41.9316225117055,-90.3722336246979,43.1689,-75.6573,9.5118689748768,2.8021824268768,2000.92871345184,2007.63839999984,1730000
408,409,6.67479273,41.9316225117055,-90.3722336246979,51.6397528919631,-80.0136580599838,9.4769751568768,2.8021824268768,2000.92871345184,2007.60350618184,1730000
409,102,1.084993818,51.6397528919631,-80.0136580599838,51.454,-79.6848,10.5619689748768,9.4769751568768,2007.60350618184,2008.68849999984,1730000
409,410,0.353396312099999,51.6397528919631,-80.0136580599838,51.6129353605283,-79.3196461982068,9.8303714689768,9.4769751568768,2007.60350618184,2007.95690249394,1730000
410,103,1.651297506,51.6129353605283,-79.3196461982068,51.923,-79.9819,11.4816689749768,9.8303714689768,2007.95690249394,2009.60819999994,1730000
410,104,0.6933975058,51.6129353605283,-79.3196461982068,51.6773,-78.5367,10.5237689747768,9.8303714689768,2007.95690249394,2008.65029999974,1730000
411,412,0.696792008999999,38.6651863467574,-72.5921506497451,41.3775860333786,-74.5557157052771,2.6053184544568,1.9085264454568,2000.03505747042,2000.73184947942,1730000
411,438,1.063506255,38.6651863467574,-72.5921506497451,34.5510437672282,-62.6177878658117,2.9720327004568,1.9085264454568,2000.03505747042,2001.09856372542,1730000
412,427,0.0459056830400009,41.3775860333786,-74.5557157052771,41.4684360897229,-75.1209585154321,2.6512241374968,2.6053184544568,2000.73184947942,2000.77775516246,1730000
412,413,0.0471010851799996,41.3775860333786,-74.5557157052771,41.1253941943248,-73.977416897158,2.6524195396368,2.6053184544568,2000.73184947942,2000.7789505646,1730000
413,414,0.0438701658600014,41.1253941943248,-73.977416897158,41.3064758087308,-74.3801922092337,2.6962897054968,2.6524195396368,2000.7789505646,2000.82282073046,1730000
413,424,0.00358865249600093,41.1253941943248,-73.977416897158,41.1127923833273,-73.9544681918177,2.6560081921328,2.6524195396368,2000.7789505646,2000.7825392171,1730000
414,415,0.0798923868599992,41.3064758087308,-74.3801922092337,41.7865026090467,-74.430814242281,2.7761820923568,2.6962897054968,2000.82282073046,2000.90271311732,1730000
414,116,2.790879269,41.3064758087308,-74.3801922092337,41.8037,-75.0224,5.4871689744968,2.6962897054968,2000.82282073046,2003.61369999946,1730000
415,115,4.645186882,41.7865026090467,-74.430814242281,41.0072,-73.5403,7.4213689743568,2.7761820923568,2000.90271311732,2005.54789999932,1730000
415,416,0.183834519300001,41.7865026090467,-74.430814242281,41.8591205264953,-74.3319024992835,2.9600166116568,2.7761820923568,2000.90271311732,2001.08654763662,1730000
416,417,0.0295325411599983,41.8591205264953,-74.3319024992835,41.7718185211919,-74.1780898936993,2.9895491528168,2.9600166116568,2001.08654763662,2001.11608017778,1730000
416,106,2.601152363,41.8591205264953,-74.3319024992835,40.7537,-73.3655,5.5611689746568,2.9600166116568,2001.08654763662,2003.68769999962,1730000
417,418,0.8593768673,41.7718185211919,-74.1780898936993,42.3125339093767,-74.009515466318,3.8489260201168,2.9895491528168,2001.11608017778,2001.97545704508,1730000
417,114,2.533219822,41.7718185211919,-74.1780898936993,41.1257,-73.8014,5.5227689748168,2.9895491528168,2001.11608017778,2003.64929999978,1730000
418,107,1.676642955,42.3125339093767,-74.009515466318,41.1487,-73.2921,5.5255689751168,3.8489260201168,2001.97545704508,2003.65210000008,1730000
418,419,0.0413285743000014,42.3125339093767,-74.009515466318,42.4177605361656,-74.046335032145,3.8902545944168,3.8489260201168,2001.97545704508,2002.01678561938,1730000
419,420,0.693814591899999,42.4177605361656,-74.046335032145,44.6992206061573,-77.3646602642155,4.5840691863168,3.8902545944168,2002.01678561938,2002.71060021128,1730000
419,108,1.72571438,42.4177605361656,-74.046335032145,41.6594,-74.0038,5.6159689744168,3.8902545944168,2002.01678561938,2003.74249999938,1730000
420,421,1.041497856,44.6992206061573,-77.3646602642155,44.4871803707531,-77.2920375138958,5.6255670423168,4.5840691863168,2002.71060021128,2003.75209806728,1730000
420,422,0.734171936300001,44.6992206061573,-77.3646602642155,46.714139019136,-81.7252786470433,5.3182411226168,4.5840691863168,2002.71060021128,2003.44477214758,1730000
421,109,0.936401932800001,44.4871803707531,-77.2920375138958,43.4156,-72.6768,6.5619689751168,5.6255670423168,2003.75209806728,2004.68850000008,1730000
421,110,3.809501933,44.4871803707531,-77.2920375138958,45.3552,-78.9745,9.4350689753168,5.6255670423168,2003.75209806728,2007.56160000028,1730000
422,423,1.766943005,46.714139019136,-81.7252786470433,43.16875530088,-72.2668367899794,7.0851841276168,5.3182411226168,2003.44477214758,2005.21171515258,1730000
422,113,3.262027852,46.714139019136,-81.7252786470433,40.4291,-79.9544,8.5802689746168,5.3182411226168,2003.44477214758,2006.70679999958,1730000
423,111,0.407484847499999,43.16875530088,-72.2668367899794,42.4584,-72.4842,7.4926689751168,7.0851841276168,2005.21171515258,2005.61920000008,1730000
423,112,0.5307848475,43.16875530088,-72.2668367899794,42.7713,-70.2459,7.6159689751168,7.0851841276168,2005.21171515258,2005.74250000008,1730000
424,425,0.0189979893499999,41.1127923833273,-73.9544681918177,42.1849206527468,-74.6469014581403,2.6750061814828,2.6560081921328,2000.7825392171,2000.80153720645,1730000
424,117,2.850360782,41.1127923833273,-73.9544681918177,41.1359,-73.6552,5.5063689741328,2.6560081921328,2000.7825392171,2003.6328999991,1730000
425,426,0.216604917,42.1849206527468,-74.6469014581403,41.9835053565246,-74.6958456598131,2.8916110984828,2.6750061814828,2000.80153720645,2001.01814212345,1730000
425,118,1.888862793,42.1849206527468,-74.6469014581403,28.6344,-56.9624,4.5638689744828,2.6750061814828,2000.80153720645,2002.69039999945,1730000
426,119,2.685957876,41.9835053565246,-74.6958456598131,42.1188,-74.9204,5.5775689744828,2.8916110984828,2001.01814212345,2003.70409999945,1730000
426,120,0.7407578761,41.9835053565246,-74.6958456598131,45.6593,-62.3331,3.6323689745828,2.8916110984828,2001.01814212345,2001.75889999955,1730000
427,428,0.00730664778500056,41.4684360897229,-75.1209585154321,41.4675842225355,-75.2107668539977,2.6585307852818,2.6512241374968,2000.77775516246,2000.78506181024,1730000
427,437,0.3513963679,41.4684360897229,-75.1209585154321,40.9362708826375,-73.0374046919858,3.0026205053968,2.6512241374968,2000.77775516246,2001.12915153036,1730000
428,433,0.431404483999998,41.4675842225355,-75.2107668539977,41.7309319022613,-75.1324886329144,3.0899352692818,2.6585307852818,2000.78506181024,2001.21646629425,1730000
428,429,0.0578644587399992,41.4675842225355,-75.2107668539977,41.7987614416299,-74.9811569631707,2.7163952440218,2.6585307852818,2000.78506181024,2000.84292626899,1730000
429,430,0.2664679803,41.7987614416299,-74.9811569631707,41.2352062153101,-73.5145464944587,2.9828632243218,2.7163952440218,2000.84292626899,2001.10939424929,1730000
429,125,1.894073731,41.7987614416299,-74.9811569631707,41.2371,-74.9906,4.6104689750218,2.7163952440218,2000.84292626899,2002.73699999999,1730000
430,431,0.7255201551,41.2352062153101,-73.5145464944587,41.1915942138927,-74.1063425441374,3.7083833794218,2.9828632243218,2001.10939424929,2001.83491440439,1730000
430,432,0.863100127999999,41.2352062153101,-73.5145464944587,40.9610495124172,-74.2189825505808,3.8459633523218,2.9828632243218,2001.10939424929,2001.97249437729,1730000
431,122,0.7979855951,41.1915942138927,-74.1063425441374,41.0685,-73.7963,4.5063689745218,3.7083833794218,2001.83491440439,2002.63289999949,1730000
431,121,1.732185595,41.1915942138927,-74.1063425441374,44.2605,-87.8691,5.4405689744218,3.7083833794218,2001.83491440439,2003.56709999938,1730000
432,123,3.109705622,40.9610495124172,-74.2189825505808,41.5419,-74.0683,6.9556689743218,3.8459633523218,2001.97249437729,2005.08219999928,1730000
432,124,4.630205622,40.9610495124172,-74.2189825505808,41.4731,-74.6007,8.4761689743218,3.8459633523218,2001.97249437729,2006.60269999929,1730000
433,434,2.823081763,41.7309319022613,-75.1324886329144,43.3842546608923,-70.8169933793832,5.9130170322818,3.0899352692818,2001.21646629425,2004.03954805724,1730000
433,436,0.818763306900001,41.7309319022613,-75.1324886329144,41.1470566278014,-73.857359699386,3.9086985761818,3.0899352692818,2001.21646629425,2002.03522960115,1730000
434,435,1.210900314,43.3842546608923,-70.8169933793832,41.7648908052312,-73.5559916775958,7.1239173462818,5.9130170322818,2004.03954805724,2005.25044837125,1730000
434,126,2.486451943,43.3842546608923,-70.8169933793832,42.4376,-71.8625,8.3994689752818,5.9130170322818,2004.03954805724,2006.52600000024,1730000
435,128,1.390651628,41.7648908052312,-73.5559916775958,41.9396,-74.2779,8.5145689742818,7.1239173462818,2005.25044837125,2006.64109999924,1730000
435,127,0.2865516285,41.7648908052312,-73.5559916775958,41.8644,-74.0538,7.4104689747818,7.1239173462818,2005.25044837125,2005.53699999975,1730000
436,130,3.663370398,41.1470566278014,-73.857359699386,41.4432,-74.3964,7.5720689741818,3.9086985761818,2002.03522960115,2005.69859999915,1730000
436,129,2.705170398,41.1470566278014,-73.857359699386,41.3279,-74.282,6.6138689741818,3.9086985761818,2002.03522960115,2004.74039999914,1730000
437,131,5.451648469,40.9362708826375,-73.0374046919858,41.4387,-74.0454,8.4542689743968,3.0026205053968,2001.12915153036,2006.58079999936,1730000
437,132,1.490048469,40.9362708826375,-73.0374046919858,41.4401,-74.4338,4.4926689743968,3.0026205053968,2001.12915153036,2002.61919999936,1730000
438,439,0.761473538099999,34.5510437672282,-62.6177878658117,34.6555596654818,-62.2203038905406,3.7335062385568,2.9720327004568,2001.09856372542,2001.86003726352,1730000
438,440,0.116330679199999,34.5510437672282,-62.6177878658117,31.9300967865917,-58.5757801462282,3.0883633796568,2.9720327004568,2001.09856372542,2001.21489440462,1730000
439,133,0.139962735800001,34.6555596654818,-62.2203038905406,34.2503,-62.2512,3.8734689743568,3.7335062385568,2001.86003726352,2001.99999999932,1730000
439,134,7.833162736,34.6555596654818,-62.2203038905406,32.8739,-61.1556,11.5666689745568,3.7335062385568,2001.86003726352,2009.69319999952,1730000
440,135,7.361605595,31.9300967865917,-58.5757801462282,32.6537,-62.4788,10.4499689746568,3.0883633796568,2001.21489440462,2008.57649999962,1730000
440,441,0.742965657800001,31.9300967865917,-58.5757801462282,27.2701349986092,-53.8284983772925,3.8313290374568,3.0883633796568,2001.21489440462,2001.95786006242,1730000
441,456,0.0372806244500001,27.2701349986092,-53.8284983772925,27.5849317073124,-53.1388800056821,3.8686096619068,3.8313290374568,2001.95786006242,2001.99514068687,1730000
441,442,0.00329073279299941,27.2701349986092,-53.8284983772925,27.2222674769899,-53.7915794736032,3.8346197702498,3.8313290374568,2001.95786006242,2001.96115079521,1730000
442,443,0.210998586600001,27.2222674769899,-53.7915794736032,27.4742144819214,-53.149257333069,4.0456183568498,3.8346197702498,2001.96115079521,2002.17214938181,1730000
442,445,0.0677334119299999,27.2222674769899,-53.7915794736032,26.8847280505208,-55.3794906095744,3.9023531821798,3.8346197702498,2001.96115079521,2002.02888420714,1730000
443,136,0.827850617499999,27.4742144819214,-53.149257333069,29.0069,-52.0032,4.8734689743498,4.0456183568498,2002.17214938181,2002.99999999931,1730000
443,444,1.542518838,27.4742144819214,-53.149257333069,27.634616680249,-52.4551794775486,5.5881371948498,4.0456183568498,2002.17214938181,2003.71466821981,1730000
444,137,0.7853317797,27.634616680249,-52.4551794775486,28.0854,-51.4161,6.3734689745498,5.5881371948498,2003.71466821981,2004.49999999951,1730000
444,138,0.5695317797,27.634616680249,-52.4551794775486,27.8252,-50.3779,6.1576689745498,5.5881371948498,2003.71466821981,2004.28419999951,1730000
445,454,0.7343000463,26.8847280505208,-55.3794906095744,22.8049534986613,-64.1491448974784,4.6366532284798,3.9023531821798,2002.02888420714,2002.76318425344,1730000
445,446,0.6874432567,26.8847280505208,-55.3794906095744,26.6960874494025,-55.0262290826243,4.5897964388798,3.9023531821798,2002.02888420714,2002.71632746384,1730000
446,447,0.022610531989999,26.6960874494025,-55.0262290826243,27.3437384891381,-55.1062466963256,4.6124069708698,4.5897964388798,2002.71632746384,2002.73893799583,1730000
446,147,1.936672535,26.6960874494025,-55.0262290826243,28.7179,-57.2052,6.5264689738798,4.5897964388798,2002.71632746384,2004.65299999884,1730000
447,448,0.0115565595500016,27.3437384891381,-55.1062466963256,27.1873834555379,-54.7380314087505,4.6239635304198,4.6124069708698,2002.73893799583,2002.75049455538,1730000
447,452,2.459484323,27.3437384891381,-55.1062466963256,26.3865758080062,-50.3491412605624,7.0718912938698,4.6124069708698,2002.73893799583,2005.19842231883,1730000
448,139,1.787805444,27.1873834555379,-54.7380314087505,27.3202,-54.6013,6.4117689744198,4.6239635304198,2002.75049455538,2004.53829999938,1730000
448,449,0.115574406499999,27.1873834555379,-54.7380314087505,26.8979949170576,-52.9626263652526,4.7395379369198,4.6239635304198,2002.75049455538,2002.86606896188,1730000
449,143,2.783231037,26.8979949170576,-52.9626263652526,27.0328,-53.2513,7.5227689739198,4.7395379369198,2002.86606896188,2005.64929999888,1730000
449,450,0.9187110656,26.8979949170576,-52.9626263652526,27.3569708881899,-51.9157384570037,5.6582490025198,4.7395379369198,2002.86606896188,2003.78478002748,1730000
450,451,0.1160977137,27.3569708881899,-51.9157384570037,27.5702652648735,-52.8910248104614,5.7743467162198,5.6582490025198,2003.78478002748,2003.90087774118,1730000
450,140,1.919319972,27.3569708881899,-51.9157384570037,27.3379,-51.7648,7.5775689745198,5.6582490025198,2003.78478002748,2005.70409999948,1730000
451,141,4.831322258,27.5702652648735,-52.8910248104614,25.3774,-60.7653,10.6056689742198,5.7743467162198,2003.90087774118,2008.73219999918,1730000
451,142,0.659222258100002,27.5702652648735,-52.8910248104614,26.9637,-52.5646,6.4335689743198,5.7743467162198,2003.90087774118,2004.56009999928,1730000
452,144,0.207077679999999,26.3865758080062,-50.3491412605624,27.1342,-50.5009,7.2789689738698,7.0718912938698,2005.19842231883,2005.40549999883,1730000
452,453,0.0398146194099986,26.3865758080062,-50.3491412605624,26.3927237235462,-50.5297683158335,7.1117059132798,7.0718912938698,2005.19842231883,2005.23823693824,1730000
453,146,0.246663060600001,26.3927237235462,-50.5297683158335,25.3674,-50.2896,7.3583689738798,7.1117059132798,2005.23823693824,2005.48489999884,1730000
453,145,0.224763060600001,26.3927237235462,-50.5297683158335,26.3944,-50.8203,7.3364689738798,7.1117059132798,2005.23823693824,2005.46299999884,1730000
454,148,1.851615746,22.8049534986613,-64.1491448974784,23.0126,-67.4432,6.4882689744798,4.6366532284798,2002.76318425344,2004.61479999944,1730000
454,455,1.695790415,22.8049534986613,-64.1491448974784,22.5592405428283,-65.9089590782097,6.3324436434798,4.6366532284798,2002.76318425344,2004.45897466844,1730000
455,150,1.075225331,22.5592405428283,-65.9089590782097,22.1765,-66.0394,7.4076689744798,6.3324436434798,2004.45897466844,2005.53419999944,1730000
455,149,1.105425331,22.5592405428283,-65.9089590782097,22.2399,-66.5915,7.4378689744798,6.3324436434798,2004.45897466844,2005.56439999944,1730000
456,457,0.7274228774,27.5849317073124,-53.1388800056821,26.9212772035919,-52.289789485608,4.5960325393068,3.8686096619068,2001.99514068687,2002.72256356427,1730000
456,157,1.004859312,27.5849317073124,-53.1388800056821,27.4669,-52.5055,4.8734689739068,3.8686096619068,2001.99514068687,2002.99999999887,1730000
457,458,0.100629260399998,26.9212772035919,-52.289789485608,26.6547716103574,-50.8015323155422,4.6966617997068,4.5960325393068,2002.72256356427,2002.82319282467,1730000
457,151,2.767836435,26.9212772035919,-52.289789485608,26.7994,-52.0355,7.3638689743068,4.5960325393068,2002.72256356427,2005.49039999927,1730000
458,460,0.227258820600001,26.6547716103574,-50.8015323155422,26.1574521364757,-51.5204161373355,4.9239206203068,4.6966617997068,2002.82319282467,2003.05045164527,1730000
458,459,6.200192738,26.6547716103574,-50.8015323155422,26.2028222615187,-50.9554137159524,10.8968545377068,4.6966617997068,2002.82319282467,2009.02338556267,1730000
459,153,1.998514436,26.2028222615187,-50.9554137159524,26.0549,-51.343,12.8953689737068,10.8968545377068,2009.02338556267,2011.02189999867,1730000
459,152,1.998514436,26.2028222615187,-50.9554137159524,25.9667,-51.5197,12.8953689737068,10.8968545377068,2009.02338556267,2011.02189999867,1730000
460,461,0.0681665239400004,26.1574521364757,-51.5204161373355,27.494349882067,-51.9286420379754,4.9920871442468,4.9239206203068,2003.05045164527,2003.11861816921,1730000
460,156,2.530348354,26.1574521364757,-51.5204161373355,25.9499,-51.9605,7.4542689743068,4.9239206203068,2003.05045164527,2005.58079999927,1730000
461,154,7.98818183,27.494349882067,-51.9286420379754,26.8398,-49.3233,12.9802689742468,4.9920871442468,2003.11861816921,2011.10679999921,1730000
461,155,4.44578183,27.494349882067,-51.9286420379754,33.066,-54.5794,9.4378689742468,4.9920871442468,2003.11861816921,2007.56439999921,1730000
462,474,0.413575766400001,40.8207791124003,-76.6969470678191,41.3023849109097,-73.8008572240489,2.3168682794168,1.9032925130168,2000.02982353798,2000.44339930438,1730000
462,463,0.7668709129,40.8207791124003,-76.6969470678191,40.9692752016666,-75.9966447553271,2.6701634259168,1.9032925130168,2000.02982353798,2000.79669445088,1730000
463,158,1.901905549,40.9692752016666,-75.9966447553271,38.897,-69.8622,4.5720689749168,2.6701634259168,2000.79669445088,2002.69859999988,1730000
463,464,0.0431741767599991,40.9692752016666,-75.9966447553271,40.9553624842069,-75.0794596978591,2.7133376026768,2.6701634259168,2000.79669445088,2000.83986862764,1730000
464,472,0.3549402286,40.9553624842069,-75.0794596978591,42.5253833880379,-75.8066388794315,3.0682778312768,2.7133376026768,2000.83986862764,2001.19480885624,1730000
464,465,0.192327603400001,40.9553624842069,-75.0794596978591,42.5754226054654,-76.8957341885856,2.9056652060768,2.7133376026768,2000.83986862764,2001.03219623104,1730000
465,468,0.0431385682999981,42.5754226054654,-76.8957341885856,43.8325149377359,-76.9503489634992,2.9488037743768,2.9056652060768,2001.03219623104,2001.07533479934,1730000
465,466,1.696740317,42.5754226054654,-76.8957341885856,41.4184382488233,-74.4481391534008,4.6024055230768,2.9056652060768,2001.03219623104,2002.72893654804,1730000
466,161,2.027863452,41.4184382488233,-74.4481391534008,40.8837,-74.0178,6.6302689750768,4.6024055230768,2002.72893654804,2004.75680000004,1730000
466,467,0.286423341199999,41.4184382488233,-74.4481391534008,41.4568992696245,-74.3115858286599,4.8888288642768,4.6024055230768,2002.72893654804,2003.01535988924,1730000
467,160,3.696940111,41.4568992696245,-74.3115858286599,41.5174,-74.7739,8.5857689752768,4.8888288642768,2003.01535988924,2006.71230000024,1730000
467,159,0.6175401105,41.4568992696245,-74.3115858286599,41.0314,-74.6381,5.5063689747768,4.8888288642768,2003.01535988924,2003.63289999974,1730000
468,469,1.669860952,43.8325149377359,-76.9503489634992,40.2100548883607,-72.1582323475222,4.6186647263768,2.9488037743768,2001.07533479934,2002.74519575134,1730000
468,470,0.8851333507,43.8325149377359,-76.9503489634992,42.5749944975168,-78.3445199731436,3.8339371250768,2.9488037743768,2001.07533479934,2001.96046815004,1730000
469,162,1.002704248,40.2100548883607,-72.1582323475222,40.1486,-72.975,5.6213689743768,4.6186647263768,2002.74519575134,2003.74789999934,1730000
469,163,0.254804247799999,40.2100548883607,-72.1582323475222,39.9309,-72.9512,4.8734689741768,4.6186647263768,2002.74519575134,2002.99999999914,1730000
470,471,5.272647277,42.5749944975168,-78.3445199731436,43.1546813723372,-76.6470381167977,9.1065844020768,3.8339371250768,2001.96046815004,2007.23311542704,1730000
470,164,1.78473185,42.5749944975168,-78.3445199731436,45.0361,-89.3709,5.6186689750768,3.8339371250768,2001.96046815004,2003.74520000004,1730000
471,165,4.410684572,43.1546813723372,-76.6470381167977,41.1185,-67.9682,13.5172689740768,9.1065844020768,2007.23311542704,2011.64379999904,1730000
471,166,4.276484572,43.1546813723372,-76.6470381167977,40.7607,-69.9824,13.3830689740768,9.1065844020768,2007.23311542704,2011.50959999904,1730000
472,473,2.537255627,42.5253833880379,-75.8066388794315,42.2221193498069,-75.7469063198013,5.6055334582768,3.0682778312768,2001.19480885624,2003.73206448324,1730000
472,169,6.402491143,42.5253833880379,-75.8066388794315,41.2083,-74.6507,9.4707689742768,3.0682778312768,2001.19480885624,2007.59729999924,1730000
473,167,3.267935517,42.2221193498069,-75.7469063198013,46.7086,-83.3283,8.8734689752768,5.6055334582768,2003.73206448324,2007.00000000024,1730000
473,168,2.928235517,42.2221193498069,-75.7469063198013,40.9577,-73.2336,8.5337689752768,5.6055334582768,2003.73206448324,2006.66030000024,1730000
474,535,0.098451459329997,41.3023849109097,-73.8008572240489,41.376740270105,-73.9733094295022,2.4153197387468,2.3168682794168,2000.44339930438,2000.54185076371,1730000
474,475,0.0865881940499982,41.3023849109097,-73.8008572240489,40.798458831789,-73.2763677882821,2.4034564734668,2.3168682794168,2000.44339930438,2000.52998749843,1730000
475,476,0.1355067138,40.798458831789,-73.2763677882821,40.6794080903238,-72.9756226412793,2.5389631872668,2.4034564734668,2000.52998749843,2000.66549421223,1730000
475,529,0.170209379199999,40.798458831789,-73.2763677882821,40.587849703671,-73.381990257802,2.5736658526668,2.4034564734668,2000.52998749843,2000.70019687763,1730000
476,526,0.1152145409,40.6794080903238,-72.9756226412793,41.039723273265,-69.9551573377407,2.6541777281668,2.5389631872668,2000.66549421223,2000.78070875313,1730000
476,477,0.027374696819999,40.6794080903238,-72.9756226412793,40.9489364645137,-73.5478751789718,2.5663378840868,2.5389631872668,2000.66549421223,2000.69286890905,1730000
477,478,0.0170745370000009,40.9489364645137,-73.5478751789718,41.5671452186726,-73.5462037179476,2.5834124210868,2.5663378840868,2000.69286890905,2000.70994344605,1730000
477,493,0.0398745689500011,40.9489364645137,-73.5478751789718,39.7904549673314,-72.5770093283481,2.6062124530368,2.5663378840868,2000.69286890905,2000.732743478,1730000
478,485,0.0160101989000001,41.5671452186726,-73.5462037179476,41.4286423485561,-73.236654358189,2.5994226199868,2.5834124210868,2000.70994344605,2000.72595364495,1730000
478,479,0.0466898409799992,41.5671452186726,-73.5462037179476,41.5500300158244,-73.5461513940529,2.6301022620668,2.5834124210868,2000.70994344605,2000.75663328703,1730000
479,170,5.887166713,41.5500300158244,-73.5461513940529,41.6509,-74.2068,8.5172689750668,2.6301022620668,2000.75663328703,2006.64380000003,1730000
479,480,0.0331083806300008,41.5500300158244,-73.5461513940529,41.5543533469669,-73.3452308871834,2.6632106426968,2.6301022620668,2000.75663328703,2000.78974166766,1730000
480,176,0.8513583319,41.5543533469669,-73.3452308871834,47.2305,-65.2478,3.5145689745968,2.6632106426968,2000.78974166766,2001.64109999956,1730000
480,481,0.0604169555200009,41.5543533469669,-73.3452308871834,41.632810956239,-74.6553239947212,2.7236275982168,2.6632106426968,2000.78974166766,2000.85015862318,1730000
481,171,7.802841376,41.632810956239,-74.6553239947212,66.4311,-70.8799,10.5264689742168,2.7236275982168,2000.85015862318,2008.65299999918,1730000
481,482,0.322648707599999,41.632810956239,-74.6553239947212,41.8830536422402,-75.0900595908304,3.0462763058168,2.7236275982168,2000.85015862318,2001.17280733078,1730000
482,172,6.544992669,41.8830536422402,-75.0900595908304,42.3378,-75.3791,9.5912689748168,3.0462763058168,2001.17280733078,2007.71779999978,1730000
482,483,0.0558253730599994,41.8830536422402,-75.0900595908304,41.948232493873,-73.786156463543,3.1021016788768,3.0462763058168,2001.17280733078,2001.22863270384,1730000
483,175,1.489167296,41.948232493873,-73.786156463543,41.7812,-72.6397,4.5912689748768,3.1021016788768,2001.22863270384,2002.71779999984,1730000
483,484,1.816983072,41.948232493873,-73.786156463543,40.5355767728019,-68.5103912778719,4.9190847508768,3.1021016788768,2001.22863270384,2003.04561577584,1730000
484,174,0.587284223700001,40.5355767728019,-68.5103912778719,40.7934,-67.9347,5.5063689745768,4.9190847508768,2003.04561577584,2003.63289999954,1730000
484,173,0.587284223700001,40.5355767728019,-68.5103912778719,37.1604,-68.3724,5.5063689745768,4.9190847508768,2003.04561577584,2003.63289999954,1730000
485,486,0.0919799830599999,41.4286423485561,-73.236654358189,41.3612108260587,-73.3659912159371,2.6914026030468,2.5994226199868,2000.72595364495,2000.81793362801,1730000
485,490,0.0549888656200004,41.4286423485561,-73.236654358189,41.9897906996392,-73.597796429164,2.6544114856068,2.5994226199868,2000.72595364495,2000.78094251057,1730000
486,177,1.877966372,41.3612108260587,-73.3659912159371,40.8384,-76.9772,4.5693689750468,2.6914026030468,2000.81793362801,2002.69590000001,1730000
486,487,4.472949853,41.3612108260587,-73.3659912159371,43.5819199070444,-72.1729691425276,7.1643524560468,2.6914026030468,2000.81793362801,2005.29088348101,1730000
487,488,1.507403103,43.5819199070444,-72.1729691425276,43.3756184650572,-70.2219445511008,8.6717555590468,7.1643524560468,2005.29088348101,2006.79828658401,1730000
487,178,1.402316518,43.5819199070444,-72.1729691425276,42.6705,-67.6908,8.5666689740468,7.1643524560468,2005.29088348101,2006.69319999901,1730000
488,489,0.540671984699999,43.3756184650572,-70.2219445511008,43.095389665756,-68.6327461847287,9.2124275437468,8.6717555590468,2006.79828658401,2007.33895856871,1730000
488,181,2.870213415,43.3756184650572,-70.2219445511008,43.4989,-70.3681,11.5419689740468,8.6717555590468,2006.79828658401,2009.66849999901,1730000
489,180,0.274741430800001,43.095389665756,-68.6327461847287,42.2986,-69.1103,9.4871689745468,9.2124275437468,2007.33895856871,2007.61369999951,1730000
489,179,0.302141430800001,43.095389665756,-68.6327461847287,43.2098,-68.4231,9.5145689745468,9.2124275437468,2007.33895856871,2007.64109999951,1730000
490,491,0.331802077499999,41.9897906996392,-73.597796429164,43.2948340926943,-72.7855465461146,2.9862135631068,2.6544114856068,2000.78094251057,2001.11274458807,1730000
490,182,1.821757489,41.9897906996392,-73.597796429164,41.3661,-78.5263,4.4761689746068,2.6544114856068,2000.78094251057,2002.60269999957,1730000
491,185,2.887255412,43.2948340926943,-72.7855465461146,51.3821,-71.735,5.8734689751068,2.9862135631068,2001.11274458807,2004.00000000007,1730000
491,492,2.648427014,43.2948340926943,-72.7855465461146,41.7685712846032,-73.140718571756,5.6346405771068,2.9862135631068,2001.11274458807,2003.76117160207,1730000
492,183,0.771628397800001,41.7685712846032,-73.140718571756,41.7229,-72.1137,6.4062689749068,5.6346405771068,2003.76117160207,2004.53279999987,1730000
492,184,1.921028398,41.7685712846032,-73.140718571756,41.2476,-74.0097,7.5556689751068,5.6346405771068,2003.76117160207,2005.68220000007,1730000
493,494,1.226234035,39.7904549673314,-72.5770093283481,41.3658552481559,-73.3565173684866,3.8324464880368,2.6062124530368,2000.732743478,2001.958977513,1730000
493,219,1.020656522,39.7904549673314,-72.5770093283481,35.2704,-57.4379,3.6268689750368,2.6062124530368,2000.732743478,2001.7534,1730000
494,524,0.8359084997,41.3658552481559,-73.3565173684866,41.1133359291736,-72.8998752000969,4.6683549877368,3.8324464880368,2001.958977513,2002.7948860127,1730000
494,495,0.779994722199998,41.3658552481559,-73.3565173684866,40.0406602066216,-74.4778015706574,4.6124412102368,3.8324464880368,2001.958977513,2002.7389722352,1730000
495,497,0.110522125500001,40.0406602066216,-74.4778015706574,41.2586932424359,-73.6100416738069,4.7229633357368,4.6124412102368,2002.7389722352,2002.8494943607,1730000
495,496,0.937702777200002,40.0406602066216,-74.4778015706574,40.6578039115397,-75.4145158073618,5.5501439874368,4.6124412102368,2002.7389722352,2003.6766750124,1730000
496,187,3.843824987,40.6578039115397,-75.4145158073618,40.904,-75.9767,9.3939689744368,5.5501439874368,2003.6766750124,2007.5204999994,1730000
496,186,4.916224987,40.6578039115397,-75.4145158073618,39.866,-73.9877,10.4663689744368,5.5501439874368,2003.6766750124,2008.5928999994,1730000
497,498,0.230081457600001,41.2586932424359,-73.6100416738069,41.6246225551198,-72.3989202513091,4.9530447933368,4.7229633357368,2002.8494943607,2003.0795758183,1730000
497,188,4.717605639,41.2586932424359,-73.6100416738069,36.7828,-86.5636,9.4405689747368,4.7229633357368,2002.8494943607,2007.5670999997,1730000
498,189,5.669024182,41.6246225551198,-72.3989202513091,42.8375,-58.2686,10.6220689753368,4.9530447933368,2003.0795758183,2008.7486000003,1730000
498,499,0.8656346594,41.6246225551198,-72.3989202513091,39.3673901151768,-72.9706055409124,5.8186794527368,4.9530447933368,2003.0795758183,2003.9452104777,1730000
499,190,2.679489522,39.3673901151768,-72.9706055409124,38.654,-71.7651,8.4981689747368,5.8186794527368,2003.9452104777,2006.6246999997,1730000
499,500,0.676657025999999,39.3673901151768,-72.9706055409124,39.2164072011863,-76.106067727271,6.4953364787368,5.8186794527368,2003.9452104777,2004.6218675037,1730000
500,501,2.925183748,39.2164072011863,-76.106067727271,40.0238960951369,-75.5362377185785,9.4205202267368,6.4953364787368,2004.6218675037,2007.5470512517,1730000
500,522,0.712264854700001,39.2164072011863,-76.106067727271,41.7062352442532,-76.7839768267158,7.2076013334368,6.4953364787368,2004.6218675037,2005.3341323584,1730000
501,502,0.0176445709100008,40.0238960951369,-75.5362377185785,39.9509825891417,-75.5878231017632,9.4381647976468,9.4205202267368,2007.5470512517,2007.56469582261,1730000
501,506,1.399635475,40.0238960951369,-75.5362377185785,44.8648000600501,-76.6855195422999,10.8201557017368,9.4205202267368,2007.5470512517,2008.9466867267,1730000
502,503,0.256255142400001,39.9509825891417,-75.5878231017632,39.9963364969013,-75.7360137234334,9.6944199400468,9.4381647976468,2007.56469582261,2007.82095096501,1730000
502,195,6.153104177,39.9509825891417,-75.5878231017632,39.1359,-73.7771,15.5912689746468,9.4381647976468,2007.56469582261,2013.71779999961,1730000
503,191,2.885849035,39.9963364969013,-75.7360137234334,40.0468,-75.6128,12.5802689750468,9.6944199400468,2007.82095096501,2010.70680000001,1730000
503,504,2.547248972,39.9963364969013,-75.7360137234334,41.9656769753755,-76.4378331427684,12.2416689120468,9.6944199400468,2007.82095096501,2010.36819993701,1730000
504,505,1.789025795,41.9656769753755,-76.4378331427684,42.4295135336002,-76.4836018829397,14.0306947070468,12.2416689120468,2010.36819993701,2012.15722573201,1730000
504,194,4.133200062,41.9656769753755,-76.4378331427684,42.5908,-75.7963,16.3748689740468,12.2416689120468,2010.36819993701,2014.50139999901,1730000
505,193,0.503974267,42.4295135336002,-76.4836018829397,42.4943,-75.55,14.5346689740468,14.0306947070468,2012.15722573201,2012.66119999901,1730000
505,192,0.534074266999999,42.4295135336002,-76.4836018829397,46.5998,-82.1313,14.5647689740468,14.0306947070468,2012.15722573201,2012.69129999901,1730000
506,507,0.07914021777,44.8648000600501,-76.6855195422999,45.473142331573,-76.9265230448907,10.8992959195068,10.8201557017368,2008.9466867267,2009.02582694447,1730000
506,512,0.0671043778900007,44.8648000600501,-76.6855195422999,44.9522923948567,-76.4006227464315,10.8872600796268,10.8201557017368,2008.9466867267,2009.01379110459,1730000
507,508,0.0377694115300002,45.473142331573,-76.9265230448907,46.8247713249005,-77.1424093986914,10.9370653310368,10.8992959195068,2009.02582694447,2009.063596356,1730000
507,201,4.727573055,45.473142331573,-76.9265230448907,40.1971,-74.7115,15.6268689745068,10.8992959195068,2009.02582694447,2013.75339999947,1730000
508,511,0.861185175099999,46.8247713249005,-77.1424093986914,40.4257697924095,-78.2209657428117,11.7982505061368,10.9370653310368,2009.063596356,2009.9247815311,1730000
508,509,1.058516242,46.8247713249005,-77.1424093986914,48.0786923289736,-77.398430349141,11.9955815730368,10.9370653310368,2009.063596356,2010.122112598,1730000
509,196,6.525387402,48.0786923289736,-77.398430349141,52.0571,-66.5075,18.5209689750368,11.9955815730368,2010.122112598,2016.6475,1730000
509,510,1.640389488,48.0786923289736,-77.398430349141,49.972020807217,-77.579633134497,13.6359710610368,11.9955815730368,2010.122112598,2011.762502086,1730000
510,198,0.7401979138,49.972020807217,-77.579633134497,50.7014,-79.5999,14.3761689748368,13.6359710610368,2011.762502086,2012.5026999998,1730000
510,197,0.7374979138,49.972020807217,-77.579633134497,50.2942,-77.5094,14.3734689748368,13.6359710610368,2011.762502086,2012.4999999998,1730000
511,200,2.536918469,40.4257697924095,-78.2209657428117,40.0027,-77.492,14.3351689751368,11.7982505061368,2009.9247815311,2012.4617000001,1730000
511,199,2.676318469,40.4257697924095,-78.2209657428117,40.1405,-76.4586,14.4745689751368,11.7982505061368,2009.9247815311,2012.6011000001,1730000
512,513,0.8651104156,44.9522923948567,-76.4006227464315,40.2835569301366,-77.171372409564,11.7523704952268,10.8872600796268,2009.01379110459,2009.87890152019,1730000
512,212,1.632808895,44.9522923948567,-76.4006227464315,40.2731,-75.3107,12.5200689746268,10.8872600796268,2009.01379110459,2010.64659999959,1730000
513,514,0.1897845861,40.2835569301366,-77.171372409564,39.4483108071287,-75.1903839441057,11.9421550813268,11.7523704952268,2009.87890152019,2010.06868610629,1730000
513,519,0.163796190799999,40.2835569301366,-77.171372409564,40.1804649248856,-75.1808974880194,11.9161666860268,11.7523704952268,2009.87890152019,2010.04269771099,1730000
514,202,2.510513894,39.4483108071287,-75.1903839441057,40.5076,-73.9416,14.4526689753268,11.9421550813268,2010.06868610629,2012.57920000029,1730000
514,515,0.0197377951199993,39.4483108071287,-75.1903839441057,39.8810344070572,-75.0117338924505,11.9618928764468,11.9421550813268,2010.06868610629,2010.08842390141,1730000
515,516,0.0214995501799997,39.8810344070572,-75.0117338924505,39.4735064977722,-76.1029822167174,11.9833924266268,11.9618928764468,2010.08842390141,2010.10992345159,1730000
515,517,0.9949010839,39.8810344070572,-75.0117338924505,40.5637867448867,-75.7633605331645,12.9567939603468,11.9618928764468,2010.08842390141,2011.08332498531,1730000
516,203,3.448976548,39.4735064977722,-76.1029822167174,40.6587,-77.5655,15.4323689746268,11.9833924266268,2010.10992345159,2013.55889999959,1730000
516,204,3.599676548,39.4735064977722,-76.1029822167174,39.9386,-69.9566,15.5830689746268,11.9833924266268,2010.10992345159,2013.70959999959,1730000
517,518,0.131862934300001,40.5637867448867,-75.7633605331645,40.1714733561695,-76.1937055856101,13.0886568946468,12.9567939603468,2011.08332498531,2011.21518791961,1730000
517,207,2.456375015,40.5637867448867,-75.7633605331645,39.9053,-76.169,15.4131689753468,12.9567939603468,2011.08332498531,2013.53970000031,1730000
518,206,2.43961208,40.1714733561695,-76.1937055856101,39.983,-75.7882,15.5282689746468,13.0886568946468,2011.21518791961,2013.65479999961,1730000
518,205,2.37931208,40.1714733561695,-76.1937055856101,41.2429,-76.7855,15.4679689746468,13.0886568946468,2011.21518791961,2013.59449999961,1730000
519,521,0.365147523499999,40.1804649248856,-75.1808974880194,40.3821498954811,-75.4187901160338,12.2813142095268,11.9161666860268,2010.04269771099,2010.40784523449,1730000
519,520,0.177167792300001,40.1804649248856,-75.1808974880194,39.3883204846356,-76.5565275825029,12.0933344783268,11.9161666860268,2010.04269771099,2010.21986550329,1730000
520,208,3.492434497,39.3883204846356,-76.5565275825029,46.682,-77.284,15.5857689753268,12.0933344783268,2010.21986550329,2013.71230000029,1730000
520,209,3.421234497,39.3883204846356,-76.5565275825029,40.3022,-77.2939,15.5145689753268,12.0933344783268,2010.21986550329,2013.64110000029,1730000
521,211,3.227754765,40.3821498954811,-75.4187901160338,41.2096,-67.6012,15.5090689745268,12.2813142095268,2010.40784523449,2013.63559999949,1730000
521,210,3.288054765,40.3821498954811,-75.4187901160338,42.7765,-63.5685,15.5693689745268,12.2813142095268,2010.40784523449,2013.69589999949,1730000
522,215,5.364467641,41.7062352442532,-76.7839768267158,42.765,-61.8295,12.5720689744368,7.2076013334368,2005.3341323584,2010.6985999994,1730000
522,523,4.576904891,41.7062352442532,-76.7839768267158,41.7771311832598,-76.1227110338035,11.7845062244368,7.2076013334368,2005.3341323584,2009.9110372494,1730000
523,213,2.78296275,41.7771311832598,-76.1227110338035,41.8507,-75.9891,14.5674689744368,11.7845062244368,2009.9110372494,2012.6939999994,1730000
523,214,2.71196275,41.7771311832598,-76.1227110338035,43.6923,-73.2874,14.4964689744368,11.7845062244368,2009.9110372494,2012.6229999994,1730000
524,525,7.285620144,41.1133359291736,-72.8998752000969,38.1043637360663,-67.9041176813486,11.9539751317368,4.6683549877368,2002.7948860127,2010.0805061567,1730000
524,216,8.810613987,41.1133359291736,-72.8998752000969,41.8185,-71.7843,13.4789689747368,4.6683549877368,2002.7948860127,2011.6054999997,1730000
525,218,2.422193843,38.1043637360663,-67.9041176813486,38.3428,-71.8892,14.3761689747368,11.9539751317368,2010.0805061567,2012.5026999997,1730000
525,217,3.420893843,38.1043637360663,-67.9041176813486,37.6137,-71.1564,15.3748689747368,11.9539751317368,2010.0805061567,2013.5013999997,1730000
526,527,0.00684145380200007,41.039723273265,-69.9551573377407,41.015855560886,-69.959733539113,2.6610191819688,2.6541777281668,2000.78070875313,2000.78755020693,1730000
526,220,1.934391246,41.039723273265,-69.9551573377407,40.0398,-71.8277,4.5885689741668,2.6541777281668,2000.78070875313,2002.71509999913,1730000
527,221,3.881849793,41.015855560886,-69.959733539113,39.0742,-70.5512,6.5428689749688,2.6610191819688,2000.78755020693,2004.66939999993,1730000
527,528,0.0335060493300006,41.015855560886,-69.959733539113,40.6932505273657,-68.2576679369153,2.6945252312988,2.6610191819688,2000.78755020693,2000.82105625626,1730000
528,223,2.751543743,40.6932505273657,-68.2576679369153,39.0765,-71.9449,5.4460689742988,2.6945252312988,2000.82105625626,2003.57259999926,1730000
528,222,1.935143743,40.6932505273657,-68.2576679369153,39.132,-71.7727,4.6296689742988,2.6945252312988,2000.82105625626,2002.75619999926,1730000
529,533,0.0102387196400002,40.587849703671,-73.381990257802,40.9805201095947,-73.5369837976863,2.5839045723068,2.5736658526668,2000.70019687763,2000.71043559727,1730000
529,530,2.094653544,40.587849703671,-73.381990257802,40.7942007762255,-74.0195060101109,4.6683193966668,2.5736658526668,2000.70019687763,2002.79485042163,1730000
530,224,1.795349578,40.7942007762255,-74.0195060101109,40.7284,-74.2929,6.4636689746668,4.6683193966668,2002.79485042163,2004.59019999963,1730000
530,531,1.119590057,40.7942007762255,-74.0195060101109,40.7963360258024,-75.0728012907961,5.7879094536668,4.6683193966668,2002.79485042163,2003.91444047863,1730000
531,532,1.096363547,40.7963360258024,-75.0728012907961,41.1951089586207,-74.9183331197624,6.8842730006668,5.7879094536668,2003.91444047863,2005.01080402563,1730000
531,225,0.7768595206,40.7963360258024,-75.0728012907961,40.6508,-74.1723,6.5647689742668,5.7879094536668,2003.91444047863,2004.69129999923,1730000
532,226,0.7535959733,41.1951089586207,-74.9183331197624,40.7151,-74.3539,7.6378689739668,6.8842730006668,2005.01080402563,2005.76439999893,1730000
532,227,1.624795973,41.1951089586207,-74.9183331197624,40.478,-72.5027,8.5090689736668,6.8842730006668,2005.01080402563,2006.63559999863,1730000
533,534,0.0771932706700014,40.9805201095947,-73.5369837976863,40.6004702830186,-73.7486904353052,2.6610978429768,2.5839045723068,2000.71043559727,2000.78762886794,1730000
533,230,5.938864402,40.9805201095947,-73.5369837976863,40.837,-70.4942,8.5227689743068,2.5839045723068,2000.71043559727,2006.64929999927,1730000
534,229,1.924671132,40.6004702830186,-73.7486904353052,40.1126,-65.4529,4.5857689749768,2.6610978429768,2000.78762886794,2002.71229999994,1730000
534,228,2.826071132,40.6004702830186,-73.7486904353052,38.9489,-74.9096,5.4871689749768,2.6610978429768,2000.78762886794,2003.61369999994,1730000
535,581,0.226338704500002,41.376740270105,-73.9733094295022,41.7739723561133,-70.7091066970997,2.6416584432468,2.4153197387468,2000.54185076371,2000.76818946821,1730000
535,536,0.101529216600003,41.376740270105,-73.9733094295022,41.2123964078437,-73.9332535858145,2.5168489553468,2.4153197387468,2000.54185076371,2000.64337998031,1730000
536,573,0.107895765699999,41.2123964078437,-73.9332535858145,40.9504522127746,-74.2341113538439,2.6247447210468,2.5168489553468,2000.64337998031,2000.75127574601,1730000
536,537,0.0762799088399984,41.2123964078437,-73.9332535858145,39.8920158496982,-73.2715563901891,2.5931288641868,2.5168489553468,2000.64337998031,2000.71965988915,1730000
537,538,0.0604599901899991,39.8920158496982,-73.2715563901891,39.6781768430635,-73.1247069292539,2.6535888543768,2.5931288641868,2000.71965988915,2000.78011987934,1730000
537,548,0.0413662468000009,39.8920158496982,-73.2715563901891,39.719100660343,-73.262350237972,2.6344951109868,2.5931288641868,2000.71965988915,2000.76102613595,1730000
538,231,4.92668012,39.6781768430635,-73.1247069292539,41.1806,-73.4685,7.5802689743768,2.6535888543768,2000.78011987934,2005.70679999934,1730000
538,539,0.1784593237,39.6781768430635,-73.1247069292539,40.2951506460444,-72.9434907509787,2.8320481780768,2.6535888543768,2000.78011987934,2000.95857920304,1730000
539,540,0.0670248568599998,40.2951506460444,-72.9434907509787,40.021612681946,-72.8400875066925,2.8990730349368,2.8320481780768,2000.95857920304,2001.0256040599,1730000
539,546,1.065922104,40.2951506460444,-72.9434907509787,40.3651915188654,-72.5371997799368,3.8979702820768,2.8320481780768,2000.95857920304,2002.02450130704,1730000
540,541,0.0107831368099998,40.021612681946,-72.8400875066925,39.9901389204181,-72.7970629008299,2.9098561717468,2.8990730349368,2001.0256040599,2001.03638719671,1730000
540,238,2.62099594,40.021612681946,-72.8400875066925,38.0522,-64.8866,5.5200689749368,2.8990730349368,2001.0256040599,2003.6465999999,1730000
541,237,6.604712803,39.9901389204181,-72.7970629008299,41.7428,-74.2379,9.5145689747468,2.9098561717468,2001.03638719671,2007.64109999971,1730000
541,542,1.785879601,39.9901389204181,-72.7970629008299,41.0576585006523,-74.0585621247959,4.6957357727468,2.9098561717468,2001.03638719671,2002.82226679771,1730000
542,232,0.9119332018,41.0576585006523,-74.0585621247959,41.1794,-74.09,5.6076689745468,4.6957357727468,2002.82226679771,2003.73419999951,1730000
542,543,1.796926839,41.0576585006523,-74.0585621247959,40.7145883126627,-73.7438639846388,6.4926626117468,4.6957357727468,2002.82226679771,2004.61919363671,1730000
543,544,3.108800785,40.7145883126627,-73.7438639846388,48.3684118331498,-75.8072832102292,9.6014633967468,6.4926626117468,2004.61919363671,2007.72799442171,1730000
543,545,6.454478183,40.7145883126627,-73.7438639846388,44.1242509766745,-92.8597356476375,12.9471407947468,6.4926626117468,2004.61919363671,2011.07367181971,1730000
544,234,4.982405578,48.3684118331498,-75.8072832102292,40.6068,-74.392,14.5838689747468,9.6014633967468,2007.72799442171,2012.71039999971,1730000
544,233,4.761105578,48.3684118331498,-75.8072832102292,69.2783,-111.2767,14.3625689747468,9.6014633967468,2007.72799442171,2012.48909999971,1730000
545,235,0.5866281805,44.1242509766745,-92.8597356476375,44.3309,-93.297,13.5337689752468,12.9471407947468,2011.07367181971,2011.66030000021,1730000
545,236,0.570128180499999,44.1242509766745,-92.8597356476375,43.7766,-92.5411,13.5172689752468,12.9471407947468,2011.07367181971,2011.64380000021,1730000
546,547,0.8064314917,40.3651915188654,-72.5371997799368,40.1143750667023,-72.87463195433,4.7044017737768,3.8979702820768,2002.02450130704,2002.83093279874,1730000
546,239,0.6165986923,40.3651915188654,-72.5371997799368,40.3697,-71.8821,4.5145689743768,3.8979702820768,2002.02450130704,2002.64109999934,1730000
547,241,7.867667201,40.1143750667023,-72.87463195433,41.9471,-94.9752,12.5720689747768,4.7044017737768,2002.83093279874,2010.69859999974,1730000
547,240,4.749867201,40.1143750667023,-72.87463195433,40.5811,-74.7168,9.4542689747768,4.7044017737768,2002.83093279874,2007.58079999974,1730000
548,572,2.02952838,39.719100660343,-73.262350237972,38.9742153629244,-71.4683150166898,4.6640234909868,2.6344951109868,2000.76102613595,2002.79055451595,1730000
548,549,0.0202581247099989,39.719100660343,-73.262350237972,39.7405231856405,-73.2417380550448,2.6547532356968,2.6344951109868,2000.76102613595,2000.78128426066,1730000
549,550,0.00435334405200116,39.7405231856405,-73.2417380550448,40.3154185131023,-74.0498208268581,2.6591065797488,2.6547532356968,2000.78128426066,2000.78563760471,1730000
549,242,2.944715739,39.7405231856405,-73.2417380550448,39.5195,-73.9242,5.5994689746968,2.6547532356968,2000.78128426066,2003.72599999966,1730000
550,551,0.0598199037099985,40.3154185131023,-74.0498208268581,40.0710371596592,-74.2143610570094,2.7189264834588,2.6591065797488,2000.78563760471,2000.84545750842,1730000
550,555,0.183858106399999,40.3154185131023,-74.0498208268581,40.4859401586626,-74.6006968883354,2.8429646861488,2.6591065797488,2000.78563760471,2000.96949571111,1730000
551,554,0.1081146173,40.0710371596592,-74.2143610570094,40.1066119967535,-73.0333829875687,2.8270411007588,2.7189264834588,2000.84545750842,2000.95357212572,1730000
551,552,5.680802665,40.0710371596592,-74.2143610570094,40.8798536128539,-73.1223878678445,8.3997291484588,2.7189264834588,2000.84545750842,2006.52626017342,1730000
552,553,0.726507160700001,40.8798536128539,-73.1223878678445,40.6286070511559,-74.2486076293636,9.1262363091588,8.3997291484588,2006.52626017342,2007.25276733412,1730000
552,245,1.166939826,40.8798536128539,-73.1223878678445,40.8171,-73.4437,9.5666689744588,8.3997291484588,2006.52626017342,2007.69319999942,1730000
553,244,0.363632665400001,40.6286070511559,-74.2486076293636,40.9803,-73.8395,9.4898689745588,9.1262363091588,2007.25276733412,2007.61639999952,1730000
553,243,3.349932665,40.6286070511559,-74.2486076293636,40.9587,-73.8737,12.4761689741588,9.1262363091588,2007.25276733412,2010.60269999912,1730000
554,246,1.046427874,40.1066119967535,-73.0333829875687,41.1254,-74.6316,3.8734689747588,2.8270411007588,2000.95357212572,2001.99999999972,1730000
554,247,5.703927874,40.1066119967535,-73.0333829875687,38.614,-72.1275,8.5309689747588,2.8270411007588,2000.95357212572,2006.65749999972,1730000
555,556,4.121517534,40.4859401586626,-74.6006968883354,42.9863543065502,-80.5616038124829,6.9644822201488,2.8429646861488,2000.96949571111,2005.09101324511,1730000
555,265,3.637104288,40.4859401586626,-74.6006968883354,39.8953,-75.5248,6.4800689741488,2.8429646861488,2000.96949571111,2004.60659999911,1730000
556,248,4.536386754,42.9863543065502,-80.5616038124829,41.8005,-76.6085,11.5008689741488,6.9644822201488,2005.09101324511,2009.62739999911,1730000
556,557,1.271134039,42.9863543065502,-80.5616038124829,45.1832951468841,-73.5903227184827,8.2356162591488,6.9644822201488,2005.09101324511,2006.36214728411,1730000
557,558,0.518537159699999,45.1832951468841,-73.5903227184827,44.0966574769866,-75.5074204109315,8.7541534188488,8.2356162591488,2006.36214728411,2006.88068444381,1730000
557,249,1.311852716,45.1832951468841,-73.5903227184827,44.2115,-76.1715,9.5474689751488,8.2356162591488,2006.36214728411,2007.67400000011,1730000
558,559,0.0753413944000005,44.0966574769866,-75.5074204109315,44.3064065636218,-75.7459851154011,8.8294948132488,8.7541534188488,2006.88068444381,2006.95602583821,1730000
558,250,2.787815556,44.0966574769866,-75.5074204109315,44.3184,-76.5986,11.5419689748488,8.7541534188488,2006.88068444381,2009.66849999981,1730000
559,251,3.542574162,44.3064065636218,-75.7459851154011,45.5267,-70.5976,12.3720689752488,8.8294948132488,2006.95602583821,2010.49860000021,1730000
559,560,0.152071276099999,44.3064065636218,-75.7459851154011,42.755610085274,-73.8042032044945,8.9815660893488,8.8294948132488,2006.95602583821,2007.10809711431,1730000
560,568,0.4825475389,42.755610085274,-73.8042032044945,43.6107614737142,-75.6161101117729,9.4641136282488,8.9815660893488,2007.10809711431,2007.59064465321,1730000
560,561,3.277134764,42.755610085274,-73.8042032044945,44.1662946614261,-75.5532019867356,12.2587008533488,8.9815660893488,2007.10809711431,2010.38523187831,1730000
561,562,0.2014658711,44.1662946614261,-75.5532019867356,43.7065487917484,-75.3284298559065,12.4601667244488,12.2587008533488,2010.38523187831,2010.58669774941,1730000
561,259,3.154468121,44.1662946614261,-75.5532019867356,43.9711,-75.0689,15.4131689743488,12.2587008533488,2010.38523187831,2013.53969999931,1730000
562,252,1.86410225,43.7065487917484,-75.3284298559065,46.6475,-98.2824,14.3242689744488,12.4601667244488,2010.58669774941,2012.45079999941,1730000
562,563,0.234679611100001,43.7065487917484,-75.3284298559065,44.1550624049115,-74.6498289646452,12.6948463355488,12.4601667244488,2010.58669774941,2010.82137736051,1730000
563,564,0.226740235399999,44.1550624049115,-74.6498289646452,44.037550896653,-74.4548507215233,12.9215865709488,12.6948463355488,2010.82137736051,2011.04811759591,1730000
563,258,1.815222639,44.1550624049115,-74.6498289646452,43.9154,-74.5129,14.5100689745488,12.6948463355488,2010.82137736051,2012.63659999951,1730000
564,565,0.0579371057200007,44.037550896653,-74.4548507215233,43.6446602916751,-74.6534582948621,12.9795236766688,12.9215865709488,2011.04811759591,2011.10605470163,1730000
564,257,1.501082404,44.037550896653,-74.4548507215233,44.3834,-74.5054,14.4226689749488,12.9215865709488,2011.04811759591,2012.54919999991,1730000
565,256,4.485745298,43.6446602916751,-74.6534582948621,44.1915,-75.8929,17.4652689746688,12.9795236766688,2011.10605470163,2015.59179999963,1730000
565,566,0.00598208047200011,43.6446602916751,-74.6534582948621,43.7148366550301,-75.3717820376243,12.9855057571408,12.9795236766688,2011.10605470163,2011.1120367821,1730000
566,567,0.3505533708,43.7148366550301,-75.3717820376243,44.6812675308727,-75.1975264834752,13.3360591279408,12.9855057571408,2011.1120367821,2011.4625901529,1730000
566,253,2.657863217,43.7148366550301,-75.3717820376243,40.8985,-73.7217,15.6433689741408,12.9855057571408,2011.1120367821,2013.7698999991,1730000
567,254,2.074409847,44.6812675308727,-75.1975264834752,44.0255,-73.7465,15.4104689749408,13.3360591279408,2011.4625901529,2013.5369999999,1730000
567,255,1.277809847,44.6812675308727,-75.1975264834752,44.4156,-74.6974,14.6138689749408,13.3360591279408,2011.4625901529,2012.7403999999,1730000
568,570,2.283147897,43.6107614737142,-75.6161101117729,36.4610533648952,-69.4209690633252,11.7472615252488,9.4641136282488,2007.59064465321,2009.87379255021,1730000
568,569,2.644313403,43.6107614737142,-75.6161101117729,44.463391466684,-76.6467291277188,12.1084270312488,9.4641136282488,2007.59064465321,2010.23495805621,1730000
569,260,2.306041944,44.463391466684,-76.6467291277188,45.6271,-78.7324,14.4144689752488,12.1084270312488,2010.23495805621,2012.54100000021,1730000
569,261,2.254141944,44.463391466684,-76.6467291277188,36.2533,-36.6217,14.3625689752488,12.1084270312488,2010.23495805621,2012.48910000021,1730000
570,262,2.55240745,36.4610533648952,-69.4209690633252,33.9649,-66.767,14.2996689752488,11.7472615252488,2009.87379255021,2012.42620000021,1730000
570,571,0.241131376,36.4610533648952,-69.4209690633252,35.3770760487464,-68.9039326538256,11.9883929012488,11.7472615252488,2009.87379255021,2010.11492392621,1730000
571,264,2.387776074,35.3770760487464,-68.9039326538256,33.6231,-65.475,14.3761689752488,11.9883929012488,2010.11492392621,2012.50270000021,1730000
571,263,2.390576074,35.3770760487464,-68.9039326538256,34.4924,-71.5925,14.3789689752488,11.9883929012488,2010.11492392621,2012.50550000021,1730000
572,266,1.736745483,38.9742153629244,-71.4683150166898,39.1913,-71.3226,6.4007689739868,4.6640234909868,2002.79055451595,2004.52729999895,1730000
572,267,1.925245483,38.9742153629244,-71.4683150166898,39.2166,-70.3774,6.5892689739868,4.6640234909868,2002.79055451595,2004.71579999895,1730000
573,577,0.301118064399999,40.9504522127746,-74.2341113538439,40.7641152858556,-73.4964692832759,2.9258627854468,2.6247447210468,2000.75127574601,2001.05239381041,1730000
573,574,0.0177345367699999,40.9504522127746,-74.2341113538439,40.7266181150911,-73.7537084328098,2.6424792578168,2.6247447210468,2000.75127574601,2000.76901028278,1730000
574,575,0.090430862489999,40.7266181150911,-73.7537084328098,39.3713734930564,-74.1435624289698,2.7329101203068,2.6424792578168,2000.76901028278,2000.85944114527,1730000
574,271,3.957789717,40.7266181150911,-73.7537084328098,41.2414,-74.3546,6.6002689748168,2.6424792578168,2000.76901028278,2004.72679999978,1730000
575,270,1.781658854,39.3713734930564,-74.1435624289698,45.735,-65.3849,4.5145689743068,2.7329101203068,2000.85944114527,2002.64109999927,1730000
575,576,1.065163025,39.3713734930564,-74.1435624289698,39.2840967477636,-71.0964345217444,3.7980731453068,2.7329101203068,2000.85944114527,2001.92460417027,1730000
576,268,1.575395829,39.2840967477636,-71.0964345217444,17.9769,-56.9626,5.3734689743068,3.7980731453068,2001.92460417027,2003.49999999927,1730000
576,269,0.694595828900001,39.2840967477636,-71.0964345217444,39.7158,-72.0213,4.4926689742068,3.7980731453068,2001.92460417027,2002.61919999917,1730000
577,578,4.230381631,40.7641152858556,-73.4964692832759,42.2389970260489,-74.7574658546485,7.1562444164468,2.9258627854468,2001.05239381041,2005.28277544141,1730000
577,276,2.580506189,40.7641152858556,-73.4964692832759,40.9504,-74.2634,5.5063689744468,2.9258627854468,2001.05239381041,2003.63289999941,1730000
578,579,2.3158136,42.2389970260489,-74.7574658546485,42.6320632149949,-76.0061578486743,9.4720580164468,7.1562444164468,2005.28277544141,2007.59858904141,1730000
578,580,0.780794689,42.2389970260489,-74.7574658546485,42.3282246637525,-74.5896712154077,7.9370391054468,7.1562444164468,2005.28277544141,2006.06357013041,1730000
579,272,2.064410958,42.6320632149949,-76.0061578486743,42.695,-76.8655,11.5364689744468,9.4720580164468,2007.59858904141,2009.66299999941,1730000
579,273,3.097310958,42.6320632149949,-76.0061578486743,42.3748,-76.3261,12.5693689744468,9.4720580164468,2007.59858904141,2010.69589999941,1730000
580,274,1.596729869,42.3282246637525,-74.5896712154077,42.6281,-75.0466,9.5337689744468,7.9370391054468,2006.06357013041,2007.66029999941,1730000
580,275,6.346229869,42.3282246637525,-74.5896712154077,50.085,-51.4166,14.2832689744468,7.9370391054468,2006.06357013041,2012.40979999941,1730000
581,283,1.968810531,41.7739723561133,-70.7091066970997,33.8847,-74.6296,4.6104689742468,2.6416584432468,2000.76818946821,2002.73699999921,1730000
581,582,0.0379082856800004,41.7739723561133,-70.7091066970997,42.549565508257,-71.273374288481,2.6795667289268,2.6416584432468,2000.76818946821,2000.80609775389,1730000
582,277,0.911702245699999,42.549565508257,-71.273374288481,46.0888,-90.9514,3.5912689746268,2.6795667289268,2000.80609775389,2001.71779999959,1730000
582,583,1.213427533,42.549565508257,-71.273374288481,40.8947795129708,-70.6716449758175,3.8929942619268,2.6795667289268,2000.80609775389,2002.01952528689,1730000
583,282,1.668174713,40.8947795129708,-70.6716449758175,40.9275,-71.3885,5.5611689749268,3.8929942619268,2002.01952528689,2003.68769999989,1730000
583,584,3.079290427,40.8947795129708,-70.6716449758175,40.5859683060278,-70.1406855317694,6.9722846889268,3.8929942619268,2002.01952528689,2005.09881571389,1730000
584,585,0.082445174710001,40.5859683060278,-70.1406855317694,40.6536165518836,-70.3638576710606,7.0547298636368,6.9722846889268,2005.09881571389,2005.1812608886,1730000
584,281,1.706684285,40.5859683060278,-70.1406855317694,41.402,-71.62,8.6789689739268,6.9722846889268,2005.09881571389,2006.80549999889,1730000
585,586,1.311234851,40.6536165518836,-70.3638576710606,41.2898884374356,-70.2766815337406,8.3659647146368,7.0547298636368,2005.1812608886,2006.4924957396,1730000
585,280,2.462539111,40.6536165518836,-70.3638576710606,40.1514,-71.1833,9.5172689746368,7.0547298636368,2005.1812608886,2007.6437999996,1730000
586,279,0.0746042600500001,41.2898884374356,-70.2766815337406,41.1417,-70.5485,8.4405689746868,8.3659647146368,2006.4924957396,2006.56709999965,1730000
586,278,0.1924042601,41.2898884374356,-70.2766815337406,41.3533,-70.4294,8.5583689747368,8.3659647146368,2006.4924957396,2006.6848999997,1730000
587,588,0.053350030259999,38.0791739055846,-71.5398537632057,38.1025464992431,-71.5559505623514,2.3311809834368,2.2778309531768,2000.40436197814,2000.4577120084,1730000
587,594,0.371821159100001,38.0791739055846,-71.5398537632057,37.1108428665507,-70.5309025596451,2.6496521122768,2.2778309531768,2000.40436197814,2000.77618313724,1730000
588,290,1.260087991,38.1025464992431,-71.5559505623514,39.6832,-70.3941,3.5912689744368,2.3311809834368,2000.4577120084,2001.7177999994,1730000
588,589,0.130519683799999,38.1025464992431,-71.5559505623514,37.9866139585302,-70.6355676297317,2.4617006672368,2.3311809834368,2000.4577120084,2000.5882316922,1730000
589,284,1.145968307,37.9866139585302,-70.6355676297317,30.442,-61.6234,3.6076689742368,2.4617006672368,2000.5882316922,2001.7341999992,1730000
589,590,0.140708513400002,37.9866139585302,-70.6355676297317,39.842914331825,-68.8201376653646,2.6024091806368,2.4617006672368,2000.5882316922,2000.7289402056,1730000
590,591,0.0354298860400011,39.842914331825,-68.8201376653646,39.7920501584914,-69.4867213429471,2.6378390666768,2.6024091806368,2000.7289402056,2000.76437009164,1730000
590,289,1.912159793,39.842914331825,-68.8201376653646,35.5417,-67.4737,4.5145689736368,2.6024091806368,2000.7289402056,2002.6410999986,1730000
591,285,0.9370299075,39.7920501584914,-69.4867213429471,37.3663,-71.9872,3.5748689741768,2.6378390666768,2000.76437009164,2001.70139999914,1730000
591,592,0.0262646063299989,39.7920501584914,-69.4867213429471,39.8749197524871,-69.5531432347478,2.6641036730068,2.6378390666768,2000.76437009164,2000.79063469797,1730000
592,593,0.0457644905300008,39.8749197524871,-69.5531432347478,39.7341554243506,-69.8325086678616,2.7098681635368,2.6641036730068,2000.79063469797,2000.8363991885,1730000
592,286,0.9655653011,39.8749197524871,-69.5531432347478,40.8396,-70.8261,3.6296689741068,2.6641036730068,2000.79063469797,2001.75619999907,1730000
593,288,1.163600811,39.7341554243506,-69.8325086678616,42.5389,-45.355,3.8734689745368,2.7098681635368,2000.8363991885,2001.9999999995,1730000
593,287,0.914300810599999,39.7341554243506,-69.8325086678616,32.518,-61.2438,3.6241689741368,2.7098681635368,2000.8363991885,2001.7506999991,1730000
594,291,0.9608168618,37.1108428665507,-70.5309025596451,33.0909,-66.626,3.6104689740768,2.6496521122768,2000.77618313724,2001.73699999904,1730000
594,292,2.223816862,37.1108428665507,-70.5309025596451,22.601,13.1892,4.8734689742768,2.6496521122768,2000.77618313724,2002.99999999924,1730000
595,596,0.105113017399997,41.1433851213083,-74.4191069291662,40.9413876998167,-74.564310030762,0.495358250966799,0.390245233566802,1998.51677625853,1998.62188927593,1730000
595,597,1.448254533,41.1433851213083,-74.4191069291662,42.4841313538265,-73.2698581519771,1.8384997665668,0.390245233566802,1998.51677625853,1999.96503079153,1730000
596,294,1.120610724,40.9413876998167,-74.564310030762,41.0191,-74.8041,1.6159689749668,0.495358250966799,1998.62188927593,1999.74249999993,1730000
596,295,2.975410724,40.9413876998167,-74.564310030762,41.0115,-75.1041,3.4707689749668,0.495358250966799,1998.62188927593,2001.59729999993,1730000
597,296,1.659669208,42.4841313538265,-73.2698581519771,41.1105,-73.831,3.4981689745668,1.8384997665668,1999.96503079153,2001.62469999953,1730000
597,598,0.773407356699998,42.4841313538265,-73.2698581519771,40.6231816945259,-73.7861157793173,2.6119071232668,1.8384997665668,1999.96503079153,2000.73843814823,1730000
598,298,0.9656618512,40.6231816945259,-73.7861157793173,40.8321,-73.0377,3.5775689744668,2.6119071232668,2000.73843814823,2001.70409999943,1730000
598,297,0.941061851200001,40.6231816945259,-73.7861157793173,40.2931,-73.0352,3.5529689744668,2.6119071232668,2000.73843814823,2001.67949999943,1730000
599,300,1.269318787,41.0375492693935,-74.4350788930466,45.8977,-79.4349,1.52826897419,0.258950187189999,1998.38548121215,1999.65479999915,1730000
599,299,0.614518787400002,41.0375492693935,-74.4350788930466,41.0382,-74.2231,0.873468974590001,0.258950187189999,1998.38548121215,1998.99999999955,1730000
