node1,node2,length,startLat,startLon,endLat,endLon,endNodeL,startNodeL,startYear,endYear,treeID
420,562,166.626278110584,7.86250322188485,-10.6978790504777,10.3917641607308,-7.17652065715007,433.255642226512,266.629364115928,1722.90664383794,1889.53292194853,956600000
420,421,42.7369302686705,7.86250322188485,-10.6978790504777,7.00268936541837,-9.47676388300428,309.366294384598,266.629364115928,1722.90664383794,1765.64357410661,956600000
421,422,119.207489455916,7.00268936541837,-9.47676388300428,7.00176437925304,-9.47969072479037,428.573783840515,309.366294384598,1765.64357410661,1884.85106356253,956600000
421,427,20.0879405330776,7.00268936541837,-9.47676388300428,8.32729546440676,-10.5132386703933,329.454234917676,309.366294384598,1765.64357410661,1785.73151463969,956600000
422,423,112.041162775754,7.00176437925304,-9.47969072479037,6.99539611645634,-9.47838415814082,540.614946616268,428.573783840515,1884.85106356253,1996.89222633828,956600000
422,426,58.9446237574629,7.00176437925304,-9.47969072479037,7.00534283088255,-9.47247681230934,487.518407597977,428.573783840515,1884.85106356253,1943.79568731999,956600000
423,8,20.2254996891141,6.99539611645634,-9.47838415814082,6.99123034527496,-9.47557460486224,560.840446305382,540.614946616268,1996.89222633828,2017.1177260274,956600000
423,424,1.74712111381751,6.99539611645634,-9.47838415814082,6.99043654795719,-9.47526214166291,542.362067730086,540.614946616268,1996.89222633828,1998.6393474521,956600000
424,9,12.4975566574884,6.99043654795719,-9.47526214166291,6.98986,-9.580031,554.859624387574,542.362067730086,1998.6393474521,2011.13690410959,956600000
424,425,3.74617262891686,6.99043654795719,-9.47526214166291,6.99081274805477,-9.47442183339838,546.108240359003,542.362067730086,1998.6393474521,2002.38552008102,956600000
425,11,8.89658950802349,6.99081274805477,-9.47442183339838,6.99577129691879,-9.46825971402519,555.004829867026,546.108240359003,2002.38552008102,2011.28210958904,956600000
425,10,13.7674031916825,6.99081274805477,-9.47442183339838,6.99869040407204,-9.46825833507189,559.875643550685,546.108240359003,2002.38552008102,2016.1529232727,956600000
426,12,72.4856512532541,7.00534283088255,-9.47247681230934,7.24306,-8.87194,560.004058851232,487.518407597977,1943.79568731999,2016.28133857325,956600000
426,13,73.5412167895967,7.00534283088255,-9.47247681230934,6.99226124194453,-9.47060631423546,561.059624387574,487.518407597977,1943.79568731999,2017.33690410959,956600000
427,428,75.3923594066057,8.32729546440676,-10.5132386703933,8.29247192362207,-10.5212461901824,404.846594324282,329.454234917676,1785.73151463969,1861.1238740463,956600000
427,506,148.497022504029,8.32729546440676,-10.5132386703933,10.0018167142053,-10.7358709140355,477.951257421705,329.454234917676,1785.73151463969,1934.22853714372,956600000
428,429,4.51274342051229,8.29247192362207,-10.5212461901824,8.25130452873868,-11.0994996005079,409.359337744794,404.846594324282,1861.1238740463,1865.63661746681,956600000
428,497,22.4530747674166,8.29247192362207,-10.5212461901824,8.28854261860397,-10.5154093542877,427.299669091698,404.846594324282,1861.1238740463,1883.57694881371,956600000
429,82,111.039211968467,8.25130452873868,-11.0994996005079,7.9935681,-10.7537466,520.398549713261,409.359337744794,1865.63661746681,1976.67582943528,956600000
429,430,14.4499823881448,8.25130452873868,-11.0994996005079,8.21546054655458,-11.0625220170569,423.809320132939,409.359337744794,1865.63661746681,1880.08659985495,956600000
430,431,123.516360543168,8.21546054655458,-11.0625220170569,8.22746112837429,-11.0477774936854,547.325680676107,423.809320132939,1880.08659985495,2003.60296039812,956600000
430,432,4.9064933778327,8.21546054655458,-11.0625220170569,8.21599105809305,-11.0609830914381,428.715813510771,423.809320132939,1880.08659985495,1884.99309323279,956600000
431,15,5.9969574100974,8.22746112837429,-11.0477774936854,8.02,-11.58,553.322638086204,547.325680676107,2003.60296039812,2009.59991780822,956600000
431,14,5.97777932790567,8.22746112837429,-11.0477774936854,8.28,-11.01,553.303460004012,547.325680676107,2003.60296039812,2009.58073972603,956600000
432,433,2.5842279579754,8.21599105809305,-11.0609830914381,8.19623076304212,-11.0843715569687,431.300041468747,428.715813510771,1884.99309323279,1887.57732119076,956600000
432,16,126.058879369953,8.21599105809305,-11.0609830914381,8.22091491824728,-11.0642186391829,554.774692880725,428.715813510771,1884.99309323279,2011.05197260274,956600000
433,434,59.3972306624095,8.19623076304212,-11.0843715569687,8.20211615211228,-11.0930118862854,490.697272131156,431.300041468747,1887.57732119076,1946.97455185317,956600000
433,487,4.02184898077546,8.19623076304212,-11.0843715569687,7.87223071159039,-11.7059333274828,435.321890449522,431.300041468747,1887.57732119076,1891.59917017154,956600000
434,445,7.61153109226662,8.20211615211228,-11.0930118862854,8.21534715844909,-11.064606432793,498.308803223423,490.697272131156,1946.97455185317,1954.58608294544,956600000
434,435,3.52526051323622,8.20211615211228,-11.0930118862854,7.98594930406277,-10.9624405920426,494.222532644393,490.697272131156,1946.97455185317,1950.49981236641,956600000
435,444,24.5445097895805,7.98594930406277,-10.9624405920426,8.00014715363895,-10.9463526957945,518.767042433973,494.222532644393,1950.49981236641,1975.04432215599,956600000
435,436,3.63097337642358,7.98594930406277,-10.9624405920426,7.98490636856022,-10.9625184893045,497.853506020816,494.222532644393,1950.49981236641,1954.13078574283,956600000
436,441,25.3229892810497,7.98490636856022,-10.9625184893045,7.91229010847077,-11.0455502230627,523.176495301866,497.853506020816,1954.13078574283,1979.45377502388,956600000
436,437,28.6635144207258,7.98490636856022,-10.9625184893045,8.00192007747038,-10.9483761198359,526.517020441542,497.853506020816,1954.13078574283,1982.79430016356,956600000
437,438,1.54124706071396,8.00192007747038,-10.9483761198359,8.00185297337398,-10.9454350669695,528.058267502256,526.517020441542,1982.79430016356,1984.33554722427,956600000
437,17,28.4357546309636,8.00192007747038,-10.9483761198359,7.99311924510148,-10.951593228773,554.952775072506,526.517020441542,1982.79430016356,2011.23005479452,956600000
438,18,25.7082062003866,8.00185297337398,-10.9454350669695,8.18571871827052,-11.1387559289973,553.766473702643,528.058267502256,1984.33554722427,2010.04375342466,956600000
438,439,5.22842412480752,8.00185297337398,-10.9454350669695,7.9924591064084,-10.9474088264277,533.286691627064,528.058267502256,1984.33554722427,1989.56397134908,956600000
439,19,6.50475439756232,7.9924591064084,-10.9474088264277,7.9933739822727,-10.9459389841532,539.791446024626,533.286691627064,1989.56397134908,1996.06872574664,956600000
439,440,10.8428807866582,7.9924591064084,-10.9474088264277,7.82982850072485,-10.9589107965464,544.129572413722,533.286691627064,1989.56397134908,2000.40685213574,956600000
440,21,9.21224375467434,7.82982850072485,-10.9589107965464,7.82,-10.95,553.341816168396,544.129572413722,2000.40685213574,2009.61909589041,956600000
440,20,12.0712077489852,7.82982850072485,-10.9589107965464,7.86450690619036,-11.1917051072503,556.200780162707,544.129572413722,2000.40685213574,2012.47805988472,956600000
441,25,32.7920444236826,7.91229010847077,-11.0455502230627,7.925974,-11.054267,555.968539725548,523.176495301866,1979.45377502388,2012.24581944756,956600000
441,442,24.0015666599648,7.91229010847077,-11.0455502230627,7.9872885229864,-11.084893567188,547.178061961831,523.176495301866,1979.45377502388,2003.45534168385,956600000
442,22,9.96923365861999,7.9872885229864,-11.084893567188,7.65,-11.133333,557.147295620451,547.178061961831,2003.45534168385,2013.42457534247,956600000
442,443,7.83243605239154,7.9872885229864,-11.084893567188,7.85512683070007,-11.1724226857504,555.010498014222,547.178061961831,2003.45534168385,2011.28777773624,956600000
443,24,2.59889091779942,7.85512683070007,-11.1724226857504,8.87184,-12.038183,557.609388932022,555.010498014222,2011.28777773624,2013.88666865404,956600000
443,23,2.24090719526962,7.85512683070007,-11.1724226857504,7.85944694406521,-11.1948772456396,557.251405209492,555.010498014222,2011.28777773624,2013.52868493151,956600000
444,27,1.93250119909055,8.00014715363895,-10.9463526957945,7.99442038325284,-10.9485605262639,520.699543633064,518.767042433973,1975.04432215599,1976.97682335508,956600000
444,26,0.366652355689382,8.00014715363895,-10.9463526957945,8.00001167597756,-10.9459896489914,519.133694789663,518.767042433973,1975.04432215599,1975.41097451168,956600000
445,446,7.96470079789479,8.21534715844909,-11.064606432793,8.21753232145927,-11.0608838043489,506.273504021318,498.308803223423,1954.58608294544,1962.55078374333,956600000
445,462,4.45437650091579,8.21534715844909,-11.064606432793,8.22083142510562,-11.0603767617987,502.763179724339,498.308803223423,1954.58608294544,1959.04045944635,956600000
446,450,0.898714989662928,8.21753232145927,-11.0608838043489,8.22099075110627,-11.0648377641486,507.172219010981,506.273504021318,1962.55078374333,1963.449498733,956600000
446,447,4.39086845463127,8.21753232145927,-11.0608838043489,8.21900681972902,-11.0607924876617,510.664372475949,506.273504021318,1962.55078374333,1966.94165219796,956600000
447,448,29.074315737441,8.21900681972902,-11.0607924876617,8.23134481584968,-11.063894723271,539.73868821339,510.664372475949,1966.94165219796,1996.01596793541,956600000
447,31,12.0118140356111,8.21900681972902,-11.0607924876617,8.21766999178722,-11.0622153684518,522.67618651156,510.664372475949,1966.94165219796,1978.95346623358,956600000
448,28,15.8634019276086,8.23134481584968,-11.063894723271,8.18742954680796,-11.1371192645774,555.602090140999,539.73868821339,1996.01596793541,2011.87936986301,956600000
448,449,8.19086717229645,8.23134481584968,-11.063894723271,8.23911439176257,-11.0440304191265,547.929555385687,539.73868821339,1996.01596793541,2004.2068351077,956600000
449,30,7.69445256353142,8.23911439176257,-11.0440304191265,7.86422805430854,-11.7077602593715,555.624007949218,547.929555385687,2004.2068351077,2011.90128767123,956600000
449,29,7.97887505024451,8.23911439176257,-11.0440304191265,8.00111935414288,-10.949768153081,555.908430435931,547.929555385687,2004.2068351077,2012.18571015795,956600000
450,453,2.19633639543524,8.22099075110627,-11.0648377641486,8.22120644801518,-11.0639624019744,509.368555406416,507.172219010981,1963.449498733,1965.64583512843,956600000
450,451,35.410040124558,8.22099075110627,-11.0648377641486,8.3189631088649,-11.3157255136484,542.582259135539,507.172219010981,1963.449498733,1998.85953885755,956600000
451,32,14.2362693616243,8.3189631088649,-11.3157255136484,8.3188107,-11.3151104,556.818528497163,542.582259135539,1998.85953885755,2013.09580821918,956600000
451,452,11.2030495805266,8.3189631088649,-11.3157255136484,7.86552456351524,-11.1916364259487,553.785308716065,542.582259135539,1998.85953885755,2010.06258843808,956600000
452,34,2.77612718434651,7.86552456351524,-11.1916364259487,7.8633936399456,-11.1928599824893,556.561435900412,553.785308716065,2010.06258843808,2012.83871562243,956600000
452,33,1.62500060301549,7.86552456351524,-11.1916364259487,7.85964948762956,-11.2004001082781,555.410309319081,553.785308716065,2010.06258843808,2011.6875890411,956600000
453,454,12.1098250511611,8.22120644801518,-11.0639624019744,8.22122459573805,-11.0631125593799,521.478380457577,509.368555406416,1965.64583512843,1977.75566017959,956600000
453,456,0.165882229691434,8.22120644801518,-11.0639624019744,8.22146170054593,-11.0642541392306,509.534437636107,509.368555406416,1965.64583512843,1965.81171735812,956600000
454,35,31.5675452998601,8.22122459573805,-11.0631125593799,7.86394105627832,-11.1986430489073,553.045925757437,521.478380457577,1977.75566017959,2009.32320547945,956600000
454,455,11.7232619834386,8.22122459573805,-11.0631125593799,8.218968234191,-11.0651701127841,533.201642441016,521.478380457577,1977.75566017959,1989.47892216303,956600000
455,36,3.60369485993933,8.218968234191,-11.0651701127841,8.21891463171018,-11.0643384647803,536.805337300955,533.201642441016,1989.47892216303,1993.08261702297,956600000
455,37,22.3949682479283,8.218968234191,-11.0651701127841,8.21154,-11.05124,555.596610688944,533.201642441016,1989.47892216303,2011.87389041096,956600000
456,457,19.1002808436761,8.22146170054593,-11.0642541392306,8.21913389370667,-11.0661227568059,528.634718479783,509.534437636107,1965.81171735812,1984.9119982018,956600000
456,461,1.13010486410037,8.22146170054593,-11.0642541392306,8.22085051136618,-11.0647513346072,510.664542500208,509.534437636107,1965.81171735812,1966.94182222222,956600000
457,42,27.0112072776535,8.21913389370667,-11.0661227568059,8.18734026582305,-11.1349867646698,555.645925757437,528.634718479783,1984.9119982018,2011.92320547945,956600000
457,458,13.5115407254503,8.21913389370667,-11.0661227568059,8.22021031951671,-11.0646620698066,542.146259205234,528.634718479783,1984.9119982018,1998.42353892725,956600000
458,459,8.41564406244566,8.22021031951671,-11.0646620698066,8.21917529285572,-11.0638622984866,550.561903267679,542.146259205234,1998.42353892725,2006.83918298969,956600000
458,41,11.1298035385045,8.22021031951671,-11.0646620698066,8.17934156744166,-11.0807141577103,553.276062743738,542.146259205234,1998.42353892725,2009.55334246575,956600000
459,460,3.5182946557022,8.21917529285572,-11.0638622984866,8.21898354183743,-11.0611900487261,554.080197923382,550.561903267679,2006.83918298969,2010.3574776454,956600000
459,40,2.81552933907268,8.21917529285572,-11.0638622984866,8.21949154365716,-11.0649474896846,553.377432606752,550.561903267679,2006.83918298969,2009.65471232877,956600000
460,39,2.54681174752196,8.21898354183743,-11.0611900487261,8.21746720697396,-11.0581037182706,556.627009670904,554.080197923382,2010.3574776454,2012.90428939292,956600000
460,38,1.09997440939779,8.21898354183743,-11.0611900487261,8.2227470788507,-11.0576565132084,555.180172332779,554.080197923382,2010.3574776454,2011.45745205479,956600000
461,44,42.3841229832567,8.22085051136618,-11.0647513346072,8.22104320894072,-11.06170079222,553.048665483464,510.664542500208,1966.94182222222,2009.32594520548,956600000
461,43,45.172849684357,8.22085051136618,-11.0647513346072,8.17955873837821,-11.0835876592306,555.837392184565,510.664542500208,1966.94182222222,2012.11467190658,956600000
462,45,18.1437814134091,8.22083142510562,-11.0603767617987,8.21981924886961,-11.0591389142561,520.906961137748,502.763179724339,1959.04045944635,1977.18424085976,956600000
462,463,2.34489578382097,8.22083142510562,-11.0603767617987,8.18725168835345,-11.1299642163044,505.10807550816,502.763179724339,1959.04045944635,1961.38535523018,956600000
463,464,12.932634309253,8.18725168835345,-11.1299642163044,8.18756310714008,-11.1404500612039,518.040709817413,505.10807550816,1961.38535523018,1974.31798953943,956600000
463,465,2.09480003200618,8.18725168835345,-11.1299642163044,8.18318802913934,-11.137080943744,507.202875540166,505.10807550816,1961.38535523018,1963.48015526218,956600000
464,47,35.838092652353,8.18756310714008,-11.1404500612039,8.18886499207373,-11.1372385640941,553.878802469766,518.040709817413,1974.31798953943,2010.15608219178,956600000
464,46,38.4496878316329,8.18756310714008,-11.1404500612039,8.355083,-11.324278,556.490397649046,518.040709817413,1974.31798953943,2012.76767737106,956600000
465,466,20.7636831904875,8.18318802913934,-11.137080943744,8.18976140836224,-11.1339195716864,527.966558730653,507.202875540166,1963.48015526218,1984.24383845267,956600000
465,469,0.530079160736683,8.18318802913934,-11.137080943744,8.18213879253565,-11.1353575191451,507.732954700903,507.202875540166,1963.48015526218,1964.01023442292,956600000
466,51,29.2519697665097,8.18976140836224,-11.1339195716864,8.18544771989842,-11.1363912672069,557.218528497163,527.966558730653,1984.24383845267,2013.49580821918,956600000
466,467,8.05596781460108,8.18976140836224,-11.1339195716864,8.18934457140243,-11.1328865552914,536.022526545255,527.966558730653,1984.24383845267,1992.29980626727,956600000
467,48,20.5279803934087,8.18934457140243,-11.1328865552914,7.86201656623116,-11.7057052921285,556.550506938663,536.022526545255,1992.29980626727,2012.82778666068,956600000
467,468,15.829714104151,8.18934457140243,-11.1328865552914,8.1886728346341,-11.1319087108737,551.852240649406,536.022526545255,1992.29980626727,2008.12952037142,956600000
468,50,1.64026045049721,8.1886728346341,-11.1319087108737,8.38727,-11.0879,553.492501099903,551.852240649406,2008.12952037142,2009.76978082192,956600000
468,49,3.97968705428505,8.1886728346341,-11.1319087108737,8.18751544527822,-11.1314354542473,555.831927703691,551.852240649406,2008.12952037142,2012.10920742571,956600000
469,470,5.96435895204547,8.18213879253565,-11.1353575191451,8.18586870972795,-11.1351714110541,513.697313652948,507.732954700903,1964.01023442292,1969.97459337496,956600000
469,70,8.4190983815678,8.18213879253565,-11.1353575191451,8.18320261003728,-11.1371302626451,516.15205308247,507.732954700903,1964.01023442292,1972.42933280449,956600000
470,471,1.72360557837755,8.18586870972795,-11.1351714110541,8.18699032369549,-11.1352108366589,515.420919231326,513.697313652948,1969.97459337496,1971.69819895334,956600000
470,472,7.42743687202704,8.18586870972795,-11.1351714110541,8.18687014245005,-11.135772203334,521.124750524975,513.697313652948,1969.97459337496,1977.40203024699,956600000
471,53,24.4089631174775,8.18699032369549,-11.1352108366589,8.21612718014962,-11.0610869200953,539.829882348803,515.420919231326,1971.69819895334,1996.10716207082,956600000
471,52,5.17374976288987,8.18699032369549,-11.1352108366589,8.18507597680011,-11.1332873694893,520.594668994216,515.420919231326,1971.69819895334,1976.87194871623,956600000
472,486,7.0518975993492,8.18687014245005,-11.135772203334,8.1963886061495,-11.127117686331,528.176648124324,521.124750524975,1977.40203024699,1984.45392784634,956600000
472,473,2.68640295795459,8.18687014245005,-11.135772203334,8.18620786993747,-11.1362536291825,523.81115348293,521.124750524975,1977.40203024699,1980.08843320494,956600000
473,474,7.15583055102022,8.18620786993747,-11.1362536291825,8.18724647962236,-11.1346228170829,530.96698403395,523.81115348293,1980.08843320494,1987.24426375597,956600000
473,484,25.5877148623136,8.18620786993747,-11.1362536291825,8.18268466564416,-11.1388995752593,549.398868345243,523.81115348293,1980.08843320494,2005.67614806726,956600000
474,475,14.3444440441486,8.18724647962236,-11.1346228170829,8.18945353502911,-11.1359116695411,545.311428078099,530.96698403395,1987.24426375597,2001.58870780011,956600000
474,477,0.304120515834171,8.18724647962236,-11.1346228170829,8.17588558801735,-11.1304431980243,531.271104549784,530.96698403395,1987.24426375597,1987.5483842718,956600000
475,476,9.31823859452233,8.18945353502911,-11.1359116695411,8.18774731184049,-11.1367575607648,554.629666672621,545.311428078099,2001.58870780011,2010.90694639464,956600000
475,54,11.7673743916673,8.18945353502911,-11.1359116695411,8.007853,-11.278946,557.078802469766,545.311428078099,2001.58870780011,2013.35608219178,956600000
476,56,2.50667004372014,8.18774731184049,-11.1367575607648,8.18890810620942,-11.1355058479442,557.136336716341,554.629666672621,2010.90694639464,2013.41361643836,956600000
476,55,2.6847522355011,8.18774731184049,-11.1367575607648,7.86151113769268,-11.1991403533366,557.314418908122,554.629666672621,2010.90694639464,2013.59169863014,956600000
477,483,23.5413460737276,8.17588558801735,-11.1304431980243,8.17875153572628,-11.1350846820673,554.812450623512,531.271104549784,1987.5483842718,2011.08973034553,956600000
477,478,1.75757451784592,8.17588558801735,-11.1304431980243,8.1783487818314,-11.1309239298823,533.02867906763,531.271104549784,1987.5483842718,1989.30595878965,956600000
478,481,8.86030609625902,8.1783487818314,-11.1309239298823,8.17493177156426,-11.1307974423361,541.888985163889,533.02867906763,1989.30595878965,1998.1662648859,956600000
478,479,11.7970556243422,8.1783487818314,-11.1309239298823,8.17978104494549,-11.1313634514376,544.825734691972,533.02867906763,1989.30595878965,2001.10301441399,956600000
479,57,11.4542804434123,8.17978104494549,-11.1313634514376,7.86669023197458,-11.1929011439612,556.280015135384,544.825734691972,2001.10301441399,2012.5572948574,956600000
479,480,1.651681660312,8.17978104494549,-11.1313634514376,8.17936700449075,-11.1280995841595,546.477416352284,544.825734691972,2001.10301441399,2002.7546960743,956600000
480,58,10.3657696791255,8.17936700449075,-11.1280995841595,8.18206970077044,-11.1312176251073,556.84318603141,546.477416352284,2002.7546960743,2013.12046575342,956600000
480,59,9.3053310235374,8.17936700449075,-11.1280995841595,8.116599,-11.174797,555.782747375822,546.477416352284,2002.7546960743,2012.06002709784,956600000
481,482,6.4892777929664,8.17493177156426,-11.1307974423361,8.17421961642121,-11.1313751593908,548.378262956855,541.888985163889,1998.1662648859,2004.65554267887,956600000
481,60,14.210702102643,8.17493177156426,-11.1307974423361,8.356385,-11.433121,556.099687266532,541.888985163889,1998.1662648859,2012.37696698855,956600000
482,61,6.62930663619793,8.17421961642121,-11.1313751593908,7.86381861781422,-11.1993583243595,555.007569593053,548.378262956855,2004.65554267887,2011.28484931507,956600000
482,62,6.98821074578698,8.17421961642121,-11.1313751593908,7.86665291504531,-11.7058373431235,555.366473702642,548.378262956855,2004.65554267887,2011.64375342466,956600000
483,64,1.14516014028795,8.17875153572628,-11.1350846820673,7.85786027848597,-11.1955730589126,555.9576107638,554.812450623512,2011.08973034553,2012.23489048581,956600000
483,63,2.19511896954164,8.17875153572628,-11.1350846820673,8.18456706812035,-11.1388482494515,557.007569593053,554.812450623512,2011.08973034553,2013.28484931507,956600000
484,67,4.47719439849511,8.18268466564416,-11.1388995752593,8.18443968116264,-11.1388938810589,553.876062743738,549.398868345243,2005.67614806726,2010.15334246575,956600000
484,485,1.04518479417844,8.18268466564416,-11.1388995752593,8.05405167080491,-11.1091648141518,550.444053139422,549.398868345243,2005.67614806726,2006.72133286144,956600000
485,66,5.24296850842628,8.05405167080491,-11.1091648141518,8.05156380072251,-11.1119245903282,555.687021647848,550.444053139422,2006.72133286144,2011.96430136986,956600000
485,65,4.71968083719329,8.05405167080491,-11.1091648141518,8.05426954399019,-11.1058204628153,555.163733976615,550.444053139422,2006.72133286144,2011.44101369863,956600000
486,68,12.4716174685271,8.1963886061495,-11.127117686331,8.22375041906143,-11.064685733515,540.648265592851,528.176648124324,1984.45392784634,1996.92554531487,956600000
486,69,27.113113249551,8.1963886061495,-11.127117686331,7.99796478228043,-10.9539257846294,555.289761373875,528.176648124324,1984.45392784634,2011.56704109589,956600000
487,488,14.6706891032975,7.87223071159039,-11.7059333274828,7.8661503117271,-11.7117276526185,449.99257955282,435.321890449522,1891.59917017154,1906.26985927483,956600000
487,81,120.6521137569,7.87223071159039,-11.7059333274828,7.86455310244616,-11.7100649924644,555.974004206423,435.321890449522,1891.59917017154,2012.25128392844,956600000
488,489,66.8399695994469,7.8661503117271,-11.7117276526185,7.86752487024268,-11.7176166089981,516.832549152267,449.99257955282,1906.26985927483,1973.10982887428,956600000
488,492,85.2294354335339,7.8661503117271,-11.7117276526185,7.86193563780453,-11.7117431125022,535.222014986354,449.99257955282,1906.26985927483,1991.49929470837,956600000
489,490,7.90263403190088,7.86752487024268,-11.7176166089981,7.86245927688758,-11.7177493700992,524.735183184168,516.832549152267,1973.10982887428,1981.01246290618,956600000
489,71,40.0462533174991,7.86752487024268,-11.7176166089981,7.954896,-11.740823,556.878802469766,516.832549152267,1973.10982887428,2013.15608219178,956600000
490,491,18.2981265808884,7.86245927688758,-11.7177493700992,7.86498178760844,-11.7140705965212,543.033309765056,524.735183184168,1981.01246290618,1999.31058948707,956600000
490,72,31.1431926069545,7.86245927688758,-11.7177493700992,7.86274687900722,-11.710524366963,555.878375791122,524.735183184168,1981.01246290618,2012.15565551314,956600000
491,74,14.2235748964905,7.86498178760844,-11.7140705965212,7.666711,-11.859363,557.256884661547,543.033309765056,1999.31058948707,2013.53416438356,956600000
491,73,11.853711882792,7.86498178760844,-11.7140705965212,7.87033581398789,-11.7106178194843,554.887021647848,543.033309765056,1999.31058948707,2011.16430136986,956600000
492,493,2.32003499056836,7.86193563780453,-11.7117431125022,7.86278393488745,-11.7119421068598,537.542049976922,535.222014986354,1991.49929470837,1993.81932969894,956600000
492,75,21.0607323894679,7.86193563780453,-11.7117431125022,7.87159684116794,-11.71225910757,556.282747375822,535.222014986354,1991.49929470837,2012.56002709784,956600000
493,494,14.3302709396398,7.86278393488745,-11.7119421068598,7.86748170815222,-11.709783246581,551.872320916562,537.542049976922,1993.81932969894,2008.14960063858,956600000
493,495,0.995856875913002,7.86278393488745,-11.7119421068598,7.86229397651936,-11.7110042304897,538.537906852835,537.542049976922,1993.81932969894,1994.81518657485,956600000
494,76,3.84209799156006,7.86748170815222,-11.709783246581,7.86469569691742,-11.7082685370544,555.714418908122,551.872320916562,2008.14960063858,2011.99169863014,956600000
494,77,3.89130077619971,7.86748170815222,-11.709783246581,7.86472924772059,-11.7105142504327,555.763621692761,551.872320916562,2008.14960063858,2012.04090141478,956600000
495,80,17.821343255227,7.86229397651936,-11.7110042304897,7.86686370006917,-11.712513036478,556.359250108062,538.537906852835,1994.81518657485,2012.63652983008,956600000
495,496,3.23185256385567,7.86229397651936,-11.7110042304897,7.8643596951683,-11.7115659471377,541.769759416691,538.537906852835,1994.81518657485,1998.04703913871,956600000
496,79,15.536440313349,7.8643596951683,-11.7115659471377,7.9538763,-11.7132483,557.30619973004,541.769759416691,1998.04703913871,2013.58347945205,956600000
496,78,14.4364852268905,7.8643596951683,-11.7115659471377,7.891162,-12.086255,556.206244643581,541.769759416691,1998.04703913871,2012.4835243656,956600000
497,498,2.73857416739639,8.28854261860397,-10.5154093542877,8.28721616170663,-10.5173562123899,430.038243259095,427.299669091698,1883.57694881371,1886.31552298111,956600000
497,504,27.8404090818529,8.28854261860397,-10.5154093542877,8.29473085812627,-10.5112876651677,455.140078173551,427.299669091698,1883.57694881371,1911.41735789557,956600000
498,500,82.1614448137836,8.28721616170663,-10.5173562123899,9.87185002151071,-12.4309282813362,512.199688072878,430.038243259095,1886.31552298111,1968.47696779489,956600000
498,499,99.3473418208553,8.28721616170663,-10.5173562123899,7.76389451573677,-8.81298227364844,529.38558507995,430.038243259095,1886.31552298111,1985.66286480197,956600000
499,83,12.0561812739422,7.76389451573677,-8.81298227364844,7.75637564014736,-8.81352241497585,541.441766353892,529.38558507995,1985.66286480197,1997.71904607591,956600000
499,84,32.7225086884854,7.76389451573677,-8.81298227364844,7.75973597694505,-8.81619622076109,562.108093768435,529.38558507995,1985.66286480197,2018.38537349045,956600000
500,501,4.70504122588615,9.87185002151071,-12.4309282813362,9.87141275724792,-12.4299229339075,516.904729298764,512.199688072878,1968.47696779489,1973.18200902078,956600000
500,89,45.8708952188053,9.87185002151071,-12.4309282813362,9.86942573839279,-12.4297448959594,558.070583291684,512.199688072878,1968.47696779489,2014.3478630137,956600000
501,502,8.93250424657595,9.87141275724792,-12.4299229339075,9.87113004609929,-12.4263515241425,525.83723354534,516.904729298764,1973.18200902078,1982.11451326736,956600000
501,88,41.1713334449741,9.87141275724792,-12.4299229339075,9.86801726888454,-12.4325554479812,558.076062743738,516.904729298764,1973.18200902078,2014.35334246575,956600000
502,85,32.2333497463432,9.87113004609929,-12.4263515241425,9.86828937810808,-12.4327601984687,558.070583291684,525.83723354534,1982.11451326736,2014.3478630137,956600000
502,503,14.7422006614637,9.87113004609929,-12.4263515241425,9.87638668754176,-12.429804089401,540.579434206804,525.83723354534,1982.11451326736,1996.85671392882,956600000
503,87,17.4938888109068,9.87638668754176,-12.429804089401,9.8747622816394,-12.4303855870417,558.073323017711,540.579434206804,1996.85671392882,2014.35060273973,956600000
503,86,17.4938888109068,9.87638668754176,-12.429804089401,9.86897650067592,-12.4313276023754,558.073323017711,540.579434206804,1996.85671392882,2014.35060273973,956600000
504,505,86.865715472,8.29473085812627,-10.5112876651677,8.34061438791938,-10.5435165318296,542.005793645551,455.140078173551,1911.41735789557,1998.28307336757,956600000
504,90,86.3994615004009,8.29473085812627,-10.5112876651677,9.192085,-10.113945,541.539539673952,455.140078173551,1911.41735789557,1997.81681939597,956600000
505,92,7.26693573830142,8.34061438791938,-10.5435165318296,8.33843235688639,-10.5467466500174,549.272729383853,542.005793645551,1998.28307336757,2005.55000910587,956600000
505,91,7.19858264246979,8.34061438791938,-10.5435165318296,8.34149245272478,-10.5411078003556,549.204376288021,542.005793645551,1998.28307336757,2005.48165601004,956600000
506,561,75.1044914172165,10.0018167142053,-10.7358709140355,9.95598965895777,-10.7379996851837,553.055748838921,477.951257421705,1934.22853714372,2009.33302856094,956600000
506,507,6.5942544318065,10.0018167142053,-10.7358709140355,10.0125834769348,-10.769613574691,484.545511853511,477.951257421705,1934.22853714372,1940.82279157553,956600000
507,508,10.0185782840374,10.0125834769348,-10.769613574691,9.96442974398858,-10.7398895355436,494.564090137549,484.545511853511,1940.82279157553,1950.84136985956,956600000
507,93,55.7242395488596,10.0125834769348,-10.769613574691,10.0427235875248,-10.7525804382518,540.269751402371,484.545511853511,1940.82279157553,1996.54703112439,956600000
508,509,16.1626003137401,9.96442974398858,-10.7398895355436,9.9646320721834,-10.7408985443805,510.726690451289,494.564090137549,1950.84136985956,1967.0039701733,956600000
508,557,11.6886842512036,9.96442974398858,-10.7398895355436,10.0709871354983,-10.6004154240837,506.252774388752,494.564090137549,1950.84136985956,1962.53005411077,956600000
509,547,10.2876897588013,9.9646320721834,-10.7408985443805,9.9730477917884,-10.7412417244938,521.01438021009,510.726690451289,1967.0039701733,1977.29165993211,956600000
509,510,1.78511292298774,9.9646320721834,-10.7408985443805,9.96602470365457,-10.7383568738441,512.511803374277,510.726690451289,1967.0039701733,1968.78908309629,956600000
510,516,1.50159701691252,9.96602470365457,-10.7383568738441,9.96184701113968,-10.7358049640333,514.013400391189,512.511803374277,1968.78908309629,1970.2906801132,956600000
510,511,0.427434427189858,9.96602470365457,-10.7383568738441,9.99541290142183,-10.9744010491188,512.939237801467,512.511803374277,1968.78908309629,1969.21651752348,956600000
511,99,34.1724413806281,9.99541290142183,-10.9744010491188,9.83624129373301,-11.0389946921061,547.111679182095,512.939237801467,1969.21651752348,2003.38895890411,956600000
511,512,11.0576284848654,9.99541290142183,-10.9744010491188,10.0019837463148,-10.9749660029995,523.996866286332,512.939237801467,1969.21651752348,1980.27414600835,956600000
512,514,7.8142106177432,10.0019837463148,-10.9749660029995,10.0036001423996,-10.9743012067179,531.811076904075,523.996866286332,1980.27414600835,1988.08835662609,956600000
512,513,16.0273070752984,10.0019837463148,-10.9749660029995,10.0012025404673,-10.9759490287073,540.02417336163,523.996866286332,1980.27414600835,1996.30145308365,956600000
513,95,8.30711841368875,10.0012025404673,-10.9759490287073,9.99960345523229,-10.9770297115408,548.331291775319,540.02417336163,1996.30145308365,2004.60857149733,956600000
513,94,7.50304004860461,10.0012025404673,-10.9759490287073,10.0028891422048,-10.9776897871483,547.527213410235,540.02417336163,1996.30145308365,2003.80449313225,956600000
514,515,8.86204295656707,10.0036001423996,-10.9743012067179,10.0013063087155,-10.9691947439243,540.673119860642,531.811076904075,1988.08835662609,1996.95039958266,956600000
514,98,15.0159904461372,10.0036001423996,-10.9743012067179,10.004126588133,-10.9773223311528,546.827067350212,531.811076904075,1988.08835662609,2003.10434707223,956600000
515,96,6.67244738825648,10.0013063087155,-10.9691947439243,9.99674473364315,-10.9701748091543,547.345567248899,540.673119860642,1996.95039958266,2003.62284697091,956600000
515,97,14.8577374036442,10.0013063087155,-10.9691947439243,9.9989802962616,-10.9696896197892,555.530857264286,540.673119860642,1996.95039958266,2011.8081369863,956600000
516,517,1.09608763050289,9.96184701113968,-10.7358049640333,9.96111073843276,-10.7368705036808,515.109488021692,514.013400391189,1970.2906801132,1971.38676774371,956600000
516,546,16.9253078501156,9.96184701113968,-10.7358049640333,9.98276584194982,-10.7281316384491,530.938708241305,514.013400391189,1970.2906801132,1987.21598796332,956600000
517,541,2.24110033566545,9.96111073843276,-10.7368705036808,9.96044401405433,-10.7402236223582,517.350588357358,515.109488021692,1971.38676774371,1973.62786807937,956600000
517,518,0.91929038107174,9.96111073843276,-10.7368705036808,9.96092884158603,-10.7367758574508,516.028778402764,515.109488021692,1971.38676774371,1972.30605812478,956600000
518,540,14.039145921946,9.96092884158603,-10.7367758574508,9.9239634716454,-10.7985217069969,530.06792432471,516.028778402764,1972.30605812478,1986.34520404673,956600000
518,519,1.78844352780624,9.96092884158603,-10.7367758574508,10.0564068003047,-10.5937964357027,517.81722193057,516.028778402764,1972.30605812478,1974.09450165259,956600000
519,520,12.3135889796384,10.0564068003047,-10.5937964357027,10.0546589854402,-10.5938934623995,530.130810910208,517.81722193057,1974.09450165259,1986.40809063222,956600000
519,100,29.4305409845354,10.0564068003047,-10.5937964357027,10.0639207822923,-10.5898645465392,547.247762915105,517.81722193057,1974.09450165259,2003.52504263712,956600000
520,521,1.57683898030168,10.0546589854402,-10.5938934623995,10.0545582987744,-10.5941307370961,531.70764989051,530.130810910208,1986.40809063222,1987.98492961253,956600000
520,538,9.42476553721216,10.0546589854402,-10.5938934623995,10.0571548867343,-10.5865630776169,539.555576447421,530.130810910208,1986.40809063222,1995.83285616944,956600000
521,522,4.37929103475017,10.0545582987744,-10.5941307370961,10.2208795850137,-10.6896455566102,536.08694092526,531.70764989051,1987.98492961253,1992.36422064728,956600000
521,523,2.25062993301445,10.0545582987744,-10.5941307370961,10.0543241582764,-10.592796041139,533.958279823525,531.70764989051,1987.98492961253,1990.23555954554,956600000
522,102,21.5863820924507,10.2208795850137,-10.6896455566102,10.2194783452606,-10.6895114853687,557.673323017711,536.08694092526,1992.36422064728,2013.95060273973,956600000
522,101,21.5918615445054,10.2208795850137,-10.6896455566102,10.2124442799791,-10.686468277605,557.678802469766,536.08694092526,1992.36422064728,2013.95608219178,956600000
523,531,0.655365116823308,10.0543241582764,-10.592796041139,10.0548293102757,-10.592842900062,534.613644940348,533.958279823525,1990.23555954554,1990.89092466236,956600000
523,524,3.38305289277296,10.0543241582764,-10.592796041139,10.0604088939012,-10.5830430735248,537.341332716298,533.958279823525,1990.23555954554,1993.61861243831,956600000
524,528,2.57323502724005,10.0604088939012,-10.5830430735248,10.0606774308891,-10.5833335010484,539.914567743538,537.341332716298,1993.61861243831,1996.19184746555,956600000
524,525,0.317337438839829,10.0604088939012,-10.5830430735248,10.0555184710786,-10.5837166931329,537.658670155137,537.341332716298,1993.61861243831,1993.93594987715,956600000
525,526,4.79393305487491,10.0555184710786,-10.5837166931329,10.0565769447316,-10.5771299274972,542.452603210012,537.658670155137,1993.93594987715,1998.72988293203,956600000
525,103,9.22507101219998,10.0555184710786,-10.5837166931329,10.0571832417801,-10.5858175437966,546.883741167337,537.658670155137,1993.93594987715,2003.16102088935,956600000
526,527,0.229885061790657,10.0565769447316,-10.5771299274972,10.0565439913211,-10.577230637494,542.682488271803,542.452603210012,1998.72988293203,1998.95976799382,956600000
526,106,4.85475959395323,10.0565769447316,-10.5771299274972,10.0560699993018,-10.581524513288,547.307362803965,542.452603210012,1998.72988293203,2003.58464252598,956600000
527,104,12.8428895404285,10.0565439913211,-10.577230637494,10.0607502758935,-10.5817061825749,555.525377812231,542.682488271803,1998.95976799382,2011.80265753425,956600000
527,105,12.8374100883738,10.0565439913211,-10.577230637494,10.0635530029108,-10.5856037451324,555.519898360177,542.682488271803,1998.95976799382,2011.79717808219,956600000
528,107,17.714919657735,10.0606774308891,-10.5833335010484,10.1458418302088,-10.6057345646108,557.629487401273,539.914567743538,1996.19184746555,2013.90676712329,956600000
528,529,4.25102978084793,10.0606774308891,-10.5833335010484,10.0600689696003,-10.5849227666376,544.165597524385,539.914567743538,1996.19184746555,2000.4428772464,956600000
529,108,4.31387116291144,10.0600689696003,-10.5849227666376,10.056921590838,-10.5847840021195,548.479468687297,544.165597524385,2000.4428772464,2004.75674840931,956600000
529,530,0.208098837568535,10.0600689696003,-10.5849227666376,10.13840205831,-10.598180810675,544.373696361954,544.165597524385,2000.4428772464,2000.65097608397,956600000
530,110,13.2585307653459,10.13840205831,-10.598180810675,10.145600718245,-10.6052792752324,557.6322271273,544.373696361954,2000.65097608397,2013.90950684932,956600000
530,109,13.2557910393186,10.13840205831,-10.598180810675,10.1390656513681,-10.6013596891247,557.629487401273,544.373696361954,2000.65097608397,2013.90676712329,956600000
531,532,0.0830992977338916,10.0548293102757,-10.592842900062,10.0662215442693,-10.6703933237142,534.696744238082,534.613644940348,1990.89092466236,1990.9740239601,956600000
531,118,12.5533754938392,10.0548293102757,-10.592842900062,10.0598190212552,-10.58957307118,547.167020434187,534.613644940348,1990.89092466236,2003.4443001562,956600000
532,111,22.8834280946977,10.0662215442693,-10.6703933237142,10.0588939513061,-10.6689426182082,557.58017233278,534.696744238082,1990.9740239601,2013.85745205479,956600000
532,533,2.64014375396689,10.0662215442693,-10.6703933237142,10.0595215051079,-10.676617310122,537.336887992049,534.696744238082,1990.9740239601,1993.61416771406,956600000
533,112,20.2405446147035,10.0595215051079,-10.676617310122,10.0542532075205,-10.6696396691736,557.577432606752,537.336887992049,1993.61416771406,2013.85471232877,956600000
533,534,4.14194482999713,10.0595215051079,-10.676617310122,10.0536173983038,-10.6746127429402,541.478832822046,537.336887992049,1993.61416771406,1997.75611254406,956600000
534,117,16.4958600586789,10.0536173983038,-10.6746127429402,10.055223148418,-10.6609314682178,557.974692880725,541.478832822046,1997.75611254406,2014.25197260274,956600000
534,535,3.88576522488957,10.0536173983038,-10.6746127429402,10.0558256195972,-10.6708481601826,545.364598046935,541.478832822046,1997.75611254406,2001.64187776895,956600000
535,536,2.22663690642951,10.0558256195972,-10.6708481601826,10.0592977553743,-10.6699049414977,547.591234953365,545.364598046935,2001.64187776895,2003.86851467538,956600000
535,113,12.2100948337894,10.0558256195972,-10.6708481601826,10.055617817385,-10.6695159760607,557.574692880725,545.364598046935,2001.64187776895,2013.85197260274,956600000
536,537,0.726366387436679,10.0592977553743,-10.6699049414977,10.0611933756906,-10.6645245181247,548.317601340802,547.591234953365,2003.86851467538,2004.59488106282,956600000
536,114,9.98619765338727,10.0592977553743,-10.6699049414977,10.0583213951363,-10.666893839295,557.577432606752,547.591234953365,2003.86851467538,2013.85471232877,956600000
537,116,9.6570915399231,10.0611933756906,-10.6645245181247,10.0602520186504,-10.6628335080402,557.974692880725,548.317601340802,2004.59488106282,2014.25197260274,956600000
537,115,9.25709153992324,10.0611933756906,-10.6645245181247,10.0614473722481,-10.6668357446982,557.574692880725,548.317601340802,2004.59488106282,2013.85197260274,956600000
538,121,7.67568723269999,10.0571548867343,-10.5865630776169,10.0579049743995,-10.5817850615733,547.231263680121,539.555576447421,1995.83285616944,2003.50854340214,956600000
538,539,2.56421342623541,10.0571548867343,-10.5865630776169,10.0578608300514,-10.5865353167691,542.119789873656,539.555576447421,1995.83285616944,1998.39706959567,956600000
539,119,5.99082635462458,10.0578608300514,-10.5865353167691,10.0613749188895,-10.5879404945555,548.110616228281,542.119789873656,1998.39706959567,2004.3878959503,956600000
539,120,13.4001084865207,10.0578608300514,-10.5865353167691,10.0553167868118,-10.5818074125265,555.519898360177,542.119789873656,1998.39706959567,2011.79717808219,956600000
540,122,27.9204671861519,9.9239634716454,-10.7985217069969,9.91390338608288,-10.8018492806487,557.988391510862,530.06792432471,1986.34520404673,2014.26567123288,956600000
540,123,27.9232069121793,9.9239634716454,-10.7985217069969,9.91591044780464,-10.7953594360413,557.991131236889,530.06792432471,1986.34520404673,2014.2684109589,956600000
541,129,40.256981235696,9.96044401405433,-10.7402236223582,9.95481863480687,-10.7337110665471,557.607569593054,517.350588357358,1973.62786807937,2013.88484931507,956600000
541,542,0.0712070332417127,9.96044401405433,-10.7402236223582,9.81051974949756,-10.8581901425234,517.421795390599,517.350588357358,1973.62786807937,1973.69907511261,956600000
542,543,0.448503532340226,9.81051974949756,-10.8581901425234,9.81257165082875,-10.8596889892742,517.870298922939,517.421795390599,1973.69907511261,1974.14757864495,956600000
542,124,40.1720755723173,9.81051974949756,-10.8581901425234,9.80325867725683,-10.8590910277093,557.593870962917,517.421795390599,1973.69907511261,2013.87115068493,956600000
543,128,39.7263117660045,9.81257165082875,-10.8596889892742,9.80892688038619,-10.8682184919083,557.596610688944,517.870298922939,1974.14757864495,2013.87389041096,956600000
543,544,10.7657926960246,9.81257165082875,-10.8596889892742,9.80919187573486,-10.8663753235404,528.636091618964,517.870298922939,1974.14757864495,1984.91337134098,956600000
544,545,20.2869550917378,9.80919187573486,-10.8663753235404,9.81080090367239,-10.8621703022591,548.923046710702,528.636091618964,1984.91337134098,2005.20032643272,956600000
544,125,28.9632587960072,9.80919187573486,-10.8663753235404,9.80790049367621,-10.8668435448257,557.599350414971,528.636091618964,1984.91337134098,2013.87663013699,956600000
545,127,8.67082425221471,9.81080090367239,-10.8621703022591,9.80291990309585,-10.8587545896676,557.593870962917,548.923046710702,2005.20032643272,2013.87115068493,956600000
545,126,9.02972836180376,9.81080090367239,-10.8621703022591,9.80969579897337,-10.8662419141736,557.952775072506,548.923046710702,2005.20032643272,2014.23005479452,956600000
546,131,26.7044777901049,9.98276584194982,-10.7281316384491,10.0578167,-10.7383667,557.64318603141,530.938708241305,1987.21598796332,2013.92046575342,956600000
546,130,26.6716010777761,9.98276584194982,-10.7281316384491,9.95013335743078,-10.727449153252,557.610309319081,530.938708241305,1987.21598796332,2013.8875890411,956600000
547,556,10.3025578716059,9.9730477917884,-10.7412417244938,9.95576380905958,-10.731743979398,531.316938081696,521.01438021009,1977.29165993211,1987.59421780371,956600000
547,548,1.41501042537225,9.9730477917884,-10.7412417244938,10.0461918965166,-10.7481168576641,522.429390635462,521.01438021009,1977.29165993211,1978.70667035748,956600000
548,132,18.27326169479,10.0461918965166,-10.7481168576641,10.0483554662745,-10.7494595398443,540.702652330252,522.429390635462,1978.70667035748,1996.97993205227,956600000
548,549,1.68670727782951,10.0461918965166,-10.7481168576641,10.0044450935203,-10.9709433284982,524.116097913292,522.429390635462,1978.70667035748,1980.39337763531,956600000
549,552,10.773541749013,10.0044450935203,-10.9709433284982,10.0020108561043,-10.9724978277733,534.889639662305,524.116097913292,1980.39337763531,1991.16691938432,956600000
549,550,3.67315876913958,10.0044450935203,-10.9709433284982,10.0046285985463,-10.9726975904593,527.789256682432,524.116097913292,1980.39337763531,1984.06653640445,956600000
550,135,27.7470800339096,10.0046285985463,-10.9726975904593,10.0039393669805,-10.9720957485805,555.536336716341,527.789256682432,1984.06653640445,2011.81361643836,956600000
550,551,12.6082685222161,10.0046285985463,-10.9726975904593,9.94690573360774,-10.8913548096677,540.397525204648,527.789256682432,1984.06653640445,1996.67480492666,956600000
551,133,17.2264827445703,9.94690573360774,-10.8913548096677,9.94574658697416,-10.8885860784656,557.624007949218,540.397525204648,1996.67480492666,2013.90128767123,956600000
551,134,17.2210032925154,9.94690573360774,-10.8913548096677,9.94074651781,-10.8972674966096,557.618528497163,540.397525204648,1996.67480492666,2013.89580821918,956600000
552,554,1.34501027961067,10.0020108561043,-10.9724978277733,10.0009936506209,-10.9718576285175,536.234649941916,534.889639662305,1991.16691938432,1992.51192966393,956600000
552,553,7.45805272210914,10.0020108561043,-10.9724978277733,9.84623354828593,-11.0357463394371,542.347692384414,534.889639662305,1991.16691938432,1998.62497210643,956600000
553,136,5.16486077727284,9.84623354828593,-11.0357463394371,9.83913586591659,-11.0411211680559,547.512553161687,542.347692384414,1998.62497210643,2003.7898328837,956600000
553,137,4.42782568691932,9.84623354828593,-11.0357463394371,9.83632088618089,-11.0377027726474,546.775518071333,542.347692384414,1998.62497210643,2003.05279779335,956600000
554,140,11.5726875978403,10.0009936506209,-10.9718576285175,9.99791563319256,-10.9690223058212,547.807337539756,536.234649941916,1992.51192966393,2004.08461726177,956600000
554,555,3.09632241523904,10.0009936506209,-10.9718576285175,10.0035815031714,-10.9748256818465,539.330972357155,536.234649941916,1992.51192966393,1995.60825207917,956600000
555,139,8.26300752406417,10.0035815031714,-10.9748256818465,10.0024738232854,-10.9755585894906,547.593979881219,539.330972357155,1995.60825207917,2003.87125960323,956600000
555,138,8.78739271510152,10.0035815031714,-10.9748256818465,10.0048580375497,-10.9731234140385,548.118365072256,539.330972357155,1995.60825207917,2004.39564479427,956600000
556,142,26.6851520593026,9.95576380905958,-10.731743979398,9.95685742566036,-10.7310593625809,558.002090140999,531.316938081696,1987.59421780371,2014.27936986301,956600000
556,141,26.2933712373848,9.95576380905958,-10.731743979398,9.95058001860519,-10.7281308552527,557.610309319081,531.316938081696,1987.59421780371,2013.8875890411,956600000
557,560,20.4290304763294,10.0709871354983,-10.6004154240837,10.0799274641909,-10.5781428732163,526.681804865082,506.252774388752,1962.53005411077,1982.9590845871,956600000
557,558,9.68876909727068,10.0709871354983,-10.6004154240837,10.0640807611818,-10.5959126907181,515.941543486023,506.252774388752,1962.53005411077,1972.21882320804,956600000
558,145,31.5589931278019,10.0640807611818,-10.5959126907181,10.0569386481779,-10.5876342214961,547.500536613825,515.941543486023,1972.21882320804,2003.77781633584,956600000
558,559,8.425321099565,10.0640807611818,-10.5959126907181,9.80537935882836,-10.8663595105663,524.366864585588,515.941543486023,1972.21882320804,1980.6441443076,956600000
559,143,33.2270063773285,9.80537935882836,-10.8663595105663,9.80704906068739,-10.865321646781,557.593870962917,524.366864585588,1980.6441443076,2013.87115068493,956600000
559,144,33.5886502129449,9.80537935882836,-10.8663595105663,9.80344207086108,-10.8634552543664,557.955514798533,524.366864585588,1980.6441443076,2014.23279452055,956600000
560,147,31.2956277416703,10.0799274641909,-10.5781428732163,10.0560590358326,-10.6698153046168,557.977432606752,526.681804865082,1982.9590845871,2014.25471232877,956600000
560,146,30.9476825361909,10.0799274641909,-10.5781428732163,10.1386844039668,-10.6034391503057,557.629487401273,526.681804865082,1982.9590845871,2013.90676712329,956600000
561,148,4.55182075413214,9.95598965895777,-10.7379996851837,9.95382244524121,-10.732885518813,557.607569593054,553.055748838921,2009.33302856094,2013.88484931507,956600000
561,149,4.5545604801595,9.95598965895777,-10.7379996851837,9.95035793243325,-10.731981692456,557.610309319081,553.055748838921,2009.33302856094,2013.8875890411,956600000
562,563,71.0506144818761,10.3917641607308,-7.17652065715007,10.3918816613033,-7.15089785721722,504.306256708388,433.255642226512,1889.53292194853,1960.5835364304,956600000
562,564,96.7879121990163,10.3917641607308,-7.17652065715007,10.5860653821616,-7.15587570343413,530.043554425528,433.255642226512,1889.53292194853,1986.32083414754,956600000
563,150,51.6156954198906,10.3918816613033,-7.15089785721722,10.3831,-7.1517,555.921952128279,504.306256708388,1960.5835364304,2012.19923185029,956600000
563,151,51.606594124301,10.3918816613033,-7.15089785721722,10.397222,-7.259167,555.912850832689,504.306256708388,1960.5835364304,2012.1901305547,956600000
564,565,0.607856909275839,10.5860653821616,-7.15587570343413,10.5878498925018,-7.15580840873034,530.651411334804,530.043554425528,1986.32083414754,1986.92869105682,956600000
564,152,23.3847227587676,10.5860653821616,-7.15587570343413,10.5919600563531,-7.15616888594911,553.428277184296,530.043554425528,1986.32083414754,2009.70555690631,956600000
565,566,11.228694652489,10.5878498925018,-7.15580840873034,10.5933951969136,-7.15576963010345,541.880105987293,530.651411334804,1986.92869105682,1998.15738570931,956600000
565,153,25.2406256585038,10.5878498925018,-7.15580840873034,10.5874870414525,-7.15637444806327,555.892036993308,530.651411334804,1986.92869105682,2012.16931671532,956600000
566,156,10.9900394451528,10.5933951969136,-7.15576963010345,10.5921745851187,-7.15512896481706,552.870145432446,541.880105987293,1998.15738570931,2009.14742515446,956600000
566,567,0.390466952456933,10.5933951969136,-7.15576963010345,10.5924596546979,-7.15368878218733,542.27057293975,541.880105987293,1998.15738570931,1998.54785266177,956600000
567,154,13.6214640535578,10.5924596546979,-7.15368878218733,10.6164,-7.1583,555.892036993308,542.27057293975,1998.54785266177,2012.16931671532,956600000
567,155,10.5808322697416,10.5924596546979,-7.15368878218733,10.5919423010179,-7.15361823441632,552.851405209492,542.27057293975,1998.54785266177,2009.12868493151,956600000
413,415,89.5669196715479,7.33230294805068,5.57891724509727,7.67896770202832,4.62647290980615,415.136279651381,325.569359979834,1781.84663970185,1871.4135593734,956600000
413,414,160.391034163771,7.33230294805068,5.57891724509727,7.53040639542709,5.76026395677894,485.960394143604,325.569359979834,1781.84663970185,1942.23767386562,956600000
414,1,76.8060795590384,7.53040639542709,5.76026395677894,7.525829,5.762072,562.766473702643,485.960394143604,1942.23767386562,2019.04375342466,956600000
414,2,73.7977630682831,7.53040639542709,5.76026395677894,7.845422,5.182916,559.758157211887,485.960394143604,1942.23767386562,2016.0354369339,956600000
415,417,73.3517864468467,7.67896770202832,4.62647290980615,7.67594577286112,4.62729717670334,488.488066098228,415.136279651381,1871.4135593734,1944.76534582024,956600000
415,416,125.401112813566,7.67896770202832,4.62647290980615,7.68812443868594,4.61693138816123,540.537392464947,415.136279651381,1871.4135593734,1996.81467218696,956600000
416,3,12.4087650992207,7.68812443868594,4.61693138816123,7.68520459385122,4.61928731676832,552.946157564168,540.537392464947,1996.81467218696,2009.22343728618,956600000
416,4,11.9462166471597,7.68812443868594,4.61693138816123,7.68561960816702,4.61829173303735,552.483609112107,540.537392464947,1996.81467218696,2008.76088883412,956600000
417,5,64.4330429729931,7.67594577286112,4.62729717670334,7.68395818548289,4.61435449649749,552.921109071221,488.488066098228,1944.76534582024,2009.19838879324,956600000
417,418,30.5005315782202,7.67594577286112,4.62729717670334,7.68667338294803,4.61607490333355,518.988597676448,488.488066098228,1944.76534582024,1975.26587739846,956600000
418,7,33.5260082571122,7.68667338294803,4.61607490333355,7.68568904681139,4.61680177292813,552.514605933561,518.988597676448,1975.26587739846,2008.79188565558,956600000
418,6,36.9362262021055,7.68667338294803,4.61607490333355,7.67961408805638,4.61694031615839,555.924823878554,518.988597676448,1975.26587739846,2012.20210360057,956600000
620,621,55.4166620194791,6.21223408844446,8.02754721240064,6.07817682978023,8.06106579896312,367.714779978953,312.298117959474,1768.57539768149,1823.99205970097,956600000
620,630,60.2481927270819,6.21223408844446,8.02754721240064,6.20497124495977,8.0597303237685,372.546310686556,312.298117959474,1768.57539768149,1828.82359040857,956600000
621,624,96.618783982673,6.07817682978023,8.06106579896312,5.45564162329292,7.03169057283732,464.333563961626,367.714779978953,1823.99205970097,1920.61084368364,956600000
621,622,117.697294894811,6.07817682978023,8.06106579896312,6.07578088536577,8.06049917817792,485.412074873765,367.714779978953,1823.99205970097,1941.68935459578,956600000
622,212,74.4171205894886,6.07578088536577,8.06049917817792,6.0767,8.0701,559.829195463253,485.412074873765,1941.68935459578,2016.10647518527,956600000
622,623,19.9695214757021,6.07578088536577,8.06049917817792,6.07106447325517,8.05332333544358,505.381596349467,485.412074873765,1941.68935459578,1961.65887607148,956600000
623,211,27.8954966828299,6.07106447325517,8.05332333544358,6.75249904015634,6.13142219613912,533.277093032297,505.381596349467,1961.65887607148,1989.55437275431,956600000
623,210,56.4314526956413,6.07106447325517,8.05332333544358,6.065463,7.81309,561.813049045108,505.381596349467,1961.65887607148,2018.09032876712,956600000
624,625,44.3388842974305,5.45564162329292,7.03169057283732,5.45731884621443,7.02761707343191,508.672448259057,464.333563961626,1920.61084368364,1964.94972798107,956600000
624,629,8.78582217049244,5.45564162329292,7.03169057283732,5.47070553949678,7.02278549813445,473.119386132119,464.333563961626,1920.61084368364,1929.39666585413,956600000
625,626,11.973711506341,5.45731884621443,7.02761707343191,5.45773519379477,7.02534899075991,520.646159765398,508.672448259057,1964.94972798107,1976.92343948741,956600000
625,213,51.1212280785134,5.45731884621443,7.02761707343191,5.48377003798974,7.03778277594673,559.79367633757,508.672448259057,1964.94972798107,2016.07095605959,956600000
626,214,36.1668892797104,5.45773519379477,7.02534899075991,6.452667,7.510333,556.813049045108,520.646159765398,1976.92343948741,2013.09032876712,956600000
626,627,19.9531063678937,5.45773519379477,7.02534899075991,4.86359779014253,6.9938435772169,540.599266133292,520.646159765398,1976.92343948741,1996.87654585531,956600000
627,628,3.4334283097362,4.86359779014253,6.9938435772169,4.79090339285373,7.01228074226161,544.032694443028,540.599266133292,1996.87654585531,2000.30997416504,956600000
627,215,16.3973445556524,4.86359779014253,6.9938435772169,4.865528,7.013852,556.996610688944,540.599266133292,1996.87654585531,2013.27389041096,956600000
628,217,15.7363917306079,4.79090339285373,7.01228074226161,5.033333,7.916667,559.769086173636,544.032694443028,2000.30997416504,2016.04636589565,956600000
628,216,11.8292879054713,4.79090339285373,7.01228074226161,4.77149,7.01435,555.861982348499,544.032694443028,2000.30997416504,2012.13926207051,956600000
629,218,60.4373902706687,5.47070553949678,7.02278549813445,5.48317958640007,7.0353944454292,533.556776402788,473.119386132119,1929.39666585413,1989.8340561248,956600000
629,219,60.5583414768575,5.47070553949678,7.02278549813445,5.48588976258767,7.03987976263446,533.677727608976,473.119386132119,1929.39666585413,1989.95500733099,956600000
630,631,129.408056060178,6.20497124495977,8.0597303237685,6.28727035751563,8.13137066329482,501.954366746735,372.546310686556,1828.82359040857,1958.23164646875,956600000
630,642,53.8165431504837,6.20497124495977,8.0597303237685,6.18127039599307,6.75444651903588,426.36285383704,372.546310686556,1828.82359040857,1882.64013355906,956600000
631,641,1.00841520855185,6.28727035751563,8.13137066329482,6.23750453586483,8.15745925337458,502.962781955286,501.954366746735,1958.23164646875,1959.2400616773,956600000
631,632,20.0067285449689,6.28727035751563,8.13137066329482,6.32950806304744,8.10224128054314,521.961095291703,501.954366746735,1958.23164646875,1978.23837501372,956600000
632,633,14.7549624298088,6.32950806304744,8.10224128054314,6.33488879905287,8.10278157039543,536.716057721512,521.961095291703,1978.23837501372,1992.99333744353,956600000
632,220,39.8766112876513,6.32950806304744,8.10224128054314,6.3284501307556,8.10082041562745,561.837706579355,521.961095291703,1978.23837501372,2018.11498630137,956600000
633,639,4.47000559472211,6.33488879905287,8.10278157039543,6.33496408416238,8.10269630919814,541.186063316234,536.716057721512,1992.99333744353,1997.46334303825,956600000
633,634,0.0525145244347129,6.33488879905287,8.10278157039543,6.33442778447547,8.10377330603106,536.768572245947,536.716057721512,1992.99333744353,1993.04585196796,956600000
634,636,7.56077060335419,6.33442778447547,8.10377330603106,6.3325491627451,8.10162400004853,544.329342849301,536.768572245947,1993.04585196796,2000.60662257132,956600000
634,635,0.413315848781227,6.33442778447547,8.10377330603106,6.3326681088287,8.10093969995795,537.181888094728,536.768572245947,1993.04585196796,1993.45916781674,956600000
635,222,19.6065034161335,6.3326681088287,8.10093969995795,6.33451953791785,8.10078624684006,556.788391510862,537.181888094728,1993.45916781674,2013.06567123288,956600000
635,221,24.6010239640788,6.3326681088287,8.10093969995795,6.032415,7.850118,561.782912058807,537.181888094728,1993.45916781674,2018.06019178082,956600000
636,637,7.67105883100843,6.3325491627451,8.10162400004853,6.33027568804333,8.10085834749412,552.00040168031,544.329342849301,2000.60662257132,2008.27768140232,956600000
636,223,17.4946650999166,6.3325491627451,8.10162400004853,6.1878,8.1189,561.824007949218,544.329342849301,2000.60662257132,2018.10128767123,956600000
637,638,0.904709516168403,6.33027568804333,8.10085834749412,6.32992409865915,8.10217034070806,552.905111196478,552.00040168031,2008.27768140232,2009.18239091849,956600000
637,224,9.84552407712751,6.33027568804333,8.10085834749412,6.128725,8.00679,561.845925757437,552.00040168031,2008.27768140232,2018.12320547945,956600000
638,225,8.89697894452071,6.32992409865915,8.10217034070806,6.340038,8.129261,561.802090140999,552.905111196478,2009.18239091849,2018.07936986301,956600000
638,226,8.91889675273979,6.32992409865915,8.10217034070806,6.33051714067075,8.09607123069906,561.824007949218,552.905111196478,2009.18239091849,2018.10128767123,956600000
639,227,20.626985728874,6.33496408416238,8.10269630919814,6.3298218976127,8.09698200080471,561.813049045108,541.186063316234,1997.46334303825,2018.09032876712,956600000
639,640,7.87144642315045,6.33496408416238,8.10269630919814,6.33639247804514,8.10230614992908,549.057509739385,541.186063316234,1997.46334303825,2005.3347894614,956600000
640,228,7.69111945995047,6.33639247804514,8.10230614992908,9.8,8.866667,556.748629199335,549.057509739385,2005.3347894614,2013.02590892135,956600000
640,229,9.02951190846314,6.33639247804514,8.10230614992908,6.3354459562343,8.10481758859521,558.087021647848,549.057509739385,2005.3347894614,2014.36430136986,956600000
641,230,58.7927328432465,6.23750453586483,8.15745925337458,5.967,7.867,561.755514798533,502.962781955286,1959.2400616773,2018.03279452055,956600000
641,231,58.8256095555753,6.23750453586483,8.15745925337458,6.556183,8.303293,561.788391510862,502.962781955286,1959.2400616773,2018.06567123288,956600000
642,643,55.9955222236039,6.18127039599307,6.75444651903588,6.17987811423041,6.7545771090327,482.358376060644,426.36285383704,1882.64013355906,1938.63565578266,956600000
642,650,52.2005131517652,6.18127039599307,6.75444651903588,6.19510427444424,6.7125978069103,478.563366988805,426.36285383704,1882.64013355906,1934.84064671082,956600000
643,644,34.9532663205888,6.17987811423041,6.7545771090327,6.16972107101958,6.78732520854556,517.311642381233,482.358376060644,1938.63565578266,1973.58892210325,956600000
643,645,13.7101078314728,6.17987811423041,6.7545771090327,8.90533332029095,11.3659266462006,496.068483892117,482.358376060644,1938.63565578266,1952.34576361413,956600000
644,233,0.573171585358281,6.16972107101958,6.78732520854556,6.16979267550837,6.7869113735307,517.884813966591,517.311642381233,1973.58892210325,1974.16209368861,956600000
644,232,1.32844030984187,6.16972107101958,6.78732520854556,6.16240506319545,6.78209633221215,518.640082691074,517.311642381233,1973.58892210325,1974.91736241309,956600000
645,649,37.2442486903755,8.90533332029095,11.3659266462006,8.89755587305445,11.3642938599336,533.312732582492,496.068483892117,1952.34576361413,1989.59001230451,956600000
645,646,15.5842953759168,8.90533332029095,11.3659266462006,8.90356067580178,11.3670963493698,511.652779268033,496.068483892117,1952.34576361413,1967.93005899005,956600000
646,648,38.6105973617585,8.90356067580178,11.3670963493698,8.89626350632093,11.355583325671,550.263376629792,511.652779268033,1967.93005899005,2006.54065635181,956600000
646,647,11.9898837509447,8.90356067580178,11.3670963493698,8.90190700124718,11.3621402884394,523.642663018978,511.652779268033,1967.93005899005,1979.91994274099,956600000
647,235,32.1838002038381,8.90190700124718,11.3621402884394,8.89078607149554,11.3564531408427,555.826463222816,523.642663018978,1979.91994274099,2012.10374294483,956600000
647,234,38.1731257521576,8.90190700124718,11.3621402884394,8.89718034941841,11.362046360053,561.815788771136,523.642663018978,1979.91994274099,2018.09306849315,956600000
648,236,6.63460392216567,8.89626350632093,11.355583325671,8.89625004817469,11.3532102786291,556.897980551958,550.263376629792,2006.54065635181,2013.17526027397,956600000
648,237,8.60994638791923,8.89626350632093,11.355583325671,8.89795499794569,11.3569747458281,558.873323017711,550.263376629792,2006.54065635181,2015.15060273973,956600000
649,238,26.4208344654608,8.89755587305445,11.3642938599336,7.251211,9.976395,559.733567047953,533.312732582492,1989.59001230451,2016.01084676997,956600000
649,239,22.5191951211985,8.89755587305445,11.3642938599336,8.89670257375037,11.3593555968192,555.831927703691,533.312732582492,1989.59001230451,2012.10920742571,956600000
650,819,55.7160625761233,6.19510427444424,6.7125978069103,6.19402375675565,6.72157179859314,534.279429564928,478.563366988805,1934.84064671082,1990.55670928694,956600000
650,651,7.54403557201182,6.19510427444424,6.7125978069103,6.656371625868,6.38986663614791,486.107402560817,478.563366988805,1934.84064671082,1942.38468228283,956600000
651,652,11.4910925711742,6.656371625868,6.38986663614791,6.65522925299661,6.38539469095502,497.598495131991,486.107402560817,1942.38468228283,1953.87577485401,956600000
651,816,33.1446394462029,6.656371625868,6.38986663614791,6.6504521902668,6.38555340819924,519.25204200702,486.107402560817,1942.38468228283,1975.52932172904,956600000
652,803,4.83718574477643,6.65522925299661,6.38539469095502,6.65647799391139,6.38623663273566,502.435680876767,497.598495131991,1953.87577485401,1958.71296059878,956600000
652,653,7.76494523161327,6.65522925299661,6.38539469095502,6.71483041951101,6.32443208774533,505.363440363604,497.598495131991,1953.87577485401,1961.64072008562,956600000
653,654,18.2412145031141,6.71483041951101,6.32443208774533,6.71699444847337,6.3260909915921,523.604654866719,505.363440363604,1961.64072008562,1979.88193458873,956600000
653,668,1.73057709918636,6.71483041951101,6.32443208774533,6.71224761875825,6.32506132441924,507.094017462791,505.363440363604,1961.64072008562,1963.37129718481,956600000
654,655,18.9393849608657,6.71699444847337,6.3260909915921,6.71663568581278,6.3277583265465,542.544039827584,523.604654866719,1979.88193458873,1998.8213195496,956600000
654,657,2.55387943461054,6.71699444847337,6.3260909915921,6.71651896479412,6.32720850087959,526.158534301329,523.604654866719,1979.88193458873,1982.43581402334,956600000
655,240,20.1977763408117,6.71663568581278,6.3277583265465,6.71577547314671,6.33005584344977,562.741816168396,542.544039827584,1998.8213195496,2019.01909589041,956600000
655,656,16.646913881698,6.71663568581278,6.3277583265465,6.71561977019226,6.32953767594178,559.190953709282,542.544039827584,1998.8213195496,2015.4682334313,956600000
656,241,0.654635196593932,6.71561977019226,6.32953767594178,6.74622722502348,6.22072674781756,559.845588905876,559.190953709282,2015.4682334313,2016.12286862789,956600000
656,242,2.64675287007249,6.71561977019226,6.32953767594178,6.71391976892574,6.33060897438369,561.837706579355,559.190953709282,2015.4682334313,2018.11498630137,956600000
657,658,11.878029879543,6.71651896479412,6.32720850087959,6.71605504542238,6.33077182306749,538.036564180872,526.158534301329,1982.43581402334,1994.31384390289,956600000
657,664,4.51995761237417,6.71651896479412,6.32720850087959,6.71853431163654,6.32715266037183,530.678491913703,526.158534301329,1982.43581402334,1986.95577163572,956600000
658,249,24.773745138209,6.71605504542238,6.33077182306749,6.73439236261824,6.22153277919943,562.810309319081,538.036564180872,1994.31384390289,2019.0875890411,956600000
658,659,0.499293534836308,6.71605504542238,6.33077182306749,6.7158175336068,6.33103385304321,538.535857715708,538.036564180872,1994.31384390289,1994.81313743772,956600000
659,660,17.5709072394303,6.7158175336068,6.33103385304321,6.71303430967133,6.33019624027584,556.106764955139,538.535857715708,1994.81313743772,2012.38404467715,956600000
659,661,9.58840966348107,6.7158175336068,6.33103385304321,6.71206056841838,6.33565888240374,548.124267379189,538.535857715708,1994.81313743772,2004.4015471012,956600000
660,243,5.71450326805176,6.71303430967133,6.33019624027584,6.71247452121319,6.32844625929754,561.82126822319,556.106764955139,2012.38404467715,2018.09854794521,956600000
660,244,5.7473799803805,6.71303430967133,6.33019624027584,6.71696950653664,6.3317804768126,561.854144935519,556.106764955139,2012.38404467715,2018.13142465753,956600000
661,662,6.36235792001814,6.71206056841838,6.33565888240374,6.71291944886167,6.32695657001986,554.486625299208,548.124267379189,2004.4015471012,2010.76390502122,956600000
661,245,13.702480296056,6.71206056841838,6.33565888240374,6.70736004375731,6.32997813687569,561.826747675245,548.124267379189,2004.4015471012,2018.10402739726,956600000
662,663,5.8059781333982,6.71291944886167,6.32695657001986,6.71275761143032,6.32711896537393,560.292603432606,554.486625299208,2010.76390502122,2016.56988315462,956600000
662,246,8.41409497877738,6.71291944886167,6.32695657001986,6.71173048591957,6.32619191524565,562.900720277985,554.486625299208,2010.76390502122,2019.178,956600000
663,248,2.47387027003686,6.71275761143032,6.32711896537393,6.71170696217492,6.32604190983626,562.766473702643,560.292603432606,2016.56988315462,2019.04375342466,956600000
663,247,2.47660999606421,6.71275761143032,6.32711896537393,6.7169780802849,6.32824366127639,562.76921342867,560.292603432606,2016.56988315462,2019.04649315069,956600000
664,665,11.5803294121377,6.71853431163654,6.32715266037183,6.70563448808249,6.30017202873308,542.258821325841,530.678491913703,1986.95577163572,1998.53610104786,956600000
664,250,21.1457039454646,6.71853431163654,6.32715266037183,6.71642768562667,6.33020529863614,551.824195859168,530.678491913703,1986.95577163572,2008.10147558118,956600000
665,666,13.9479404473784,6.70563448808249,6.30017202873308,6.71386218380602,6.32682621938364,556.206761773219,542.258821325841,1998.53610104786,2012.48404149523,956600000
665,254,20.6172414178976,6.70563448808249,6.30017202873308,7.06303332564941,6.26858648985685,562.876062743738,542.258821325841,1998.53610104786,2019.15334246575,956600000
666,667,1.43711015810307,6.71386218380602,6.32682621938364,6.71554245883356,6.32743472366347,557.643871931322,556.206761773219,2012.48404149523,2013.92115165334,956600000
666,251,5.69943795682055,6.71386218380602,6.32682621938364,6.71170519744165,6.32942826782448,561.90619973004,556.206761773219,2012.48404149523,2018.18347945206,956600000
667,252,5.16917711378597,6.71554245883356,6.32743472366347,6.71677959745545,6.33326723494566,562.813049045108,557.643871931322,2013.92115165334,2019.09032876712,956600000
667,253,4.25958807269012,6.71554245883356,6.32743472366347,6.71063762112925,6.32490282977306,561.903460004012,557.643871931322,2013.92115165334,2018.18073972603,956600000
668,669,41.9025134979993,6.71224761875825,6.32506132441924,7.11923748337968,6.73496973398445,548.99653096079,507.094017462791,1963.37129718481,2005.27381068281,956600000
668,671,0.626901642827832,6.71224761875825,6.32506132441924,7.05954342565756,6.26304292365777,507.720919105619,507.094017462791,1963.37129718481,1963.99819882763,956600000
669,670,2.65135007519717,7.11923748337968,6.73496973398445,7.11977705855197,6.73408210401073,551.647881035987,548.99653096079,2005.27381068281,2007.925160758,956600000
669,257,10.8627191472721,7.11923748337968,6.73496973398445,7.10957464445329,6.74635713912573,559.859250108062,548.99653096079,2005.27381068281,2016.13652983008,956600000
670,256,10.1185926666554,7.11977705855197,6.73408210401073,7.80207,6.74365,561.766473702643,551.647881035987,2007.925160758,2018.04375342466,956600000
670,255,10.219962529669,7.11977705855197,6.73408210401073,7.11314901596355,6.74265370262604,561.867843565656,551.647881035987,2007.925160758,2018.14512328767,956600000
671,802,18.465248414604,7.05954342565756,6.26304292365777,7.06503035012373,6.26226547980346,526.186167520223,507.720919105619,1963.99819882763,1982.46344724224,956600000
671,672,3.43042865506865,7.05954342565756,6.26304292365777,7.05973883650155,6.26365106868743,511.151347760687,507.720919105619,1963.99819882763,1967.4286274827,956600000
672,673,0.240937291192559,7.05973883650155,6.26365106868743,7.06051479281482,6.26165020908965,511.39228505188,511.151347760687,1967.4286274827,1967.66956477389,956600000
672,388,51.6945779967499,7.05973883650155,6.26365106868743,7.06235031202206,6.26667830250209,562.845925757437,511.151347760687,1967.4286274827,2019.12320547945,956600000
673,674,3.66116745829927,7.06051479281482,6.26165020908965,6.74842996864216,6.13293219358533,515.053452510179,511.39228505188,1967.66956477389,1971.33073223219,956600000
673,759,9.94009447041905,7.06051479281482,6.26165020908965,7.06657017783767,6.26566882557923,521.332379522299,511.39228505188,1967.66956477389,1977.60965924431,956600000
674,675,5.54524577231849,6.74842996864216,6.13293219358533,6.748324759561,6.13247430547518,520.598698282497,515.053452510179,1971.33073223219,1976.87597800451,956600000
674,721,0.437722048315038,6.74842996864216,6.13293219358533,6.74681854340063,6.13702143110959,515.491174558494,515.053452510179,1971.33073223219,1971.76845428051,956600000
675,703,0.0256445025966983,6.748324759561,6.13247430547518,6.74789542800533,6.13153271952928,520.624342785094,520.598698282497,1976.87597800451,1976.90162250711,956600000
675,676,0.482744450850156,6.748324759561,6.13247430547518,6.74555433903613,6.13353038122825,521.081442733348,520.598698282497,1976.87597800451,1977.35872245536,956600000
676,679,3.82022002401971,6.74555433903613,6.13353038122825,6.75023146246268,6.13396645691623,524.901662757367,521.081442733348,1977.35872245536,1981.17894247938,956600000
676,677,13.821290536568,6.74555433903613,6.13353038122825,6.74382839199667,6.04708306606985,534.902733269916,521.081442733348,1977.35872245536,1991.18001299193,956600000
677,678,3.96463720619712,6.74382839199667,6.04708306606985,6.62063335341049,5.99071835234616,538.867370476113,534.902733269916,1991.18001299193,1995.14465019813,956600000
677,260,27.8719596108089,6.74382839199667,6.04708306606985,6.754196,6.054167,562.774692880725,534.902733269916,1991.18001299193,2019.05197260274,956600000
678,258,22.8936237744748,6.62063335341049,5.99071835234616,7.1924839008699,5.58182287736016,561.760994250588,538.867370476113,1995.14465019813,2018.0382739726,956600000
678,259,22.9484182950229,6.62063335341049,5.99071835234616,6.6152927397025,5.98879431840904,561.815788771136,538.867370476113,1995.14465019813,2018.09306849315,956600000
679,680,13.036924476749,6.75023146246268,6.13396645691623,6.73656688966271,6.21646538709044,537.938587234116,524.901662757367,1981.17894247938,1994.21586695613,956600000
679,700,1.67632127553151,6.75023146246268,6.13396645691623,6.74814407065249,6.13432837286015,526.577984032899,524.901662757367,1981.17894247938,1982.85526375491,956600000
680,681,0.61315452905,6.73656688966271,6.21646538709044,6.85721220041991,5.78885542249132,538.551741763166,537.938587234116,1994.21586695613,1994.82902148518,956600000
680,281,13.9361165144719,6.73656688966271,6.21646538709044,6.73929585849863,6.21886846800461,551.874703748588,537.938587234116,1994.21586695613,2008.1519834706,956600000
681,688,1.73289138029214,6.85721220041991,5.78885542249132,6.85206839714174,5.78910034373185,540.284633143459,538.551741763166,1994.82902148518,1996.56191286547,956600000
681,682,7.32272605447723,6.85721220041991,5.78885542249132,6.92183577737602,5.77520085261987,545.874467817644,538.551741763166,1994.82902148518,2002.15174753966,956600000
682,267,13.9465309242982,6.92183577737602,5.77520085261987,6.92339547627528,5.7699485839562,559.820998741942,545.874467817644,2002.15174753966,2016.09827846396,956600000
682,683,2.38602838451856,6.92183577737602,5.77520085261987,7.19948816734034,5.58578496311661,548.260496202162,545.874467817644,2002.15174753966,2004.53777592418,956600000
683,684,7.23899192319596,7.19948816734034,5.58578496311661,7.19578242265938,5.58427758792669,555.499488125358,548.260496202162,2004.53777592418,2011.77676784737,956600000
683,687,11.0737882470372,7.19948816734034,5.58578496311661,7.2038517732343,5.59243396252522,559.334284449199,548.260496202162,2004.53777592418,2015.61156417121,956600000
684,686,3.8203981849384,7.19578242265938,5.58427758792669,7.19451067012726,5.58405377291631,559.319886310297,555.499488125358,2011.77676784737,2015.59716603231,956600000
684,685,3.14349965177615,7.19578242265938,5.58427758792669,7.19587183778732,5.58475555470009,558.642987777134,555.499488125358,2011.77676784737,2014.92026749915,956600000
685,261,4.15088318578232,7.19587183778732,5.58475555470009,7.19859292406344,5.59095222315304,562.793870962917,558.642987777134,2014.92026749915,2019.07115068493,956600000
685,262,3.12348592550829,7.19587183778732,5.58475555470009,7.19473137159162,5.58461200813856,561.766473702643,558.642987777134,2014.92026749915,2018.04375342466,956600000
686,263,3.49042300878443,7.19451067012726,5.58405377291631,7.19845700440769,5.58918797876044,562.810309319081,559.319886310297,2015.59716603231,2019.0875890411,956600000
686,264,2.52055999508582,7.19451067012726,5.58405377291631,7.19641392536004,5.5834133259699,561.840446305382,559.319886310297,2015.59716603231,2018.1177260274,956600000
687,265,3.4321892534432,7.2038517732343,5.59243396252522,7.229293,5.580561,562.766473702643,559.334284449199,2015.61156417121,2019.04375342466,956600000
687,266,3.42670980138825,7.2038517732343,5.59243396252522,7.19281679948938,5.59116741290282,562.760994250588,559.334284449199,2015.61156417121,2019.0382739726,956600000
688,690,0.499914375106101,6.85206839714174,5.78910034373185,6.85184125658922,5.78962251582363,540.784547518565,540.284633143459,1996.56191286547,1997.06182724058,956600000
688,689,8.19382192015858,6.85206839714174,5.78910034373185,6.89427317928625,5.64986501433568,548.478455063617,540.284633143459,1996.56191286547,2004.75573478563,956600000
689,269,14.2907583650528,6.89427317928625,5.64986501433568,7.19618794891038,5.58969682096169,562.76921342867,548.478455063617,2004.75573478563,2019.04649315069,956600000
689,268,14.4030871321761,6.89427317928625,5.64986501433568,6.85036482499416,5.60251398143593,562.881542195793,548.478455063617,2004.75573478563,2019.15882191781,956600000
690,696,1.48768498848702,6.85184125658922,5.78962251582363,6.85288368360389,5.78747035481901,542.272232507052,540.784547518565,1997.06182724058,1998.54951222907,956600000
690,691,1.10389523614447,6.85184125658922,5.78962251582363,6.85166158554103,5.78891976688965,541.888442754709,540.784547518565,1997.06182724058,1998.16572247672,956600000
691,692,16.5937835903764,6.85166158554103,5.78891976688965,6.85058095166812,5.78432139852451,558.482226345086,541.888442754709,1998.16572247672,2014.7595060671,956600000
691,693,0.108720483471718,6.85166158554103,5.78891976688965,6.8533499186745,5.78783208276322,541.997163238181,541.888442754709,1998.16572247672,1998.2744429602,956600000
692,271,4.27602817947476,6.85058095166812,5.78432139852451,6.8546039256828,5.77513053806816,562.75825452456,558.482226345086,2014.7595060671,2019.03553424658,956600000
692,270,4.40753502878996,6.85058095166812,5.78432139852451,7.19354250988345,5.5816017317214,562.889761373875,558.482226345086,2014.7595060671,2019.16704109589,956600000
693,272,19.840543341174,6.8533499186745,5.78783208276322,6.33453219876515,5.61991762523679,561.837706579355,541.997163238181,1998.2744429602,2018.11498630137,956600000
693,694,1.85499045764491,6.8533499186745,5.78783208276322,6.85272726381677,5.77751811442277,543.852153695826,541.997163238181,1998.2744429602,2000.12943341784,956600000
694,695,16.8919683264599,6.85272726381677,5.77751811442277,6.85296575008798,5.77705622849338,560.744122022286,543.852153695826,2000.12943341784,2017.0214017443,956600000
694,275,12.949936445173,6.85272726381677,5.77751811442277,6.9247421221296,5.77056534180153,556.802090140999,543.852153695826,2000.12943341784,2013.07936986301,956600000
695,274,1.09358455706911,6.85296575008798,5.77705622849338,6.85273788105746,5.77657017710097,561.837706579355,560.744122022286,2017.0214017443,2018.11498630137,956600000
695,273,1.99769414611024,6.85296575008798,5.77705622849338,6.85346162609374,5.77770628047382,562.741816168396,560.744122022286,2017.0214017443,2019.01909589041,956600000
696,276,18.4915014695636,6.85288368360389,5.78747035481901,6.78645392246064,5.59102752936804,560.763733976615,542.272232507052,1998.54951222907,2017.04101369863,956600000
696,697,0.436405971179877,6.85288368360389,5.78747035481901,6.85474240600576,5.78356124495886,542.708638478231,542.272232507052,1998.54951222907,1998.98591820025,956600000
697,698,6.61693202455667,6.85474240600576,5.78356124495886,7.21175159704367,5.20454427319326,549.325570502788,542.708638478231,1998.98591820025,2005.6028502248,956600000
697,280,14.0550954983837,6.85474240600576,5.78356124495886,6.87224,5.75412,556.763733976615,542.708638478231,1998.98591820025,2013.04101369863,956600000
698,699,4.69723521813032,7.21175159704367,5.20454427319326,7.25634762105362,5.19506232901703,554.022805720919,549.325570502788,2005.6028502248,2010.30008544293,956600000
698,277,10.5446085670226,7.21175159704367,5.20454427319326,7.579115,5.696218,559.870179069811,549.325570502788,2005.6028502248,2016.14745879183,956600000
699,279,7.84503784473766,7.25634762105362,5.19506232901703,7.24700296009173,5.19108822219716,561.867843565656,554.022805720919,2010.30008544293,2018.14512328767,956600000
699,278,7.76832551597051,7.25634762105362,5.19506232901703,7.24983642060821,5.19736810248801,561.791131236889,554.022805720919,2010.30008544293,2018.0684109589,956600000
700,702,0.425037167559964,6.74814407065249,6.13432837286015,6.74545927644496,6.13824504528031,527.003021200459,526.577984032899,1982.85526375491,1983.28030092247,956600000
700,701,3.53548773454944,6.74814407065249,6.13432837286015,6.74547649477888,6.13505449422268,530.113471767448,526.577984032899,1982.85526375491,1986.39075148946,956600000
701,282,3.23302111167252,6.74547649477888,6.13505449422268,6.74524336893685,6.13734704373312,533.346492879121,530.113471767448,1986.39075148946,1989.62377260114,956600000
701,283,26.4042482859689,6.74547649477888,6.13505449422268,6.74823476778739,6.1333299934363,556.517720053417,530.113471767448,1986.39075148946,2012.79499977543,956600000
702,284,34.7826305843754,6.74545927644496,6.13824504528031,6.71247359481384,6.33231985067514,561.785651784834,527.003021200459,1983.28030092247,2018.06293150685,956600000
702,285,29.5228955742699,6.74545927644496,6.13824504528031,6.75407457333167,6.13695069634527,556.525916774729,527.003021200459,1983.28030092247,2012.80319649674,956600000
703,704,0.792709684942878,6.74789542800533,6.13153271952928,6.74794899372028,6.13167724586373,521.417052470037,520.624342785094,1976.90162250711,1977.69433219205,956600000
703,304,34.3174733833017,6.74789542800533,6.13153271952928,6.77866735503516,6.07570858816996,554.941816168396,520.624342785094,1976.90162250711,2011.21909589041,956600000
704,705,2.97569957248579,6.74794899372028,6.13167724586373,6.75117545760624,6.13303972486036,524.392752042523,521.417052470037,1977.69433219205,1980.67003176454,956600000
704,708,5.11333602119238,6.74794899372028,6.13167724586373,6.75879752481123,6.13577436143584,526.530388491229,521.417052470037,1977.69433219205,1982.80766821324,956600000
705,707,30.5050539741219,6.75117545760624,6.13303972486036,6.75061093871187,6.13129231690657,554.897806016645,524.392752042523,1980.67003176454,2011.17508573866,956600000
705,706,6.93474234456056,6.75117545760624,6.13303972486036,6.9364901770718,5.98356981054255,531.327494387083,524.392752042523,1980.67003176454,1987.6047741091,956600000
706,287,30.5430889046001,6.9364901770718,5.98356981054255,6.93856196171581,5.98290853373725,561.870583291683,531.327494387083,1987.6047741091,2018.1478630137,956600000
706,286,31.4608971237782,6.9364901770718,5.98356981054255,6.9413836088133,5.98317460018465,562.788391510862,531.327494387083,1987.6047741091,2019.06567123288,956600000
707,288,6.94264028873758,6.75061093871187,6.13129231690657,6.74921393418815,6.12923290517176,561.840446305382,554.897806016645,2011.17508573866,2018.1177260274,956600000
707,289,1.61991403677243,6.75061093871187,6.13129231690657,6.75208034981398,6.12945591023419,556.517720053417,554.897806016645,2011.17508573866,2012.79499977543,956600000
708,710,1.06183747218911,6.75879752481123,6.13577436143584,6.75939874800173,6.13542551079867,527.592225963419,526.530388491229,1982.80766821324,1983.86950568543,956600000
708,709,29.9403918377663,6.75879752481123,6.13577436143584,6.75095668339455,6.13250783364382,556.470780328996,526.530388491229,1982.80766821324,2012.74806005101,956600000
709,290,5.39158378460569,6.75095668339455,6.13250783364382,6.75168410614839,6.1341935391577,561.862364113601,556.470780328996,2012.74806005101,2018.13964383562,956600000
709,291,6.26829611337279,6.75095668339455,6.13250783364382,6.75062324354323,6.13216951655277,562.739076442369,556.470780328996,2012.74806005101,2019.01635616438,956600000
710,711,1.03301172686051,6.75939874800173,6.13542551079867,6.7802252392713,6.10822267759788,528.625237690279,527.592225963419,1983.86950568543,1984.90251741229,956600000
710,716,2.16156024977062,6.75939874800173,6.13542551079867,6.75810644368275,6.13323968138437,529.753786213189,527.592225963419,1983.86950568543,1986.0310659352,956600000
711,712,2.59564064885792,6.7802252392713,6.10822267759788,6.99358499442282,5.88536169282413,531.220878339137,528.625237690279,1984.90251741229,1987.49815806115,956600000
711,713,9.15844517322107,6.7802252392713,6.10822267759788,6.77511424158958,6.1052803452928,537.7836828635,528.625237690279,1984.90251741229,1994.06096258552,956600000
712,292,31.5181981032315,6.99358499442282,5.88536169282413,7.456942,5.800781,562.739076442369,531.220878339137,1987.49815806115,2019.01635616438,956600000
712,293,30.5483350895329,6.99358499442282,5.88536169282413,6.997077,5.904454,561.76921342867,531.220878339137,1987.49815806115,2018.04649315069,956600000
713,714,11.6944722220984,6.77511424158958,6.1052803452928,6.77093992947577,6.07413156371491,549.478155085599,537.7836828635,1994.06096258552,2005.75543480761,956600000
713,294,24.0896401542109,6.77511424158958,6.1052803452928,6.611239599683,5.9843540610743,561.873323017711,537.7836828635,1994.06096258552,2018.15060273973,956600000
714,715,0.261225657092787,6.77093992947577,6.07413156371491,6.77135982913714,6.07474470585395,549.739380742691,549.478155085599,2005.75543480761,2006.01666046471,956600000
714,295,6.0362638225235,6.77093992947577,6.07413156371491,6.78005686881805,6.08219680562589,555.514418908122,549.478155085599,2005.75543480761,2011.79169863014,956600000
715,296,5.20517515173196,6.77135982913714,6.07474470585395,6.77527981589644,6.08172621355232,554.944555894423,549.739380742691,2006.01666046471,2011.22183561644,956600000
715,297,5.20243542570461,6.77135982913714,6.07474470585395,6.77056528822073,6.07487469982676,554.941816168396,549.739380742691,2006.01666046471,2011.21909589041,956600000
716,720,13.5339633600323,6.75810644368275,6.13323968138437,6.75469401264841,6.13364349559046,543.287749573222,529.753786213189,1986.0310659352,1999.56502929524,956600000
716,717,1.16516209798197,6.75810644368275,6.13323968138437,6.75686351826288,6.13558144043068,530.918948311171,529.753786213189,1986.0310659352,1987.19622803319,956600000
717,298,20.9144597480862,6.75686351826288,6.13558144043068,6.74058471966375,6.22513187255917,551.833408059257,530.918948311171,1987.19622803319,2008.11068778127,956600000
717,718,0.210538276540603,6.75686351826288,6.13558144043068,6.7540538887768,6.13397448897015,531.129486587712,530.918948311171,1987.19622803319,1987.40676630973,956600000
718,299,30.7465761560267,6.7540538887768,6.13397448897015,6.713854,6.154398,561.876062743738,531.129486587712,1987.40676630973,2018.15334246575,956600000
718,719,17.6953484898258,6.7540538887768,6.13397448897015,6.75244620072104,6.1349567194439,548.824835077538,531.129486587712,1987.40676630973,2005.10211479955,956600000
719,301,7.6928849758796,6.75244620072104,6.1349567194439,6.75362652647296,6.13750833038884,556.517720053417,548.824835077538,2005.10211479955,2012.79499977543,956600000
719,300,7.6928849758796,6.75244620072104,6.1349567194439,6.75354615526577,6.13300036642857,556.517720053417,548.824835077538,2005.10211479955,2012.79499977543,956600000
720,303,19.5170802938045,6.75469401264841,6.13364349559046,6.678119,3.51526,562.804829867026,543.287749573222,1999.56502929524,2019.08210958904,956600000
720,302,19.5280391979141,6.75469401264841,6.13364349559046,7.06857928585488,6.26559277966547,562.815788771136,543.287749573222,1999.56502929524,2019.09306849315,956600000
721,722,1.89135018408843,6.74681854340063,6.13702143110959,6.74770963927476,6.13337976445822,517.382524742583,515.491174558494,1971.76845428051,1973.6598044646,956600000
721,724,3.86067929760139,6.74681854340063,6.13702143110959,6.74635597096157,6.13702911883785,519.351853856095,515.491174558494,1971.76845428051,1975.62913357811,956600000
722,307,44.4551818367723,6.74770963927476,6.13337976445822,6.479748,5.898933,561.837706579355,517.382524742583,1973.6598044646,2018.11498630137,956600000
722,723,10.6030846101488,6.74770963927476,6.13337976445822,6.75084873240097,6.13027100034897,527.985609352731,517.382524742583,1973.6598044646,1984.26288907475,956600000
723,305,32.9890835279934,6.75084873240097,6.13027100034897,6.75028773985605,6.22022803501522,560.974692880725,527.985609352731,1984.26288907475,2017.25197260274,956600000
723,306,10.3794482966872,6.75084873240097,6.13027100034897,6.7514204070767,6.13070337241694,538.365057649419,527.985609352731,1984.26288907475,1994.64233737143,956600000
724,726,1.6724543685956,6.74635597096157,6.13702911883785,7.06358387449791,6.28811764654336,521.024308224691,519.351853856095,1975.62913357811,1977.30158794671,956600000
724,725,27.8393201982217,6.74635597096157,6.13702911883785,6.73791788263809,6.13622890865625,547.191174054317,519.351853856095,1975.62913357811,2003.46845377633,956600000
725,309,15.5588612921611,6.73791788263809,6.13622890865625,6.74809800798914,6.13400951790304,562.750035346478,547.191174054317,2003.46845377633,2019.02731506849,956600000
725,308,15.6602311551746,6.73791788263809,6.13622890865625,6.7383734203358,6.21976409245434,562.851405209492,547.191174054317,2003.46845377633,2019.12868493151,956600000
726,727,2.44302459565247,7.06358387449791,6.28811764654336,6.90732792062217,5.78979296944438,523.467332820344,521.024308224691,1977.30158794671,1979.74461254236,956600000
726,736,0.474757464341444,7.06358387449791,6.28811764654336,7.0695984428271,6.28313368207433,521.499065689032,521.024308224691,1977.30158794671,1977.77634541105,956600000
727,733,14.1576605575845,6.90732792062217,5.78979296944438,6.91278620432404,5.78421514195614,537.624993377928,523.467332820344,1979.74461254236,1993.90227309994,956600000
727,728,22.7577962394282,6.90732792062217,5.78979296944438,6.90953938817539,5.79155043691447,546.225129059772,523.467332820344,1979.74461254236,2002.50240878179,956600000
728,729,3.32035446333062,6.90953938817539,5.79155043691447,6.90819480896552,5.77718397336462,549.545483523102,546.225129059772,2002.50240878179,2005.82276324512,956600000
728,310,15.5933994373913,6.90953938817539,5.79155043691447,6.92514057629277,5.77163723213495,561.818528497163,546.225129059772,2002.50240878179,2018.09580821918,956600000
729,311,12.3387983987182,6.90819480896552,5.77718397336462,6.33783388208724,5.62355514525915,561.884281921821,549.545483523102,2005.82276324512,2018.16156164384,956600000
729,730,1.00668617312373,6.90819480896552,5.77718397336462,6.77996162859328,5.58854460571989,550.552169696226,549.545483523102,2005.82276324512,2006.82944941824,956600000
730,731,0.649299832619649,6.77996162859328,5.58854460571989,6.78160263304191,5.58902232099805,551.201469528846,550.552169696226,2006.82944941824,2007.47874925086,956600000
730,315,7.75129030778627,6.77996162859328,5.58854460571989,6.78481224781333,5.58653208401166,558.303460004012,550.552169696226,2006.82944941824,2014.58073972603,956600000
731,314,11.5239082833858,6.78160263304191,5.58902232099805,6.78048636382262,5.59196631607133,562.725377812231,551.201469528846,2007.47874925086,2019.00265753425,956600000
731,732,0.710401505859862,6.78160263304191,5.58902232099805,6.7802202284838,5.58568240695487,551.911871034706,551.201469528846,2007.47874925086,2008.18915075672,956600000
732,312,6.15871225697797,6.7802202284838,5.58568240695487,6.77967866806584,5.59161782701243,558.070583291684,551.911871034706,2008.18915075672,2014.3478630137,956600000
732,313,6.18336979122465,6.7802202284838,5.58568240695487,6.77961768398999,5.58525491324063,558.09524082593,551.911871034706,2008.18915075672,2014.37252054795,956600000
733,735,20.8307499378711,6.91278620432404,5.78421514195614,6.92339603916347,5.77467898127901,558.455743315799,537.624993377928,1993.90227309994,2014.73302303781,956600000
733,734,8.07849865427696,6.91278620432404,5.78421514195614,7.18807693569759,5.58565242429062,545.703492032205,537.624993377928,1993.90227309994,2001.98077175422,956600000
734,316,17.0164063279718,7.18807693569759,5.58565242429062,7.19274962879593,5.58514138738083,562.719898360177,545.703492032205,2001.98077175422,2018.99717808219,956600000
734,317,16.0465433142732,7.18807693569759,5.58565242429062,7.182869,5.581471,561.750035346478,545.703492032205,2001.98077175422,2018.02731506849,956600000
735,319,1.46634832231749,6.92339603916347,5.77467898127901,7.09074078371577,4.79902192916275,559.922091638117,558.455743315799,2014.73302303781,2016.19937136013,956600000
735,318,4.3107303868434,6.92339603916347,5.77467898127901,6.92283658941346,5.77602143035076,562.766473702643,558.455743315799,2014.73302303781,2019.04375342466,956600000
736,737,2.53181441500927,7.0695984428271,6.28313368207433,7.06993050994911,6.28080034330226,524.030880104042,521.499065689032,1977.77634541105,1980.30815982606,956600000
736,755,11.2068124987136,7.0695984428271,6.28313368207433,7.07125472398965,6.28624174902362,532.705878187746,521.499065689032,1977.77634541105,1988.98315790976,956600000
737,738,0.238239873927064,7.06993050994911,6.28080034330226,7.07540784323361,6.28039572244458,524.269119977969,524.030880104042,1980.30815982606,1980.54639969998,956600000
737,747,3.28511131641577,7.06993050994911,6.28080034330226,7.06900053758245,6.27804730495111,527.315991420458,524.030880104042,1980.30815982606,1983.59327114247,956600000
738,739,0.26726791489007,7.07540784323361,6.28039572244458,7.07590786791073,6.28101075233582,524.536387892859,524.269119977969,1980.54639969998,1980.81366761487,956600000
738,742,0.543893033427885,7.07540784323361,6.28039572244458,7.07497270670165,6.28055848307817,524.813013011397,524.269119977969,1980.54639969998,1981.09029273341,956600000
739,740,35.843451484731,7.07590786791073,6.28101075233582,7.08191219727013,6.28381034319334,560.37983937759,524.536387892859,1980.81366761487,2016.65711909961,956600000
739,741,19.731783823593,7.07590786791073,6.28101075233582,7.07705484730231,6.28109307224448,544.268171716452,524.536387892859,1980.81366761487,2000.54545143847,956600000
740,320,2.49622336614859,7.08191219727013,6.28381034319334,7.08219564314557,6.28555000453249,562.876062743738,560.37983937759,2016.65711909961,2019.15334246575,956600000
740,321,1.40855213327179,7.08191219727013,6.28381034319334,7.08247398928601,6.28210827128587,561.788391510862,560.37983937759,2016.65711909961,2018.06567123288,956600000
741,323,18.5010417122181,7.07705484730231,6.28109307224448,7.07041279720376,6.27133012641912,562.76921342867,544.268171716452,2000.54545143847,2019.04649315069,956600000
741,322,18.6133704793413,7.07705484730231,6.28109307224448,7.0830404538633,6.28178802897198,562.881542195793,544.268171716452,2000.54545143847,2019.15882191781,956600000
742,745,2.14509569466808,7.07497270670165,6.28055848307817,7.07351698393378,6.28038764707562,526.958108706065,524.813013011397,1981.09029273341,1983.23538842808,956600000
742,743,1.20893966906232,7.07497270670165,6.28055848307817,7.07833201552215,6.27112744184817,526.021952680459,524.813013011397,1981.09029273341,1982.29923240247,956600000
743,324,35.8157538988957,7.07833201552215,6.27112744184817,7.06508397745805,6.27053539152582,561.837706579355,526.021952680459,1982.29923240247,2018.11498630137,956600000
743,744,33.1491254500455,7.07833201552215,6.27112744184817,7.06797329106873,6.26272012653535,559.171078130504,526.021952680459,1982.29923240247,2015.44835785252,956600000
744,325,2.67484762693256,7.06797329106873,6.26272012653535,7.113571,6.327094,561.845925757437,559.171078130504,2015.44835785252,2018.12320547945,956600000
744,326,2.57347776391875,7.06797329106873,6.26272012653535,7.06727276490581,6.26234105909033,561.744555894423,559.171078130504,2015.44835785252,2018.02183561644,956600000
745,746,14.4525993526631,7.07351698393378,6.28038764707562,7.07034140173321,6.26317813643064,541.410708058728,526.958108706065,1983.23538842808,1997.68798778074,956600000
745,329,34.2565016043209,7.07351698393378,6.28038764707562,7.088383,6.290372,561.214610310386,526.958108706065,1983.23538842808,2017.4918900324,956600000
746,328,21.4105601644625,7.07034140173321,6.26317813643064,7.07154390699569,6.26479249852647,562.82126822319,541.410708058728,1997.68798778074,2019.09854794521,956600000
746,327,21.3667245480243,7.07034140173321,6.26317813643064,7.06860456799945,6.2631094242821,562.777432606752,541.410708058728,1997.68798778074,2019.05471232877,956600000
747,750,3.71089867339787,7.06900053758245,6.27804730495111,7.07002451089721,6.2776038249206,531.026890093855,527.315991420458,1983.59327114247,1987.30416981587,956600000
747,748,0.458064623758688,7.06900053758245,6.27804730495111,7.06963527561139,6.27958567308845,527.774056044216,527.315991420458,1983.59327114247,1984.05133576623,956600000
748,332,31.9567787632993,7.06963527561139,6.27958567308845,6.74651416312668,6.22059533973626,559.730834807516,527.774056044216,1984.05133576623,2016.00811452953,956600000
748,749,6.57814870933014,7.06963527561139,6.27958567308845,7.06201013776877,6.26897995279091,534.352204753546,527.774056044216,1984.05133576623,1990.62948447556,956600000
749,330,27.5074196340277,7.06201013776877,6.26897995279091,7.218593,6.334514,561.859624387574,534.352204753546,1990.62948447556,2018.13690410959,956600000
749,331,27.5211182641647,7.06201013776877,6.26897995279091,7.06176863367759,6.26975834165609,561.873323017711,534.352204753546,1990.62948447556,2018.15060273973,956600000
750,751,9.47239617874591,7.07002451089721,6.2776038249206,7.07387845626416,6.28569294976545,540.499286272601,531.026890093855,1987.30416981587,1996.77656599462,956600000
750,338,31.8683507320748,7.07002451089721,6.2776038249206,7.06402506929373,6.27151645405215,562.89524082593,531.026890093855,1987.30416981587,2019.17252054795,956600000
751,752,1.19639218814747,7.07387845626416,6.28569294976545,7.08471030950048,6.28581295810858,541.695678460749,540.499286272601,1996.77656599462,1997.97295818276,956600000
751,754,1.89724765563621,7.07387845626416,6.28569294976545,7.07357023342649,6.28565532353089,542.396533928238,540.499286272601,1996.77656599462,1998.67381365025,956600000
752,335,21.0680555158664,7.08471030950048,6.28581295810858,7.08376323962385,6.28819217339463,562.763733976615,541.695678460749,1997.97295818276,2019.04101369863,956600000
752,753,9.02118725352568,7.08471030950048,6.28581295810858,7.08377626112024,6.28470068253702,550.716865714274,541.695678460749,1997.97295818276,2006.99414543629,956600000
753,333,12.0441285363132,7.08377626112024,6.28470068253702,7.08096866241593,6.28390038224119,562.760994250588,550.716865714274,2006.99414543629,2019.0382739726,956600000
753,334,12.013991550012,7.08377626112024,6.28470068253702,7.08159984343376,6.28331925122227,562.730857264286,550.716865714274,2006.99414543629,2019.0081369863,956600000
754,337,20.4137753908434,7.07357023342649,6.28565532353089,7.0656046289575,6.26328893451476,562.810309319081,542.396533928238,1998.67381365025,2019.0875890411,956600000
754,336,20.3452822401584,7.07357023342649,6.28565532353089,7.08334813996625,6.28597813778541,562.741816168396,542.396533928238,1998.67381365025,2019.01909589041,956600000
755,343,26.0359379806498,7.07125472398965,6.28624174902362,10.0727,8.9341,558.741816168396,532.705878187746,1988.98315790976,2015.01909589041,956600000
755,756,6.42914048102864,7.07125472398965,6.28624174902362,7.07166927611576,6.28886094255107,539.135018668775,532.705878187746,1988.98315790976,1995.41229839079,956600000
756,339,17.7958385955116,7.07166927611576,6.28886094255107,4.869632,7.019002,556.930857264286,539.135018668775,1995.41229839079,2013.2081369863,956600000
756,757,6.40432875609935,7.07166927611576,6.28886094255107,7.07123629829974,6.28867713286021,545.539347424874,539.135018668775,1995.41229839079,2001.81662714689,956600000
757,342,17.2353454558506,7.07123629829974,6.28867713286021,7.08076234183341,6.28177564017979,562.774692880725,545.539347424874,2001.81662714689,2019.05197260274,956600000
757,758,6.61788517647811,7.07123629829974,6.28867713286021,7.06906528253135,6.28795219140476,552.157232601352,545.539347424874,2001.81662714689,2008.43451232337,956600000
758,341,10.6695150738932,7.06906528253135,6.28795219140476,7.06460641359442,6.27065950582258,562.826747675245,552.157232601352,2008.43451232337,2019.10402739726,956600000
758,340,9.60650137526305,7.06906528253135,6.28795219140476,7.19312500930318,5.5894215968982,561.763733976615,552.157232601352,2008.43451232337,2018.04101369863,956600000
759,760,15.1982364423405,7.06657017783767,6.26566882557923,6.92254073302178,5.77429720535443,536.530615964639,521.332379522299,1977.60965924431,1992.80789568665,956600000
759,344,41.4094366460971,7.06657017783767,6.26566882557923,7.06871343712549,6.26454772356534,562.741816168396,521.332379522299,1977.60965924431,2019.01909589041,956600000
760,761,0.538896802252346,6.92254073302178,5.77429720535443,6.92139414735688,5.77514907446303,537.069512766892,536.530615964639,1992.80789568665,1993.34679248891,956600000
760,800,0.817819187529022,6.92254073302178,5.77429720535443,6.915448217738,5.77278889524461,537.348435152168,536.530615964639,1992.80789568665,1993.62571487418,956600000
761,764,7.48549717312953,6.92139414735688,5.77514907446303,7.19707504312072,5.58539539778722,544.555009940021,537.069512766892,1993.34679248891,2000.83228966204,956600000
761,762,5.00894342579125,6.92139414735688,5.77514907446303,6.92193514285076,5.77420545081153,542.078456192683,537.069512766892,1993.34679248891,1998.3557359147,956600000
762,345,19.7565106606445,6.92193514285076,5.77420545081153,6.93116702113414,5.77073406384608,561.834966853327,542.078456192683,1998.3557359147,2018.11224657534,956600000
762,763,11.9846029354231,6.92193514285076,5.77420545081153,6.92207014717835,5.77548876764038,554.063059128106,542.078456192683,1998.3557359147,2010.34033885012,956600000
763,347,4.26505841015299,6.92207014717835,5.77548876764038,6.92636571152607,5.77629964561078,558.328117538259,554.063059128106,2010.34033885012,2014.60539726027,956600000
763,346,4.80204471152277,6.92207014717835,5.77548876764038,6.92283371898302,5.77734481992318,558.865103839629,554.063059128106,2010.34033885012,2015.14238356164,956600000
764,783,2.36727541814767,7.19707504312072,5.58539539778722,7.19737608150036,5.58546975240398,546.922285358169,544.555009940021,2000.83228966204,2003.19956508018,956600000
764,765,7.60212045992923,7.19707504312072,5.58539539778722,7.20037305010845,5.58427163803705,552.15713039995,544.555009940021,2000.83228966204,2008.43441012197,956600000
765,782,3.50575120635404,7.20037305010845,5.58427163803705,7.1934662007403,5.58828649582007,555.662881606304,552.15713039995,2008.43441012197,2011.94016132832,956600000
765,766,0.258601325501107,7.20037305010845,5.58427163803705,7.20118625887952,5.58394660921975,552.415731725451,552.15713039995,2008.43441012197,2008.69301144747,956600000
766,364,9.43019403198558,7.20118625887952,5.58394660921975,7.20164417536143,5.58480655806727,561.845925757437,552.415731725451,2008.69301144747,2018.12320547945,956600000
766,767,0.745357243105797,7.20118625887952,5.58394660921975,7.20076120429742,5.58425776576421,553.161088968557,552.415731725451,2008.69301144747,2009.43836869057,956600000
767,769,0.764895363029879,7.20076120429742,5.58425776576421,7.20010401502443,5.58577408161197,553.925984331587,553.161088968557,2009.43836869057,2010.2032640536,956600000
767,768,1.20587231895805,7.20076120429742,5.58425776576421,7.20045880024078,5.58616840775916,554.366961287515,553.161088968557,2009.43836869057,2010.64424100953,956600000
768,349,8.47074529183943,7.20045880024078,5.58616840775916,7.20222727716589,5.58477259027567,562.837706579355,554.366961287515,2010.64424100953,2019.11498630137,956600000
768,348,7.3721151548532,7.20045880024078,5.58616840775916,7.19603469704397,5.58767113113469,561.739076442369,554.366961287515,2010.64424100953,2018.01635616438,956600000
769,770,1.01643263229422,7.20010401502443,5.58577408161197,7.19833197543808,5.58429119142883,554.942416963881,553.925984331587,2010.2032640536,2011.2196966859,956600000
769,780,3.49455942436608,7.20010401502443,5.58577408161197,7.19896650122653,5.58112330865779,557.420543755953,553.925984331587,2010.2032640536,2013.69782347797,956600000
770,360,7.84049509492554,7.19833197543808,5.58429119142883,7.19702057075159,5.58256240153155,562.782912058807,554.942416963881,2011.2196966859,2019.06019178082,956600000
770,771,1.01225482601009,7.19833197543808,5.58429119142883,7.19796413570738,5.58458407095994,555.954671789891,554.942416963881,2011.2196966859,2012.23195151191,956600000
771,772,0.800059075859198,7.19796413570738,5.58458407095994,7.19779256483597,5.58576154280192,556.754730865751,555.954671789891,2012.23195151191,2013.03201058777,956600000
771,776,0.0404941088881836,7.19796413570738,5.58458407095994,7.19797922571406,5.58441250095702,555.99516589878,555.954671789891,2012.23195151191,2012.27244562079,956600000
772,354,5.09119489168639,7.19779256483597,5.58576154280192,7.19685973839732,5.58975384037659,561.845925757437,556.754730865751,2013.03201058777,2018.12320547945,956600000
772,773,1.45266555360343,7.19779256483597,5.58576154280192,7.19721428634652,5.58608519448349,558.207396419354,556.754730865751,2013.03201058777,2014.48467614137,956600000
773,353,1.22209098191849,7.19721428634652,5.58608519448349,7.1989188153774,5.58424431462821,559.429487401273,558.207396419354,2014.48467614137,2015.70676712329,956600000
773,774,0.594176560926901,7.19721428634652,5.58608519448349,7.19780514453801,5.58732808266381,558.801572980281,558.207396419354,2014.48467614137,2015.0788527023,956600000
774,352,4.01695551688203,7.19780514453801,5.58732808266381,7.19602461972908,5.5878681247014,562.818528497163,558.801572980281,2015.0788527023,2019.09580821918,956600000
774,775,0.652395022379337,7.19780514453801,5.58732808266381,7.19673313052951,5.58767004072812,559.45396800266,558.801572980281,2015.0788527023,2015.73124772468,956600000
775,351,3.33168378217395,7.19673313052951,5.58767004072812,7.19644196881451,5.58767022737632,562.785651784834,559.45396800266,2015.73124772468,2019.06293150685,956600000
775,350,2.31250569998222,7.19673313052951,5.58767004072812,7.19256559776366,5.58540255975335,561.766473702643,559.45396800266,2015.73124772468,2018.04375342466,956600000
776,359,5.8507598586574,7.19797922571406,5.58441250095702,7.62692,5.21561,561.845925757437,555.99516589878,2012.27244562079,2018.12320547945,956600000
776,777,0.221688107327877,7.19797922571406,5.58441250095702,7.19799345968856,5.5846137886765,556.216854006107,555.99516589878,2012.27244562079,2012.49413372812,956600000
777,778,1.09061101992883,7.19799345968856,5.5846137886765,7.19669661675775,5.58362473743964,557.307465026036,556.216854006107,2012.49413372812,2013.58474474805,956600000
777,355,5.60715394311021,7.19799345968856,5.5846137886765,7.20220094513337,5.58303718064176,561.824007949218,556.216854006107,2012.49413372812,2018.10128767123,956600000
778,779,0.430148379392627,7.19669661675775,5.58362473743964,7.19679812631959,5.58534395497968,557.737613405429,557.307465026036,2013.58474474805,2014.01489312744,956600000
778,358,5.5740771697568,7.19669661675775,5.58362473743964,7.20056451410134,5.58200793662373,562.881542195793,557.307465026036,2013.58474474805,2019.15882191781,956600000
779,357,5.16036714652854,7.19679812631959,5.58534395497968,7.20136723351589,5.58789402934301,562.897980551958,557.737613405429,2014.01489312744,2019.17526027397,956600000
779,356,5.06173700954231,7.19679812631959,5.58534395497968,7.1958719756085,5.58884027227673,562.799350414971,557.737613405429,2014.01489312744,2019.07663013699,956600000
780,363,4.40894364531944,7.19896650122653,5.58112330865779,7.19380193763916,5.5850346713394,561.829487401273,557.420543755953,2013.69782347797,2018.10676712329,956600000
780,781,0.844848345595762,7.19896650122653,5.58112330865779,7.20223607088848,5.58218501838741,558.265392101549,557.420543755953,2013.69782347797,2014.54267182356,956600000
781,362,3.48738297095654,7.20223607088848,5.58218501838741,7.20156820850631,5.58159522677569,561.752775072506,558.265392101549,2014.54267182356,2018.03005479452,956600000
781,361,4.50382132712091,7.20223607088848,5.58218501838741,7.20155439598344,5.58949001380366,562.76921342867,558.265392101549,2014.54267182356,2019.04649315069,956600000
782,366,6.15564689085861,7.1934662007403,5.58828649582007,7.19451459659427,5.59139598100506,561.818528497163,555.662881606304,2011.94016132832,2018.09580821918,956600000
782,365,6.16660579496827,7.1934662007403,5.58828649582007,7.19334157300292,5.58924931017623,561.829487401273,555.662881606304,2011.94016132832,2018.10676712329,956600000
783,786,0.900870654740396,7.19737608150036,5.58546975240398,7.19816835759706,5.58715330840338,547.823156012909,546.922285358169,2003.19956508018,2004.10043573492,956600000
783,784,1.90022344408296,7.19737608150036,5.58546975240398,7.19681885513439,5.58595303932254,548.822508802252,546.922285358169,2003.19956508018,2005.09978852427,956600000
784,367,13.9686224346372,7.19681885513439,5.58595303932254,7.19711522434991,5.58714871710854,562.791131236889,548.822508802252,2005.09978852427,2019.0684109589,956600000
784,785,1.81957715916849,7.19681885513439,5.58595303932254,7.19573699073404,5.58497803831215,550.64208596142,548.822508802252,2005.09978852427,2006.91936568344,956600000
785,369,12.0778123987565,7.19573699073404,5.58497803831215,7.19722465755738,5.58867816651893,562.719898360177,550.64208596142,2006.91936568344,2018.99717808219,956600000
785,368,12.1517850014963,7.19573699073404,5.58497803831215,6.33325346936822,5.62239897834786,562.793870962917,550.64208596142,2006.91936568344,2019.07115068493,956600000
786,793,1.20021272245482,7.19816835759706,5.58715330840338,7.20001653194513,5.58691477255859,549.023368735364,547.823156012909,2004.10043573492,2005.30064845738,956600000
786,787,0.585749616333986,7.19816835759706,5.58715330840338,7.19890115024974,5.58671876468942,548.408905629243,547.823156012909,2004.10043573492,2004.68618535126,956600000
787,788,1.11280983919085,7.19890115024974,5.58671876468942,7.19593702812719,5.58801661028829,549.521715468434,548.408905629243,2004.68618535126,2005.79899519045,956600000
787,370,13.3603077994267,7.19890115024974,5.58671876468942,8.84538,7.87839,561.76921342867,548.408905629243,2004.68618535126,2018.04649315069,956600000
788,792,2.72833577051615,7.19593702812719,5.58801661028829,7.19592555500495,5.58920815557305,552.25005123895,549.521715468434,2005.79899519045,2008.52733096097,956600000
788,789,0.535092241130867,7.19593702812719,5.58801661028829,7.19620454954955,5.58735010507583,550.056807709565,549.521715468434,2005.79899519045,2006.33408743158,956600000
789,790,9.85604131544026,7.19620454954955,5.58735010507583,7.19750831038932,5.58472951594633,559.912849025005,550.056807709565,2006.33408743158,2016.19012874702,956600000
789,371,10.9863783218448,7.19620454954955,5.58735010507583,7.19382130116706,5.58668101165025,561.04318603141,550.056807709565,2006.33408743158,2017.32046575342,956600000
790,791,1.33586895000296,7.19750831038932,5.58472951594633,7.19853451000766,5.57748956500624,561.248717975008,559.912849025005,2016.19012874702,2017.52599769702,956600000
790,374,1.92759728037717,7.19750831038932,5.58472951594633,7.19777251038761,5.584369880999,561.840446305382,559.912849025005,2016.19012874702,2018.1177260274,956600000
791,373,1.63556394681238,7.19853451000766,5.57748956500624,7.839884,5.857344,562.884281921821,561.248717975008,2017.52599769702,2019.16156164384,956600000
791,372,1.50405709749741,7.19853451000766,5.57748956500624,7.202272,5.381605,562.752775072506,561.248717975008,2017.52599769702,2019.03005479452,956600000
792,375,10.5301210938294,7.19592555500495,5.58920815557305,7.19616876137863,5.58862842436787,562.78017233278,552.25005123895,2008.52733096097,2019.05745205479,956600000
792,376,9.56573753218548,7.19592555500495,5.58920815557305,7.19327078368727,5.58878646035224,561.815788771136,552.25005123895,2008.52733096097,2018.09306849315,956600000
793,795,4.26880955884054,7.20001653194513,5.58691477255859,7.19941423271493,5.58705064243603,553.292178294205,549.023368735364,2005.30064845738,2009.56945801622,956600000
793,794,1.75040091815193,7.20001653194513,5.58691477255859,6.73674418989268,5.41242721263991,550.773769653516,549.023368735364,2005.30064845738,2007.05104937553,956600000
794,377,11.9981835011813,6.73674418989268,5.41242721263991,6.733367,5.401827,562.771953154697,550.773769653516,2007.05104937553,2019.04923287671,956600000
794,378,12.0968136381675,6.73674418989268,5.41242721263991,7.08483034273667,4.79443845878762,562.870583291683,550.773769653516,2007.05104937553,2019.1478630137,956600000
795,379,8.54826801117777,7.19941423271493,5.58705064243603,7.19844224386605,5.58469141660606,561.840446305382,553.292178294205,2009.56945801622,2018.1177260274,956600000
795,796,0.752245859095053,7.19941423271493,5.58705064243603,7.19824411137344,5.58755247233124,554.0444241533,553.292178294205,2009.56945801622,2010.32170387531,956600000
796,797,0.40295899716806,7.19824411137344,5.58755247233124,7.19814236012804,5.58776777980389,554.447383150468,554.0444241533,2010.32170387531,2010.72466287248,956600000
796,384,5.84214835913415,7.19824411137344,5.58755247233124,7.20061850948016,5.59007134304944,559.886572512434,554.0444241533,2010.32170387531,2016.16385223445,956600000
797,799,1.50682734477233,7.19814236012804,5.58776777980389,7.19827987718076,5.58793855473955,555.95421049524,554.447383150468,2010.72466287248,2012.23149021726,956600000
797,798,0.85431603064858,7.19814236012804,5.58776777980389,7.2009469946599,5.59064102574676,555.301699181116,554.447383150468,2010.72466287248,2011.57897890313,956600000
798,381,5.47025397358101,7.2009469946599,5.59064102574676,7.19600945977269,5.58519451000692,560.771953154697,555.301699181116,2011.57897890313,2017.04923287671,956600000
798,380,6.45929506947135,7.2009469946599,5.59064102574676,7.20072327919715,5.59047101616728,561.760994250588,555.301699181116,2011.57897890313,2018.0382739726,956600000
799,383,6.83418101562163,7.19827987718076,5.58793855473955,7.20018820250094,5.59043195987282,562.788391510862,555.95421049524,2012.23149021726,2019.06567123288,956600000
799,382,5.88349608411474,7.19827987718076,5.58793855473955,7.19338388725402,5.58307196333667,561.837706579355,555.95421049524,2012.23149021726,2018.11498630137,956600000
800,387,25.396120742255,6.915448217738,5.77278889524461,7.457113,5.799837,562.744555894423,537.348435152168,1993.62571487418,2019.02183561644,956600000
800,801,2.41686112094684,6.915448217738,5.77278889524461,6.92622389726831,5.77640399742621,539.765296273115,537.348435152168,1993.62571487418,1996.04257599513,956600000
801,386,22.116245922678,6.92622389726831,5.77640399742621,6.8463708444716,5.59806097052904,561.881542195793,539.765296273115,1996.04257599513,2018.15882191781,956600000
801,385,19.8039171555547,6.92622389726831,5.77640399742621,6.92401180105669,5.77620599448396,559.56921342867,539.765296273115,1996.04257599513,2015.84649315069,956600000
802,389,35.6570185111872,7.06503035012373,6.26226547980346,6.947775,5.91429,561.84318603141,526.186167520223,1982.46344724224,2018.12046575342,956600000
802,390,35.6460596070775,7.06503035012373,6.26226547980346,7.06180221539114,6.2674934241524,561.8322271273,526.186167520223,1982.46344724224,2018.10950684932,956600000
803,805,3.59771477142537,6.65647799391139,6.38623663273566,6.44781697281224,6.70871506886974,506.033395648193,502.435680876767,1958.71296059878,1962.31067537021,956600000
803,804,20.8924637268044,6.65647799391139,6.38623663273566,6.65143541250086,6.38429853726722,523.328144603572,502.435680876767,1958.71296059878,1979.60542432559,956600000
804,391,38.4629866333171,6.65143541250086,6.38429853726722,6.66209647434168,6.38044624195503,561.791131236889,523.328144603572,1979.60542432559,2018.0684109589,956600000
804,392,38.4438085511254,6.65143541250086,6.38429853726722,7.098654,6.678859,561.771953154697,523.328144603572,1979.60542432559,2018.04923287671,956600000
805,806,26.7508436207709,6.44781697281224,6.70871506886974,6.44861576949766,6.73000528571193,532.784239268964,506.033395648193,1962.31067537021,1989.06151899098,956600000
805,808,28.9455181323086,6.44781697281224,6.70871506886974,6.74762991464071,6.13265876827566,534.978913780502,506.033395648193,1962.31067537021,1991.25619350252,956600000
806,393,23.3427704019399,6.44861576949766,6.73000528571193,6.19532498684703,6.7242817477747,556.127009670904,532.784239268964,1989.06151899098,2012.40428939292,956600000
806,807,15.9480315484286,6.44861576949766,6.73000528571193,6.4495624713977,6.72796333810703,548.732270817392,532.784239268964,1989.06151899098,2005.00955053941,956600000
807,394,13.1054357619625,6.4495624713977,6.72796333810703,6.452608,6.726605,561.837706579355,548.732270817392,2005.00955053941,2018.11498630137,956600000
807,395,13.067079597579,6.4495624713977,6.72796333810703,6.452245,6.728375,561.799350414971,548.732270817392,2005.00955053941,2018.07663013699,956600000
808,809,0.140151981542036,6.74762991464071,6.13265876827566,6.74571847180425,6.13273785953354,535.119065762044,534.978913780502,1991.25619350252,1991.39634548406,956600000
808,815,24.664897176997,6.74762991464071,6.13265876827566,6.75214265862078,6.13537839687394,559.643810957499,534.978913780502,1991.25619350252,2015.92109067951,956600000
809,810,2.48992794970741,6.74571847180425,6.13273785953354,6.74484301950601,6.13196473033355,537.608993711751,535.119065762044,1991.39634548406,1993.88627343377,956600000
809,811,7.51885941079818,6.74571847180425,6.13273785953354,6.75187115626955,6.13674500113494,542.637925172842,535.119065762044,1991.39634548406,1998.91520489486,956600000
810,396,25.2807676621245,6.74484301950601,6.13196473033355,7.19843641896263,5.58438672710694,562.889761373875,537.608993711751,1993.88627343377,2019.16704109589,956600000
810,397,18.9087263416662,6.74484301950601,6.13196473033355,6.74603712108149,6.12875870056519,556.517720053417,537.608993711751,1993.88627343377,2012.79499977543,956600000
811,398,19.1011512695268,6.75187115626955,6.13674500113494,6.505376,6.207318,561.739076442369,542.637925172842,1998.91520489486,2018.01635616438,956600000
811,812,1.96609198841059,6.75187115626955,6.13674500113494,6.75293229666871,6.13616070195154,544.604017161252,542.637925172842,1998.91520489486,2000.88129688327,956600000
812,399,18.1843743496093,6.75293229666871,6.13616070195154,6.75222494097981,6.13747345371784,562.788391510862,544.604017161252,2000.88129688327,2019.06567123288,956600000
812,813,0.367120726324909,6.75293229666871,6.13616070195154,6.75294139842294,6.13631920296107,544.971137887577,544.604017161252,2000.88129688327,2001.24841760959,956600000
813,400,16.9241029383529,6.75294139842294,6.13631920296107,6.75268218482716,6.13765125146266,561.89524082593,544.971137887577,2001.24841760959,2018.17252054795,956600000
813,814,6.45785944148622,6.75294139842294,6.13631920296107,6.75178324721193,6.13718671617609,551.428997329063,544.971137887577,2001.24841760959,2007.70627705108,956600000
814,402,6.3593941817982,6.75178324721193,6.13718671617609,6.74675115566874,6.22512759461501,557.788391510862,551.428997329063,2007.70627705108,2014.06567123288,956600000
814,401,11.3593941817982,6.75178324721193,6.13718671617609,6.75094230423788,6.13827085613776,562.788391510862,551.428997329063,2007.70627705108,2019.06567123288,956600000
815,404,2.17471753966453,6.75214265862078,6.13537839687394,6.75286427801487,6.13503170410541,561.818528497163,559.643810957499,2015.92109067951,2018.09580821918,956600000
815,403,2.1473202793905,6.75214265862078,6.13537839687394,6.74979831599804,6.13471771083503,561.791131236889,559.643810957499,2015.92109067951,2018.0684109589,956600000
816,817,16.3634765453694,6.6504521902668,6.38555340819924,6.65580982056584,6.38519336709555,535.615518552389,519.25204200702,1975.52932172904,1991.8927982744,956600000
816,818,7.40883043018951,6.6504521902668,6.38555340819924,6.63864620838288,6.41284341429983,526.660872437209,519.25204200702,1975.52932172904,1982.93815215922,956600000
817,405,27.1125989858697,6.65580982056584,6.38519336709555,6.65587626584435,6.37849234200633,562.728117538259,535.615518552389,1991.8927982744,2019.00539726027,956600000
817,406,20.385808058405,6.65580982056584,6.38519336709555,6.797072,6.664688,556.001326610794,535.615518552389,1991.8927982744,2012.27860633281,956600000
818,407,36.2206697585839,6.63864620838288,6.41284341429983,6.19605149643975,6.73257309352546,562.881542195793,526.660872437209,1982.93815215922,2019.15882191781,956600000
818,408,35.2261492106388,6.63864620838288,6.41284341429983,7.11083542237581,6.74751113911871,561.887021647848,526.660872437209,1982.93815215922,2018.16430136986,956600000
819,409,28.4843044116869,6.19402375675565,6.72157179859314,7.272099,6.346321,562.763733976615,534.279429564928,1990.55670928694,2019.04101369863,956600000
819,410,27.5719756445634,6.19402375675565,6.72157179859314,6.19378731601307,6.72514535696289,561.851405209492,534.279429564928,1990.55670928694,2018.12868493151,956600000
568,609,127.45257897105,9.8449807671798,8.8539917572368,9.833023215107,8.83885334612276,354.671862452633,227.219283481583,1683.4965632036,1810.94914217465,956600000
568,569,139.346973803487,9.8449807671798,8.8539917572368,9.7897295879248,8.88490215049572,366.56625728507,227.219283481583,1683.4965632036,1822.84353700709,956600000
569,588,28.5674708624007,9.7897295879248,8.88490215049572,9.72786384623062,9.58981776562895,395.133728147471,366.56625728507,1822.84353700709,1851.41100786949,956600000
569,570,10.4038112588755,9.7897295879248,8.88490215049572,8.50325617964862,8.52202664043166,376.970068543945,366.56625728507,1822.84353700709,1833.24734826596,956600000
570,157,182.809946591439,8.50325617964862,8.52202664043166,7.213958,10.183256,559.780015135384,376.970068543945,1833.24734826596,2016.0572948574,956600000
570,571,51.2148096069135,8.50325617964862,8.52202664043166,8.49694718865991,8.52353451189762,428.184878150859,376.970068543945,1833.24734826596,1884.46215787287,956600000
571,577,95.0345619575013,8.49694718865991,8.52353451189762,8.50086475445675,8.52162451729429,523.21944010836,428.184878150859,1884.46215787287,1979.49671983038,956600000
571,572,69.1859854098572,8.49694718865991,8.52353451189762,8.28227975139524,8.37220140020584,497.370863560716,428.184878150859,1884.46215787287,1953.64814328273,956600000
572,163,64.4010895939812,8.28227975139524,8.37220140020584,5.79449,7.03589,561.771953154697,497.370863560716,1953.64814328273,2018.04923287671,956600000
572,573,6.36934312411669,8.28227975139524,8.37220140020584,8.23769464707942,8.3644302514023,503.740206684833,497.370863560716,1953.64814328273,1960.01748640685,956600000
573,158,56.1354368658522,8.23769464707942,8.3644302514023,7.565864,7.917972,559.875643550685,503.740206684833,1960.01748640685,2016.1529232727,956600000
573,574,23.4841989299284,8.23769464707942,8.3644302514023,8.30536289827979,8.43615324017112,527.224405614761,503.740206684833,1960.01748640685,1983.50168533678,956600000
574,162,32.5965931271807,8.30536289827979,8.43615324017112,8.325363,8.450158,559.820998741942,527.224405614761,1983.50168533678,2016.09827846396,956600000
574,575,25.1140245615107,8.30536289827979,8.43615324017112,7.63161753214433,8.39906382499178,552.338430176272,527.224405614761,1983.50168533678,2008.61570989829,956600000
575,161,4.2093445219541,7.63161753214433,8.39906382499178,7.63456656682195,8.39961002523101,556.547774698226,552.338430176272,2008.61570989829,2012.82505442024,956600000
575,576,2.03068418974525,7.63161753214433,8.39906382499178,7.63286112937909,8.39933962912196,554.369114366017,552.338430176272,2008.61570989829,2010.64639408803,956600000
576,159,1.16174289826923,7.63286112937909,8.39933962912196,7.63281136685013,8.3988487753855,555.530857264286,554.369114366017,2010.64639408803,2011.8081369863,956600000
576,160,1.16448262429659,7.63286112937909,8.39933962912196,7.63056461907981,8.40001304243303,555.533596990314,554.369114366017,2010.64639408803,2011.81087671233,956600000
577,578,2.42668294541068,8.50086475445675,8.52162451729429,8.49723038147787,8.52193305388918,525.646123053771,523.21944010836,1979.49671983038,1981.92340277579,956600000
577,585,14.1082912397774,8.50086475445675,8.52162451729429,8.49810451878886,8.52210953919998,537.327731348137,523.21944010836,1979.49671983038,1993.60501107015,956600000
578,582,7.98194929132022,8.49723038147787,8.52193305388918,8.49834275729995,8.52399772347254,533.628072345091,525.646123053771,1981.92340277579,1989.90535206711,956600000
578,579,0.258721403017013,8.49723038147787,8.52193305388918,8.49612287345504,8.51883087384825,525.904844456788,525.646123053771,1981.92340277579,1982.1821241788,956600000
579,581,11.6264217639314,8.49612287345504,8.51883087384825,8.50538087096658,8.52382387808674,537.531266220719,525.904844456788,1982.1821241788,1993.80854594273,956600000
579,580,4.85443033314102,8.49612287345504,8.51883087384825,8.49495764195366,8.52030404880123,530.759274789929,525.904844456788,1982.1821241788,1987.03655451194,956600000
580,164,29.0863141159473,8.49495764195366,8.52030404880123,8.49914766197296,8.52253962918332,559.845588905876,530.759274789929,1987.03655451194,2016.12286862789,956600000
580,165,13.201068214308,8.49495764195366,8.52030404880123,9.91289400743785,8.88656007151849,543.960343004237,530.759274789929,1987.03655451194,2000.23762272625,956600000
581,166,22.1858924134302,8.50538087096658,8.52382387808674,8.4,8.55,559.717158634149,537.531266220719,1993.80854594273,2015.99443835616,956600000
581,167,20.2434266600054,8.50538087096658,8.52382387808674,8.49509003319864,8.52073796916548,557.774692880725,537.531266220719,1993.80854594273,2014.05197260274,956600000
582,583,21.6708341530433,8.49834275729995,8.52399772347254,8.50076624478551,8.5231873772678,555.298906498134,533.628072345091,1989.90535206711,2011.57618622015,956600000
582,168,23.1411410835789,8.49834275729995,8.52399772347254,8.49744220507281,8.52177529520516,556.76921342867,533.628072345091,1989.90535206711,2013.04649315069,956600000
583,171,4.41825213601514,8.50076624478551,8.5231873772678,8.49911637083147,8.5251867865069,559.717158634149,555.298906498134,2011.57618622015,2015.99443835616,956600000
583,584,3.00134169211607,8.50076624478551,8.5231873772678,8.50129742096272,8.52416077295815,558.30024819025,555.298906498134,2011.57618622015,2014.57752791227,956600000
584,169,2.48540359458391,8.50129742096272,8.52416077295815,8.49517533890368,8.51898568652615,560.785651784834,558.30024819025,2014.57752791227,2017.06293150685,956600000
584,170,1.51255383038008,8.50129742096272,8.52416077295815,8.49141003311755,8.52083351500807,559.81280202063,558.30024819025,2014.57752791227,2016.09008174265,956600000
585,587,0.343735974627858,8.49810451878886,8.52210953919998,8.49738590128665,8.52208687577899,537.671467322765,537.327731348137,1993.60501107015,1993.94874704478,956600000
585,586,0.218382062530438,8.49810451878886,8.52210953919998,8.49501096407506,8.51875056126047,537.546113410668,537.327731348137,1993.60501107015,1993.82339313268,956600000
586,172,2.87191190605777,8.49501096407506,8.51875056126047,9.91355014753208,8.8919906745716,540.418025316726,537.546113410668,1993.82339313268,1996.69530503874,956600000
586,173,18.3322623804542,8.49501096407506,8.51875056126047,8.49647314559462,8.52206055522637,555.878375791122,537.546113410668,1993.82339313268,2012.15565551314,956600000
587,175,22.1030833317449,8.49738590128665,8.52208687577899,8.49884472174934,8.51984274942481,559.77455065451,537.671467322765,1993.94874704478,2016.05183037653,956600000
587,174,22.2478920749141,8.49738590128665,8.52208687577899,8.49860601778311,8.52411203613694,559.91935939768,537.671467322765,1993.94874704478,2016.19663911969,956600000
588,589,49.9821742142318,9.72786384623062,9.58981776562895,9.71752797544045,9.58172564090316,445.115902361702,395.133728147471,1851.41100786949,1901.39318208372,956600000
588,606,85.9280352899827,9.72786384623062,9.58981776562895,9.7540729263592,9.56485157285627,481.061763437453,395.133728147471,1851.41100786949,1937.33904315947,956600000
589,590,20.3445299410797,9.71752797544045,9.58172564090316,9.93504300042761,8.89268670076829,465.460432302782,445.115902361702,1901.39318208372,1921.7377120248,956600000
589,193,114.658648292808,9.71752797544045,9.58172564090316,8.87931,9.53879,559.77455065451,445.115902361702,1901.39318208372,2016.05183037653,956600000
590,605,8.68175659779457,9.93504300042761,8.89268670076829,9.93110804283066,8.89613048409502,474.142188900577,465.460432302782,1921.7377120248,1930.41946862259,956600000
590,591,10.5677959243454,9.93504300042761,8.89268670076829,10.3108776588951,9.82991092804695,476.028228227128,465.460432302782,1921.7377120248,1932.30550794914,956600000
591,592,7.84586034752442,10.3108776588951,9.82991092804695,10.3093102900814,9.8273291002081,483.874088574652,476.028228227128,1932.30550794914,1940.15136829667,956600000
591,594,21.322581450768,10.3108776588951,9.82991092804695,10.3121320385103,9.83664483625003,497.350809677896,476.028228227128,1932.30550794914,1953.62808939991,956600000
592,593,57.7305617899372,10.3093102900814,9.8273291002081,10.3148928754392,9.8490032418718,541.604650364589,483.874088574652,1940.15136829667,1997.8819300866,956600000
592,178,75.8676751946123,10.3093102900814,9.8273291002081,10.006978,9.544584,559.741763769264,483.874088574652,1940.15136829667,2016.01904349128,956600000
593,177,16.0111384065465,10.3148928754392,9.8490032418718,10.3113678682012,9.84526887944726,557.615788771136,541.604650364589,1997.8819300866,2013.89306849315,956600000
593,176,17.1645630640808,10.3148928754392,9.8490032418718,10.3095077336146,9.8475132332633,558.76921342867,541.604650364589,1997.8819300866,2015.04649315069,956600000
594,604,29.3137964804466,10.3121320385103,9.83664483625003,10.0344541791967,9.38189560987375,526.664606158342,497.350809677896,1953.62808939991,1982.94188588036,956600000
594,595,1.95798016679776,10.3121320385103,9.83664483625003,10.3116122950111,9.83751256377846,499.308789844693,497.350809677896,1953.62808939991,1955.58606956671,956600000
595,596,45.6747705627499,10.3116122950111,9.83751256377846,10.316822122801,9.84303778789324,544.983560407443,499.308789844693,1955.58606956671,2001.26084012946,956600000
595,598,26.6110533441916,10.3116122950111,9.83751256377846,10.309280553251,9.83581086998176,525.919843188885,499.308789844693,1955.58606956671,1982.1971229109,956600000
596,597,5.342619508015,10.316822122801,9.84303778789324,9.99299233202453,9.50083324235574,550.326179915458,544.983560407443,2001.26084012946,2006.60345963747,956600000
596,179,12.6623653499937,10.316822122801,9.84303778789324,10.3107627967407,9.84333936092576,557.645925757437,544.983560407443,2001.26084012946,2013.92320547945,956600000
597,180,11.5005677597871,9.99299233202453,9.50083324235574,9.960813,9.502202,561.826747675245,550.326179915458,2006.60345963747,2018.10402739726,956600000
597,181,9.35536228033484,9.99299233202453,9.50083324235574,9.99934,9.51518,559.681542195793,550.326179915458,2006.60345963747,2015.95882191781,956600000
598,599,10.7129302872638,10.309280553251,9.83581086998176,10.3096115593948,9.84176147781095,536.632773476149,525.919843188885,1982.1971229109,1992.91005319816,956600000
598,601,6.74487384548402,10.309280553251,9.83581086998176,10.0942136911841,9.77582899319597,532.664717034369,525.919843188885,1982.1971229109,1988.94199675638,956600000
599,184,21.0241111853979,10.3096115593948,9.84176147781095,10.3145627763752,9.8436269148199,557.656884661547,536.632773476149,1992.91005319816,2013.93416438356,956600000
599,600,15.1128674061922,10.3096115593948,9.84176147781095,10.3171231961271,9.84383039477495,551.745640882341,536.632773476149,1992.91005319816,2008.02292060436,956600000
600,182,7.28932597098648,10.3171231961271,9.84383039477495,9.59970571278766,9.61287209407238,559.034966853327,551.745640882341,2008.02292060436,2015.31224657534,956600000
600,183,5.16329857372622,10.3171231961271,9.84383039477495,10.3183380234542,9.84495367405811,556.908939456067,551.745640882341,2008.02292060436,2013.18621917808,956600000
601,188,27.2491778824363,10.0942136911841,9.77582899319597,9.59439500350121,9.61713815310964,559.913894916805,532.664717034369,1988.94199675638,2016.19117463882,956600000
601,602,7.04025174951204,10.0942136911841,9.77582899319597,10.0949432383951,9.77656675048678,539.704968783881,532.664717034369,1988.94199675638,1995.9822485059,956600000
602,603,10.5157597089142,10.0949432383951,9.77656675048678,10.1015732037546,9.76655871547528,550.220728492795,539.704968783881,1995.9822485059,2006.49800821481,956600000
602,187,22.0204090283506,10.0949432383951,9.77656675048678,10.0895444253829,9.76543423747116,561.725377812231,539.704968783881,1995.9822485059,2018.00265753425,956600000
603,186,9.66311177920131,10.1015732037546,9.76655871547528,10.675453,9.122348,559.883840271996,550.220728492795,2006.49800821481,2016.16111999401,956600000
603,185,9.53196423821789,10.1015732037546,9.76655871547528,10.0945784488607,9.76895388386667,559.752692731013,550.220728492795,2006.49800821481,2016.02997245303,956600000
604,189,35.230634667588,10.0344541791967,9.38189560987375,10.03284,9.386606,561.89524082593,526.664606158342,1982.94188588036,2018.17252054795,956600000
604,190,35.1511826127935,10.0344541791967,9.38189560987375,9.983,9.233,561.815788771136,526.664606158342,1982.94188588036,2018.09306849315,956600000
605,191,51.5883465700476,9.93110804283066,8.89613048409502,9.91436205057675,8.88715756547898,525.730535470624,474.142188900577,1930.41946862259,1982.00781519264,956600000
605,192,85.5886459069388,9.93110804283066,8.89613048409502,9.383,9.133,559.730834807516,474.142188900577,1930.41946862259,2016.00811452953,956600000
606,607,23.9053220875047,9.7540729263592,9.56485157285627,10.2830306564485,10.3446183748683,504.967085524958,481.061763437453,1937.33904315947,1961.24436524697,956600000
606,197,78.7264484192425,9.7540729263592,9.56485157285627,9.755908,9.553992,559.788211856696,481.061763437453,1937.33904315947,2016.06549157871,956600000
607,608,30.3487229239775,10.2830306564485,10.3446183748683,10.2761892104854,10.3336577861827,535.315808448936,504.967085524958,1961.24436524697,1991.59308817095,956600000
607,194,57.8596621502873,10.2830306564485,10.3446183748683,7.336619,9.002272,562.826747675245,504.967085524958,1961.24436524697,2019.10402739726,956600000
608,195,24.480600129072,10.2761892104854,10.3336577861827,10.2659436899319,10.3326438363063,559.796408578007,535.315808448936,1991.59308817095,2016.07368830002,956600000
608,196,23.6780625139809,10.2761892104854,10.3336577861827,10.2731853891014,10.332298214656,558.993870962916,535.315808448936,1991.59308817095,2015.27115068493,956600000
609,610,143.207595384476,9.833023215107,8.83885334612276,11.0979119820068,7.6809818924089,497.879457837109,354.671862452633,1810.94914217465,1954.15673755912,956600000
609,611,52.4651599552339,9.833023215107,8.83885334612276,9.8984316573478,8.91207909646393,407.137022407867,354.671862452633,1810.94914217465,1863.41430212988,956600000
610,199,60.9171528518352,11.0979119820068,7.6809818924089,11.0870288446671,7.68759190777458,558.796610688944,497.879457837109,1954.15673755912,2015.07389041096,956600000
610,198,23.7583597211736,11.0979119820068,7.6809818924089,11.0873929353093,7.68416351047635,521.637817558282,497.879457837109,1954.15673755912,1977.9150972803,956600000
611,612,55.9858151955726,9.8984316573478,8.91207909646393,9.88238721997125,8.899062599487,463.122837603439,407.137022407867,1863.41430212988,1919.40011732545,956600000
611,615,22.4918966279911,9.8984316573478,8.91207909646393,9.90643406963941,8.91166310939034,429.628919035858,407.137022407867,1863.41430212988,1885.90619875787,956600000
612,613,24.4418273020513,9.88238721997125,8.899062599487,9.89090200820288,8.91407205709006,487.564664905491,463.122837603439,1919.40011732545,1943.84194462751,956600000
612,614,23.2958767498562,9.88238721997125,8.899062599487,9.88949508134936,8.91027638486283,486.418714353296,463.122837603439,1919.40011732545,1942.69599407531,956600000
613,200,32.78915036334,9.89090200820288,8.91407205709006,9.73535741577324,8.81282374726249,520.353815268831,487.564664905491,1943.84194462751,1976.63109499085,956600000
613,201,64.1607054211505,9.89090200820288,8.91407205709006,9.050211,7.396413,551.725370326641,487.564664905491,1943.84194462751,2008.00265004866,956600000
614,203,32.5966226082933,9.88949508134936,8.91027638486283,9.783333,8.283333,519.015336961589,486.418714353296,1942.69599407531,1975.2926166836,956600000
614,202,73.448732476078,9.88949508134936,8.91027638486283,10.523056,7.440278,559.867446829374,486.418714353296,1942.69599407531,2016.14472655139,956600000
615,209,129.112897132538,9.90643406963941,8.91166310939034,10.3156115930841,9.8413739469288,558.741816168396,429.628919035858,1885.90619875787,2015.01909589041,956600000
615,616,18.8971869622845,9.90643406963941,8.91166310939034,9.89849526675214,8.89635674719834,448.526105998142,429.628919035858,1885.90619875787,1904.80338572016,956600000
616,617,61.1738596107297,9.89849526675214,8.89635674719834,9.90591647180968,8.85452892960399,509.699965608872,448.526105998142,1904.80338572016,1965.97724533089,956600000
616,208,108.352696471623,9.89849526675214,8.89635674719834,9.91618736518843,8.89336103817895,556.878802469766,448.526105998142,1904.80338572016,2013.15608219178,956600000
617,619,12.2528945863146,9.90591647180968,8.85452892960399,9.91345699296442,8.88732087277245,521.952860195187,509.699965608872,1965.97724533089,1978.2301399172,956600000
617,618,3.78052048543518,9.90591647180968,8.85452892960399,9.7388885399719,8.81799822331751,513.480486094307,509.699965608872,1965.97724533089,1969.75776581632,956600000
618,205,5.98519263341257,9.7388885399719,8.81799822331751,9.73867130662906,8.81389114458936,519.46567872772,513.480486094307,1969.75776581632,1975.74295844974,956600000
618,204,45.2722889781982,9.7388885399719,8.81799822331751,9.74018465559197,8.80451286403297,558.752775072506,513.480486094307,1969.75776581632,2015.03005479452,956600000
619,207,15.329850960938,9.91345699296442,8.88732087277245,9.91375885329651,8.88624277163889,537.282711156125,521.952860195187,1978.2301399172,1993.55999087814,956600000
619,206,34.8136135074558,9.91345699296442,8.88732087277245,7.732152,8.539144,556.766473702643,521.952860195187,1978.2301399172,2013.04375342466,956600000
