node1,node2,length,startLon,startLat,endLon,endLat,endNodeL,startNodeL,startYear,endYear,tipLabel
320,365,4.08685409501204,-73.0936371080466,40.886994804476,-73.0917872987294,40.8818014646072,4.08685409501204,0,1960.6867969715,1964.77365106651,NA
365,366,6.58798786596287,-73.0917872987294,40.8818014646072,-73.1038901878986,40.8524075233524,10.6748419609749,4.08685409501204,1964.77365106651,1971.36163893247,NA
366,399,4.68348845282011,-73.1038901878986,40.8524075233524,-73.0547542692423,40.9328045228178,15.358330413795,10.6748419609749,1971.36163893247,1976.04512738529,NA
365,410,11.5372288467936,-73.0917872987294,40.8818014646072,-73.1443492391243,40.8603654232829,15.6240829418057,4.08685409501204,1964.77365106651,1976.3108799133,NA
320,322,22.2586095435328,-73.0936371080466,40.886994804476,-73.0438113670392,40.9115867890595,22.2586095435328,0,1960.6867969715,1982.94540651503,NA
410,411,7.11811970356765,-73.1443492391243,40.8603654232829,-73.1688756455906,40.8505464766754,22.7422026453733,15.6240829418057,1976.3108799133,1983.42899961687,NA
411,412,0.487856811789882,-73.1688756455906,40.8505464766754,-73.1614082203812,40.8164590419948,23.2300594571632,22.7422026453733,1983.42899961687,1983.91685642866,NA
410,629,7.65808935576622,-73.1443492391243,40.8603654232829,-70.4665709404718,43.4436171331314,23.2821722975719,15.6240829418057,1976.3108799133,1983.96896926907,NA
412,516,0.269255717753737,-73.1614082203812,40.8164590419948,-73.1602744524843,40.815250834158,23.4993151749169,23.2300594571632,1983.91685642866,1984.18611214642,NA
516,517,2.06924232686627,-73.1602744524843,40.815250834158,-73.1293690845077,40.8136435399751,25.5685575017832,23.4993151749169,1984.18611214642,1986.25535447328,NA
629,633,2.32523710915067,-70.4665709404718,43.4436171331314,-70.4636651327674,43.4543369709785,25.6074094067225,23.2821722975719,1983.96896926907,1986.29420637822,NA
517,518,3.73416131952912,-73.1293690845077,40.8136435399751,-73.1336204112031,40.8174319636768,29.3027188213123,25.5685575017832,1986.25535447328,1989.98951579281,NA
366,367,19.1497737083308,-73.1038901878986,40.8524075233524,-72.2899042921428,41.0040488838239,29.8246156693057,10.6748419609749,1971.36163893247,1990.5114126408,NA
412,413,6.9753082888546,-73.1614082203812,40.8164590419948,-73.166157900994,40.7884659293827,30.2053677460178,23.2300594571632,1983.91685642866,1990.89216471752,NA
413,442,0.256880228621277,-73.166157900994,40.7884659293827,-73.9200641544466,43.0042080326149,30.4622479746391,30.2053677460178,1990.89216471752,1991.14904494614,NA
442,443,0.175728765470883,-73.9200641544466,43.0042080326149,-73.9194728065166,42.9991999242242,30.6379767401099,30.4622479746391,1991.14904494614,1991.32477371161,NA
518,522,2.77261600988899,-73.1336204112031,40.8174319636768,-73.6345670371249,41.1169560720539,32.0753348312013,29.3027188213123,1989.98951579281,1992.7621318027,NA
443,444,2.44406674602829,-73.9194728065166,42.9991999242242,-73.8813271717457,42.7227470159869,33.0820434861382,30.6379767401099,1991.32477371161,1993.76884045764,NA
322,352,10.8409581149352,-73.0438113670392,40.9115867890595,-73.0780076437836,40.8041151881669,33.099567658468,22.2586095435328,1982.94540651503,1993.78636462997,NA
516,587,9.75892753399296,-73.1602744524843,40.815250834158,-73.8097969529278,42.1737801551658,33.2582427089099,23.4993151749169,1984.18611214642,1993.94503968041,NA
367,375,3.75264274207979,-72.2899042921428,41.0040488838239,-72.288595536874,41.0034548948272,33.5772584113855,29.8246156693057,1990.5114126408,1994.26405538288,NA
367,368,3.80564467412574,-72.2899042921428,41.0040488838239,-72.271279691638,41.0112268734347,33.6302603434315,29.8246156693057,1990.5114126408,1994.31705731493,NA
444,448,0.626568736545405,-73.8813271717457,42.7227470159869,-73.8705125139152,42.7121107929923,33.7086122226836,33.0820434861382,1993.76884045764,1994.39540919418,NA
368,369,0.17893807875053,-72.271279691638,41.0112268734347,-72.2656072953174,41.0162323692855,33.809198422182,33.6302603434315,1994.31705731493,1994.49599539368,NA
375,396,1.70460972320691,-72.288595536874,41.0034548948272,-72.3009036825854,41.0090163808878,35.2818681345924,33.5772584113855,1994.26405538288,1995.96866510609,NA
587,593,2.03432423267366,-73.8097969529278,42.1737801551658,-70.4521250022588,43.3415398592355,35.2925669415835,33.2582427089099,1993.94503968041,1995.97936391308,NA
522,530,3.21808916731526,-73.6345670371249,41.1169560720539,-73.6579528049557,41.1986461348569,35.2934239985166,32.0753348312013,1992.7621318027,1995.98022097001,NA
375,376,1.89809412700926,-72.288595536874,41.0034548948272,-72.3374211131871,41.0044668792868,35.4753525383948,33.5772584113855,1994.26405538288,1996.16214950989,NA
530,531,0.75633726441232,-73.6579528049557,41.1986461348569,-73.6480496955458,41.2000052161416,36.0497612629289,35.2934239985166,1995.98022097001,1996.73655823443,NA
443,451,5.43330664400461,-73.9194728065166,42.9991999242242,-73.9322298574552,43.0743497941382,36.0712833841146,30.6379767401099,1991.32477371161,1996.75808035561,NA
587,588,3.70089049722978,-73.8097969529278,42.1737801551658,-73.8010357861525,42.182267897953,36.9591332061397,33.2582427089099,1993.94503968041,1997.64593017764,NA
531,551,1.15239789889575,-73.6480496955458,41.2000052161416,-73.7041169685646,41.1654394777277,37.2021591618246,36.0497612629289,1996.73655823443,1997.88895613332,NA
551,558,0.278513660772578,-73.7041169685646,41.1654394777277,-73.7032435306126,41.1674260840647,37.4806728225972,37.2021591618246,1997.88895613332,1998.1674697941,NA
451,452,1.42963065522982,-73.9322298574552,43.0743497941382,-73.8022108099886,42.9619807831256,37.5009140393444,36.0712833841146,1996.75808035561,1998.18771101084,NA
352,353,4.42013765510869,-73.0780076437836,40.8041151881669,-73.1201611584625,40.7968240198964,37.5197053135767,33.099567658468,1993.78636462997,1998.20650228507,NA
353,357,0.102435929751962,-73.1201611584625,40.7968240198964,-73.1563740405485,40.7806424779701,37.6221412433286,37.5197053135767,1998.20650228507,1998.30893821483,NA
452,459,1.09338417999098,-73.8022108099886,42.9619807831256,-73.8014739662342,42.947360427665,38.5942982193354,37.5009140393444,1998.18771101084,1999.28109519083,NA
459,460,0.111219959997033,-73.8014739662342,42.947360427665,-73.7933956933029,42.9520380996427,38.7055181793324,38.5942982193354,1999.28109519083,1999.39231515083,NA
530,574,3.6094848280074,-73.6579528049557,41.1986461348569,-73.7789656105715,41.3056357136074,38.902908826524,35.2934239985166,1995.98022097001,1999.58970579802,NA
593,594,4.03431484926983,-70.4521250022588,43.3415398592355,-70.4842182939469,43.3372014837146,39.3268817908534,35.2925669415835,1995.97936391308,2000.01367876235,NA
531,532,3.69290232026695,-73.6480496955458,41.2000052161416,-73.6385425348472,41.1837717898251,39.7426635831958,36.0497612629289,1996.73655823443,2000.42946055469,NA
376,377,4.53812845008594,-72.3374211131871,41.0044668792868,-72.31979878719,41.3047860856419,40.0134809884807,35.4753525383948,1996.16214950989,2000.70027795998,NA
413,414,9.81626009983879,-73.166157900994,40.7884659293827,-73.1697074182,41.1866838389707,40.0216278458566,30.2053677460178,1990.89216471752,2000.70842481735,NA
414,415,0.071163172509447,-73.1697074182,41.1866838389707,-73.1705894460352,41.188341302258,40.092791018366,40.0216278458566,2000.70842481735,2000.77958798986,NA
574,575,1.39810046848852,-73.7789656105715,41.3056357136074,-73.7968498829715,41.2946908051788,40.3010092950125,38.902908826524,1999.58970579802,2000.98780626651,NA
415,416,0.356869233971537,-73.1705894460352,41.188341302258,-73.1682642560836,41.1943385500898,40.4496602523376,40.092791018366,2000.77958798986,2001.13645722384,NA
532,533,0.832736152306783,-73.6385425348472,41.1837717898251,-73.6408441978623,41.181423844288,40.5753997355026,39.7426635831958,2000.42946055469,2001.262196707,NA
575,582,0.384984255059351,-73.7968498829715,41.2946908051788,-73.7886235052996,41.2714363782439,40.6859935500718,40.3010092950125,2000.98780626651,2001.37279052157,NA
377,378,0.697939091117643,-72.31979878719,41.3047860856419,-72.3286984259984,41.3128461876982,40.7114200795984,40.0134809884807,2000.70027795998,2001.3982170511,NA
575,576,0.422767816279105,-73.7968498829715,41.2946908051788,-73.8435794181898,41.425728101943,40.7237771112916,40.3010092950125,2000.98780626651,2001.41057408279,NA
460,461,2.27602234264815,-73.7933956933029,42.9520380996427,-73.6710968806756,42.1122519237893,40.9815405219805,38.7055181793324,1999.39231515083,2001.66833749348,NA
369,371,7.1862882602587,-72.2656072953174,41.0162323692855,-72.2620196231443,41.0374010765017,40.9954866824407,33.809198422182,1994.49599539368,2001.68228365394,NA
357,358,3.5312297525753,-73.1563740405485,40.7806424779701,-73.153734804396,40.7785230382282,41.1533709959039,37.6221412433286,1998.30893821483,2001.8401679674,NA
558,559,3.69279987537076,-73.7032435306126,41.1674260840647,-73.7638060986369,41.1525100153057,41.173472697968,37.4806728225972,1998.1674697941,2001.86026966947,NA
416,417,0.727514432256406,-73.1682642560836,41.1943385500898,-73.1573868713811,41.19471887343,41.177174684594,40.4496602523376,2001.13645722384,2001.86397165609,NA
417,428,0.0982425349304634,-73.1573868713811,41.19471887343,-73.1509706991275,41.2050534549812,41.2754172195244,41.177174684594,2001.86397165609,2001.96221419102,NA
428,429,0.0292383757386219,-73.1509706991275,41.2050534549812,-73.1514542073139,41.2059071154669,41.3046555952631,41.2754172195244,2001.96221419102,2001.99145256676,NA
551,552,4.1936126253339,-73.7041169685646,41.1654394777277,-73.6991190549376,41.1123010710256,41.3957717871586,37.2021591618246,1997.88895613332,2002.08256875866,NA
576,577,0.759032591642057,-73.8435794181898,41.425728101943,-74.021647724669,42.0811950515007,41.4828097029337,40.7237771112916,2001.41057408279,2002.16960667443,NA
460,472,2.81585259250268,-73.7933956933029,42.9520380996427,-73.7817171720153,42.9280495138449,41.5213707718351,38.7055181793324,1999.39231515083,2002.20816774333,NA
376,394,6.09471326781754,-72.3374211131871,41.0044668792868,-72.3337820911851,41.0543151139484,41.5700658062123,35.4753525383948,1996.16214950989,2002.25686277771,NA
559,561,0.463034236209268,-73.7638060986369,41.1525100153057,-73.7655102327437,41.1487366308451,41.6365069341772,41.173472697968,2001.86026966947,2002.32330390568,NA
452,454,5.21199905569778,-73.8022108099886,42.9619807831256,-73.4975648274475,42.4071423736955,42.7129130950422,37.5009140393444,1998.18771101084,2003.39971006654,NA
417,418,1.72067179964955,-73.1573868713811,41.19471887343,-73.1464611479301,41.2057717939802,42.8978464842435,41.177174684594,2001.86397165609,2003.58464345574,NA
414,438,3.1181812528863,-73.1697074182,41.1866838389707,-73.1811113314121,41.1758693603301,43.1398090987429,40.0216278458566,2000.70842481735,2003.82660607024,NA
322,325,21.3817685009701,-73.0438113670392,40.9115867890595,-72.7815807592005,41.3813806093265,43.6403780445029,22.2586095435328,1982.94540651503,2004.327175016,NA
444,446,10.5775244332884,-73.8813271717457,42.7227470159869,-73.7800861285106,42.550332624744,43.6595679194266,33.0820434861382,1993.76884045764,2004.34636489092,NA
399,400,28.5130404048697,-73.0547542692423,40.9328045228178,-73.5692013573312,42.0244093906721,43.8713708186647,15.358330413795,1976.04512738529,2004.55816779016,NA
416,431,3.57252859514829,-73.1682642560836,41.1943385500898,-73.1604122033998,41.2189503569325,44.0221888474859,40.4496602523376,2001.13645722384,2004.70898581898,NA
400,403,0.231809422774658,-73.5692013573312,42.0244093906721,-73.5719944229684,42.0210604115486,44.1031802414394,43.8713708186647,2004.55816779016,2004.78997721294,NA
325,331,0.480135691848281,-72.7815807592005,41.3813806093265,-72.8082298256746,41.3799753024041,44.1205137363512,43.6403780445029,2004.327175016,2004.80731070785,NA
459,491,5.72345363285447,-73.8014739662342,42.947360427665,-73.7604812456369,42.9713717813217,44.3177518521898,38.5942982193354,1999.28109519083,2005.00454882369,NA
371,372,3.53829207837643,-72.2620196231443,41.0374010765017,-72.2514758157681,41.0376546896793,44.5337787608171,40.9954866824407,2001.68228365394,2005.22057573232,NA
418,419,1.65739860698931,-73.1464611479301,41.2057717939802,-73.1506927644368,41.2305378704179,44.5552450912328,42.8978464842435,2003.58464345574,2005.24204206273,NA
491,492,0.410521850066212,-73.7604812456369,42.9713717813217,-73.9420315929066,42.0820473661293,44.728273702256,44.3177518521898,2005.00454882369,2005.41507067375,NA
561,562,3.2964510908572,-73.7655102327437,41.1487366308451,-73.767624294568,41.1681277265622,44.9329580250345,41.6365069341772,2002.32330390568,2005.61975499653,NA
461,462,3.98558021674533,-73.6710968806756,42.1122519237893,-73.6761596847342,42.1210882575719,44.9671207387259,40.9815405219805,2001.66833749348,2005.65391771022,NA
454,455,2.41468298845295,-73.4975648274475,42.4071423736955,-73.515116402879,42.4539719814122,45.1275960834951,42.7129130950422,2003.39971006654,2005.81439305499,NA
558,570,7.73119271754718,-73.7032435306126,41.1674260840647,-74.0446025389375,41.1238292879696,45.2118655401444,37.4806728225972,1998.1674697941,2005.89866251164,NA
400,401,1.35869997063773,-73.5692013573312,42.0244093906721,-73.5845536697719,42.007240614615,45.2300707893025,43.8713708186647,2004.55816779016,2005.9168677608,NA
331,337,1.20120300854873,-72.8082298256746,41.3799753024041,-72.793416497089,41.3843891399342,45.3217167448999,44.1205137363512,2004.80731070785,2006.0085137164,NA
455,456,0.487528034290172,-73.515116402879,42.4539719814122,-73.5801426856528,41.1814154448456,45.6151241177853,45.1275960834951,2005.81439305499,2006.30192108928,NA
403,404,1.64428099281455,-73.5719944229684,42.0210604115486,-73.5573030522282,42.0279336502677,45.747461234254,44.1031802414394,2004.78997721294,2006.43425820575,NA
522,523,13.6738704046079,-73.6345670371249,41.1169560720539,-73.3705751543553,41.1513680812059,45.7492052358092,32.0753348312013,1992.7621318027,2006.43600220731,NA
442,493,15.2978594198962,-73.9200641544466,43.0042080326149,-73.8509818699209,43.0145886657242,45.7601073945353,30.4622479746391,1991.14904494614,2006.44690436603,NA
462,463,0.978124911366658,-73.6761596847342,42.1210882575719,-73.6623628957165,42.130941492834,45.9452456500925,44.9671207387259,2005.65391771022,2006.63204262159,NA
369,370,12.1472402786243,-72.2656072953174,41.0162323692855,-72.3404399933568,41.0181077898132,45.9564387008063,33.809198422182,1994.49599539368,2006.6432356723,NA
561,564,4.34725254589074,-73.7655102327437,41.1487366308451,-73.7784196057846,41.142073205101,45.983759480068,41.6365069341772,2002.32330390568,2006.67055645157,NA
337,338,0.729078197518142,-72.793416497089,41.3843891399342,-72.7906354537179,41.3787199182805,46.0507949424181,45.3217167448999,2006.0085137164,2006.73759191392,NA
331,332,1.98314446819387,-72.8082298256746,41.3799753024041,-72.7927849491576,41.364093702696,46.1036582045451,44.1205137363512,2004.80731070785,2006.79045517604,NA
332,333,0.119832501974763,-72.7927849491576,41.364093702696,-72.7986803661887,41.3593969613921,46.2234907065198,46.1036582045451,2006.79045517604,2006.91028767802,NA
523,524,0.549368572439242,-73.3705751543553,41.1513680812059,-73.3744329602465,41.2140899313014,46.2985738082485,45.7492052358092,2006.43600220731,2006.98537077975,NA
533,535,6.06269350068583,-73.6408441978623,41.181423844288,-73.5221429093261,40.8774608333289,46.6380932361885,40.5753997355026,2001.262196707,2007.32489020769,NA
338,339,0.722629406039321,-72.7906354537179,41.3787199182805,-72.7948742519783,41.3777350722348,46.7734243484574,46.0507949424181,2006.73759191392,2007.46022131996,NA
582,584,6.14599548487531,-73.7886235052996,41.2714363782439,-73.7806444762237,41.2476959875445,46.8319890349472,40.6859935500718,2001.37279052157,2007.51878600645,NA
332,336,0.908244163059617,-72.7927849491576,41.364093702696,-72.7719337602661,41.3688305165823,47.0119023676047,46.1036582045451,2006.79045517604,2007.6986993391,NA
493,494,1.26652734683188,-73.8509818699209,43.0145886657242,-73.8428705695468,43.0345025796965,47.0266347413672,45.7601073945353,2006.44690436603,2007.71343171287,NA
446,447,3.57835908952806,-73.7800861285106,42.550332624744,-73.8071845448421,42.5278017281738,47.2379270089547,43.6595679194266,2004.34636489092,2007.92472398045,NA
472,473,5.84332306918573,-73.7817171720153,42.9280495138449,-73.7860334102294,42.938288034642,47.3646938410208,41.5213707718351,2002.20816774333,2008.05149081252,NA
401,402,2.15677329262157,-73.5845536697719,42.007240614615,-73.6027821291942,42.0029800318287,47.386844081924,45.2300707893025,2005.9168677608,2008.07364105342,NA
431,432,3.41690595095695,-73.1604122033998,41.2189503569325,-73.1799656537901,41.212879617239,47.4390947984428,44.0221888474859,2004.70898581898,2008.12589176994,NA
473,476,0.084513594516368,-73.7860334102294,42.938288034642,-73.77659521863,42.9450624564133,47.4492074355372,47.3646938410208,2008.05149081252,2008.13600440704,NA
535,536,0.917731545341644,-73.5221429093261,40.8774608333289,-73.5138039275409,40.8835447498367,47.5558247815301,46.6380932361885,2007.32489020769,2008.24262175303,NA
325,326,4.00024250643455,-72.7815807592005,41.3813806093265,-72.7694635070768,41.3605391782475,47.6406205509374,43.6403780445029,2004.327175016,2008.32741752244,NA
594,600,8.34313407872706,-70.4842182939469,43.3372014837146,-70.2568548429983,43.577454193292,47.6700158695804,39.3268817908534,2000.01367876235,2008.35681284108,NA
418,422,4.77307680631757,-73.1464611479301,41.2057717939802,-73.18519194793,41.1759818686688,47.6709232905611,42.8978464842435,2003.58464345574,2008.35772026206,NA
432,433,0.281346152189004,-73.1799656537901,41.212879617239,-73.1843592616133,41.216644637781,47.7204409506318,47.4390947984428,2008.12589176994,2008.40723792213,NA
476,477,0.473718725889876,-73.77659521863,42.9450624564133,-73.7850473356653,42.9494455690236,47.922926161427,47.4492074355372,2008.13600440704,2008.60972313293,NA
593,615,12.7062413505922,-70.4521250022588,43.3415398592355,-70.5361396388579,43.3672201206314,47.9988082921758,35.2925669415835,1995.97936391308,2008.68560526367,NA
422,423,0.333152391497153,-73.18519194793,41.1759818686688,-73.1852488170122,41.1750259347439,48.0040756820582,47.6709232905611,2008.35772026206,2008.69087265356,NA
423,424,0.0782575941866916,-73.1852488170122,41.1750259347439,-73.1834758923445,41.1756360986921,48.0823332762449,48.0040756820582,2008.69087265356,2008.76913024774,NA
564,566,2.12197990472895,-73.7784196057846,41.142073205101,-73.6044653089513,41.3881744012501,48.1057393847969,45.983759480068,2006.67055645157,2008.7925363563,NA
594,595,8.80215845219427,-70.4842182939469,43.3372014837146,-73.9142981874348,42.9685855506757,48.1290402430476,39.3268817908534,2000.01367876235,2008.81583721455,NA
438,176,5.00672726309217,-73.1811113314121,41.1758693603301,-73.1294920427381,41.2370828368208,48.146536361835,43.1398090987429,2003.82660607024,2008.83333333333,PV035-P0183_LII_Bridgeport_CT_USA_Ixodes-scapularis_F_Drag_2008-11-01
419,178,3.59129127060222,-73.1506927644368,41.2305378704179,-73.1724425264139,41.1829372379808,48.146536361835,44.5552450912328,2005.24204206273,2008.83333333333,PV036-P0096_LII_Bridgeport_CT_USA_Ixodes-scapularis_F_Drag_2008-11-01
461,466,7.32710064001785,-73.6710968806756,42.1122519237893,-74.3162149111203,41.4868119457416,48.3086411619984,40.9815405219805,2001.66833749348,2008.9954381335,NA
577,578,6.9739359983958,-74.021647724669,42.0811950515007,-73.9267404551435,42.0411272636337,48.4567457013295,41.4828097029337,2002.16960667443,2009.14354267283,NA
462,465,3.84371841446089,-73.6761596847342,42.1210882575719,-73.6802921025074,42.1129210943472,48.8108391531868,44.9671207387259,2005.65391771022,2009.49763612468,NA
615,621,0.862495167442026,-70.5361396388579,43.3672201206314,-70.5231801570465,43.3696830027558,48.8613034596178,47.9988082921758,2008.68560526367,2009.54810043112,NA
394,395,7.30315341562956,-72.3337820911851,41.0543151139484,-72.3317280999108,41.0240447799657,48.8732192218419,41.5700658062123,2002.25686277771,2009.56001619334,NA
326,330,1.29181042563046,-72.7694635070768,41.3605391782475,-72.7627056528747,41.3868599295102,48.9324309765679,47.6406205509374,2008.32741752244,2009.61922794807,NA
524,525,2.75095279818568,-73.3744329602465,41.2140899313014,-73.3505102771841,41.2331326212063,49.0495266064341,46.2985738082485,2006.98537077975,2009.73632357793,NA
339,340,2.29430336309609,-72.7948742519783,41.3777350722348,-72.7912615425016,41.3665193827617,49.0677277115535,46.7734243484574,2007.46022131996,2009.75452468305,NA
552,553,7.69573567740844,-73.6991190549376,41.1123010710256,-73.6878135183339,41.120686201144,49.091507464567,41.3957717871586,2002.08256875866,2009.77830443607,NA
340,343,0.0820365629971693,-72.7912615425016,41.3665193827617,-72.7930710977637,41.3666908698575,49.1497642745506,49.0677277115535,2009.75452468305,2009.83656124605,NA
525,529,0.138808829072223,-73.3505102771841,41.2331326212063,-73.3571133931393,41.2448494315328,49.1883354355064,49.0495266064341,2009.73632357793,2009.875132407,NA
423,426,1.20857024208364,-73.1852488170122,41.1750259347439,-73.1903660987232,41.1639403336742,49.2126459241419,48.0040756820582,2008.69087265356,2009.89944289564,NA
438,439,6.07577034153926,-73.1811113314121,41.1758693603301,-73.166262176599,41.2188880727729,49.2155794402821,43.1398090987429,2003.82660607024,2009.90237641178,NA
326,327,1.57512165773047,-72.7694635070768,41.3605391782475,-72.7868540207475,41.3423308061983,49.2157422086679,47.6406205509374,2008.32741752244,2009.90253918017,NA
338,350,3.16617608636771,-72.7906354537179,41.3787199182805,-72.7835655952685,41.381825741996,49.2169710287858,46.0507949424181,2006.73759191392,2009.90376800028,NA
340,341,0.247363744103815,-72.7912615425016,41.3665193827617,-72.7956054273591,41.3520149308324,49.3150914556573,49.0677277115535,2009.75452468305,2010.00188842716,NA
477,482,1.44137330636361,-73.7850473356653,42.9494455690236,-73.7790612118732,42.9324103775858,49.3642994677906,47.922926161427,2008.60972313293,2010.05109643929,NA
477,478,1.45461680049791,-73.7850473356653,42.9494455690236,-73.654565625005,42.9981075859262,49.3775429619249,47.922926161427,2008.60972313293,2010.06433993342,NA
494,496,2.44022944943575,-73.8428705695468,43.0345025796965,-73.8373206255196,43.020744126837,49.4668641908029,47.0266347413672,2007.71343171287,2010.1536611623,NA
566,567,1.4314521667778,-73.6044653089513,41.3881744012501,-73.5965107367397,41.3883105870654,49.5371915515747,48.1057393847969,2008.7925363563,2010.22398852307,NA
567,568,0.0828181250841009,-73.5965107367397,41.3883105870654,-73.5938407663491,41.3893947001262,49.6200096766588,49.5371915515747,2010.22398852307,2010.30680664816,NA
377,392,9.66401497600169,-72.31979878719,41.3047860856419,-72.32636783929,41.3105291152345,49.6774959644824,40.0134809884807,2000.70027795998,2010.36429293598,NA
392,393,0.0602277017700352,-72.32636783929,41.3105291152345,-72.3231206606633,41.3226377726799,49.7377236662524,49.6774959644824,2010.36429293598,2010.42452063775,NA
424,425,1.66641550396611,-73.1834758923445,41.1756360986921,-73.1999386023648,41.181486689639,49.7487487802111,48.0823332762449,2008.76913024774,2010.43554575171,NA
433,434,2.02931887982082,-73.1843592616133,41.216644637781,-73.1631081262227,41.2003929091737,49.7497598304526,47.7204409506318,2008.40723792213,2010.43655680195,NA
454,458,7.0423426759245,-73.4975648274475,42.4071423736955,-73.5360552669841,42.3663453161246,49.7552557709667,42.7129130950422,2003.39971006654,2010.44205274246,NA
578,579,1.30684964106768,-73.9267404551435,42.0411272636337,-73.9118783136547,42.0319721475426,49.7635953423971,48.4567457013295,2009.14354267283,2010.4503923139,NA
633,635,24.1826483861022,-70.4636651327674,43.4543369709785,-70.5933831907834,43.3309445783971,49.7900577928248,25.6074094067225,1986.29420637822,2010.47685476432,NA
493,511,4.03840222813248,-73.8509818699209,43.0145886657242,-73.8469544078203,43.0484962753251,49.7985096226678,45.7601073945353,2006.44690436603,2010.48530659417,NA
432,436,2.39258317443874,-73.1799656537901,41.212879617239,-73.1919933736222,41.1708564919466,49.8316779728815,47.4390947984428,2008.12589176994,2010.51847494438,NA
511,512,0.0350037855627576,-73.8469544078203,43.0484962753251,-73.8455986180264,43.0489490476381,49.8335134082305,49.7985096226678,2010.48530659417,2010.52031037973,NA
327,328,0.651944243171174,-72.7868540207475,41.3423308061983,-72.8021539478495,41.3332926512072,49.8676864518391,49.2157422086679,2009.90253918017,2010.55448342334,NA
496,497,0.415014533691053,-73.8373206255196,43.020744126837,-73.8206218150609,43.0291118088841,49.881878724494,49.4668641908029,2010.1536611623,2010.56867569599,NA
466,467,1.62553777578283,-74.3162149111203,41.4868119457416,-74.3120506265059,41.4812507358891,49.9341789377812,48.3086411619984,2008.9954381335,2010.62097590928,NA
600,601,2.2998501427877,-70.2568548429983,43.577454193292,-70.2653270234939,43.5736022204141,49.9698660123681,47.6700158695804,2008.35681284108,2010.65666298387,NA
536,543,2.44430661078336,-73.5138039275409,40.8835447498367,-73.5230860852634,40.876772633126,50.0001313923134,47.5558247815301,2008.24262175303,2010.68692836381,NA
333,334,3.80291396177039,-72.7986803661887,41.3593969613921,-72.8035739457234,41.3581448239794,50.0264046682902,46.2234907065198,2006.91028767802,2010.71320163979,NA
399,407,34.6810444334098,-73.0547542692423,40.9328045228178,-72.038044288107,41.3039954598112,50.0393748472048,15.358330413795,1976.04512738529,2010.7261718187,NA
478,479,0.66303660364682,-73.654565625005,42.9981075859262,-73.6078551907512,42.9396137661656,50.0405795655718,49.3775429619249,2010.06433993342,2010.72737653707,NA
536,537,2.52928379416085,-73.5138039275409,40.8835447498367,-73.4662320427165,40.8880603109288,50.0851085756909,47.5558247815301,2008.24262175303,2010.77190554719,NA
341,342,0.775350893872712,-72.7956054273591,41.3520149308324,-72.7782366499976,41.3538240495323,50.09044234953,49.3150914556573,2010.00188842716,2010.77723932103,NA
496,506,0.64781395946008,-73.8373206255196,43.020744126837,-73.8406478869997,43.007698735892,50.114678150263,49.4668641908029,2010.1536611623,2010.80147512176,NA
330,11,1.20542958618051,-72.7627056528747,41.3868599295102,-72.7656251531827,41.3830368293842,50.1378605627484,48.9324309765679,2009.61922794807,2010.82465753425,PV040-P0618_LII_North-Branford_CT_USA_Ixodes-scapularis_F_Drag_2010-10-29
330,9,1.20542958618051,-72.7627056528747,41.3868599295102,-72.7327591117174,41.4140283340191,50.1378605627484,48.9324309765679,2009.61922794807,2010.82465753425,PV039-P0526_LII_North-Branford_CT_USA_Ixodes-scapularis_F_Drag_2010-10-29
343,20,0.988096288197779,-72.7930710977637,41.3666908698575,-72.7590508632119,41.3866368382814,50.1378605627484,49.1497642745506,2009.83656124605,2010.82465753425,PV042-P0629_LII_North-Branford_CT_USA_Ixodes-scapularis_M_Drag_2010-10-29
341,19,0.822769107091133,-72.7956054273591,41.3520149308324,-72.8071153273661,41.3882949747749,50.1378605627484,49.3150914556573,2010.00188842716,2010.82465753425,PV041-P0621_LII_North-Branford_CT_USA_Ixodes-scapularis_F_Drag_2010-10-29
328,27,0.270174110909327,-72.8021539478495,41.3332926512072,-72.8049382095075,41.3269046267314,50.1378605627484,49.8676864518391,2010.55448342334,2010.82465753425,PV038-P0525_LII_North-Branford_CT_USA_Ixodes-scapularis_F_Drag_2010-10-29
439,173,0.930500300548353,-73.166262176599,41.2188880727729,-73.1886696993655,41.2478167289551,50.1460797408305,49.2155794402821,2009.90237641178,2010.83287671233,PV034-P0375_LII_Bridgeport_CT_USA_Ixodes-scapularis_M_Drag_2010-11-01
429,190,8.84416387159479,-73.1514542073139,41.2059071154669,-73.2112726865365,41.251401874676,50.1488194668578,41.3046555952631,2001.99145256676,2010.83561643836,PV037-P0494_LII_Bridgeport_CT_USA_Ixodes-scapularis_F_Drag_2010-11-02
476,485,2.77188621740849,-73.77659521863,42.9450624564133,-73.7723371560107,42.9283489082547,50.2210936529456,47.4492074355372,2008.13600440704,2010.90789062444,NA
429,430,8.9291438911778,-73.1514542073139,41.2059071154669,-73.1412555934246,41.1851655856927,50.2337994864409,41.3046555952631,2001.99145256676,2010.92059645794,NA
525,526,1.2041604694304,-73.3505102771841,41.2331326212063,-73.3453930101005,41.2453780343964,50.2536870758645,49.0495266064341,2009.73632357793,2010.94048404736,NA
436,437,0.423113677061478,-73.1919933736222,41.1708564919466,-73.1877760499288,41.169371214213,50.254791649943,49.8316779728815,2010.51847494438,2010.94158862144,NA
543,549,0.284118568244169,-73.5230860852634,40.876772633126,-73.5204936209766,40.8782844037747,50.2842499605576,50.0001313923134,2010.68692836381,2010.97104693206,NA
497,498,0.429896288003091,-73.8206218150609,43.0291118088841,-73.797343182857,43.0477176200173,50.3117750124971,49.881878724494,2010.56867569599,2010.998571984,NA
601,602,0.396777398940294,-70.2653270234939,43.5736022204141,-70.2649784861103,43.5720248936262,50.3666434113084,49.9698660123681,2010.65666298387,2011.05344038281,NA
621,623,1.51785046729873,-70.5231801570465,43.3696830027558,-70.538180960755,43.35973236026,50.3791539269165,48.8613034596178,2009.54810043112,2011.06595089841,NA
339,346,3.64524597467441,-72.7948742519783,41.3777350722348,-72.7923277585214,41.389788369822,50.4186703231318,46.7734243484574,2007.46022131996,2011.10546729463,NA
553,555,1.39354396948254,-73.6878135183339,41.120686201144,-73.7052287106131,41.0859573808207,50.4850514340495,49.091507464567,2009.77830443607,2011.17184840555,NA
346,347,0.0722409994594209,-72.7923277585214,41.389788369822,-72.7936123258974,41.3836129537169,50.4909113225912,50.4186703231318,2011.10546729463,2011.17770829409,NA
601,607,0.567401237231419,-70.2653270234939,43.5736022204141,-70.2756486005064,43.5696540475529,50.5372672495995,49.9698660123681,2010.65666298387,2011.2240642211,NA
334,22,0.601866853362235,-72.8035739457234,41.3581448239794,-72.8043031715554,41.3579828451536,50.6282715216524,50.0264046682902,2010.71320163979,2011.31506849315,PV046-P0681_LII_North-Branford_CT_USA_Ixodes-scapularis_M_Drag_2011-04-26
342,18,0.537829172122443,-72.7782366499976,41.3538240495323,-72.7898553717481,41.3280486100266,50.6282715216524,50.09044234953,2010.77723932103,2011.31506849315,PV045-P0690_LII_North-Branford_CT_USA_Ixodes-scapularis_M_Drag_2011-04-26
352,360,17.5313159074844,-73.0780076437836,40.8041151881669,-70.5848550727857,43.8340113372135,50.6308835659524,33.099567658468,1993.78636462997,2011.31768053745,NA
430,188,0.397211761238941,-73.1412555934246,41.1851655856927,-73.1260285398511,41.1743758354653,50.6310112476798,50.2337994864409,2010.92059645794,2011.31780821918,PV049-P0760_LII_Bridgeport_CT_USA_Ixodes-scapularis_M_Drag_2011-04-27
430,189,0.397211761238941,-73.1412555934246,41.1851655856927,-73.1470270649014,41.189810156529,50.6310112476798,50.2337994864409,2010.92059645794,2011.31780821918,PV048-P0751_LII_Bridgeport_CT_USA_Ixodes-scapularis_F_Drag_2011-04-27
350,10,1.44691693122276,-72.7835655952685,41.381825741996,-72.7567950212657,41.418763851068,50.6638879600085,49.2169710287858,2009.90376800028,2011.35068493151,PV050-P0795_LII_North-Branford_CT_USA_Ixodes-scapularis_F_Drag_2011-05-09
342,17,0.573445610478544,-72.7782366499976,41.3538240495323,-72.7924266017577,41.361853780603,50.6638879600085,50.09044234953,2010.77723932103,2011.35068493151,PV047-P0785_LII_North-Branford_CT_USA_Ixodes-scapularis_M_Drag_2011-05-09
506,507,0.551348398918229,-73.8406478869997,43.007698735892,-73.7711016418448,43.0038636342836,50.6660265491812,50.114678150263,2010.80147512176,2011.35282352068,NA
426,427,1.49160395735981,-73.1903660987232,41.1639403336742,-73.1835533207417,41.1636593844078,50.7042498815017,49.2126459241419,2009.89944289564,2011.391046853,NA
579,580,0.948382119942112,-73.9118783136547,42.0319721475426,-73.9103072550099,42.0397834991003,50.7119774623392,49.7635953423971,2010.4503923139,2011.39877443384,NA
333,335,4.52144790239072,-72.7986803661887,41.3593969613921,-72.776693238767,41.3654436128974,50.7449386089105,46.2234907065198,2006.91028767802,2011.43173558041,NA
588,589,13.8060962074351,-73.8010357861525,42.182267897953,-73.842655806094,42.2547052568608,50.7652294135748,36.9591332061397,1997.64593017764,2011.45202638507,NA
507,508,0.215089247550752,-73.7711016418448,43.0038636342836,-73.7723078001436,43.0039760158665,50.881115796732,50.6660265491812,2011.35282352068,2011.56791276823,NA
588,592,14.0254473623644,-73.8010357861525,42.182267897953,-73.6271108748566,42.5233906035345,50.9845805685041,36.9591332061397,1997.64593017764,2011.67137754,NA
479,480,1.02362946228435,-73.6078551907512,42.9396137661656,-73.6226058980059,42.9193206334504,51.0642090278561,50.0405795655718,2010.72737653707,2011.75100599935,NA
434,435,1.35066338290401,-73.1631081262227,41.2003929091737,-73.1550628447814,41.1946557552145,51.1004232133566,49.7497598304526,2010.43655680195,2011.78722018485,NA
433,194,3.38728262581522,-73.1843592616133,41.216644637781,-73.1955085964122,41.2110829111563,51.107723576447,47.7204409506318,2008.40723792213,2011.79452054795,PV057-P1107_LII_Bridgeport_CT_USA_Ixodes-scapularis_F_Drag_2011-10-18
434,193,1.3579637459944,-73.1631081262227,41.2003929091737,-73.1310030108057,41.2202729487479,51.107723576447,49.7497598304526,2010.43655680195,2011.79452054795,PV054-P1109_LII_Bridgeport_CT_USA_Ixodes-scapularis_F_Drag_2011-10-18
436,196,1.27604560356548,-73.1919933736222,41.1708564919466,-73.1295786013149,41.1886809313168,51.107723576447,49.8316779728815,2010.51847494438,2011.79452054795,PV055-P1112_LII_Bridgeport_CT_USA_Ixodes-scapularis_F_Drag_2011-10-18
437,192,0.852931926504006,-73.1877760499288,41.169371214213,-73.1947860788045,41.16739846379,51.107723576447,50.254791649943,2010.94158862144,2011.79452054795,PV053-P1104_LII_Bridgeport_CT_USA_Ixodes-scapularis_M_Drag_2011-10-18
435,198,0.00730036309038695,-73.1550628447814,41.1946557552145,-73.1508282582583,41.198755618701,51.107723576447,51.1004232133566,2011.78722018485,2011.79452054795,PV052-P1113_LII_Bridgeport_CT_USA_Ixodes-scapularis_M_Drag_2011-10-18
435,197,0.00730036309038695,-73.1550628447814,41.1946557552145,-73.1588154705684,41.1958123731849,51.107723576447,51.1004232133566,2011.78722018485,2011.79452054795,PV056-P1114_LII_Bridgeport_CT_USA_Ixodes-scapularis_M_Drag_2011-10-18
334,21,1.0895380862389,-72.8035739457234,41.3581448239794,-72.7495970949631,41.3992342475822,51.1159427545291,50.0264046682902,2010.71320163979,2011.80273972603,PV051-P0933_LII_North-Branford_CT_USA_Ixodes-scapularis_F_Drag_2011-10-21
422,181,3.45597836807766,-73.18519194793,41.1759818686688,-73.1626018955804,41.2467605119513,51.1269016586388,47.6709232905611,2008.35772026206,2011.81369863014,PV059-P1514_LII_Bridgeport_CT_USA_Ixodes-scapularis_M_Drag_2011-10-25
425,182,1.37815287842771,-73.1999386023648,41.181486689639,-73.1934547251555,41.1693213504203,51.1269016586388,49.7487487802111,2010.43554575171,2011.81369863014,PV060-P1518_LII_Bridgeport_CT_USA_Ixodes-scapularis_F_Drag_2011-10-25
437,195,0.880329186778035,-73.1877760499288,41.169371214213,-73.2029579075934,41.1658029306932,51.1351208367211,50.254791649943,2010.94158862144,2011.82191780822,PV058-P1241_LII_Bridgeport_CT_USA_Ixodes-scapularis_F_Drag_2011-10-28
431,199,7.14580870156395,-73.1604122033998,41.2189503569325,-73.1191835443689,41.2537500780708,51.1679975490498,44.0221888474859,2004.70898581898,2011.85479452055,PV043-P1697_LII_Bridgeport_CT_USA_Ixodes-scapularis_F_Drag_2011-11-09
424,180,3.08566427280486,-73.1834758923445,41.1756360986921,-73.1822971480439,41.2419513262283,51.1679975490498,48.0823332762449,2008.76913024774,2011.85479452055,PV061-P1730_LII_Bridgeport_CT_USA_Ixodes-scapularis_F_Drag_2011-11-09
425,183,1.41924876883875,-73.1999386023648,41.181486689639,-73.1964978491842,41.203388918026,51.1679975490498,49.7487487802111,2010.43554575171,2011.85479452055,PV062-P1753_LII_Bridgeport_CT_USA_Ixodes-scapularis_M_Drag_2011-11-09
607,608,0.664729502773243,-70.2756486005064,43.5696540475529,-70.2851054278206,43.5524552771544,51.2019967523728,50.5372672495995,2011.2240642211,2011.88879372387,NA
346,348,0.843685925844929,-72.7923277585214,41.389788369822,-72.787414227405,41.4082356834304,51.2623562489767,50.4186703231318,2011.10546729463,2011.94915322047,NA
463,464,5.49752185043217,-73.6623628957165,42.130941492834,-73.6046722586127,42.0608926791044,51.4427675005247,45.9452456500925,2006.63204262159,2012.12956447202,NA
426,186,2.36011994588984,-73.1903660987232,41.1639403336742,-73.2013106836558,41.1668924888217,51.5727658700317,49.2126459241419,2009.89944289564,2012.25956284153,PV064-P1933_LII_Bridgeport_CT_USA_Ixodes-scapularis_F_Drag_2012-04-05
427,187,0.868515988530037,-73.1835533207417,41.1636593844078,-73.210088944113,41.1837399802289,51.5727658700317,50.7042498815017,2011.391046853,2012.25956284153,PV065-P1930_LII_Bridgeport_CT_USA_Ixodes-scapularis_F_Drag_2012-04-05
427,185,0.868515988530037,-73.1835533207417,41.1636593844078,-73.1795666092392,41.1781773571323,51.5727658700317,50.7042498815017,2011.391046853,2012.25956284153,PV063-P1912_LII_Bridgeport_CT_USA_Ixodes-scapularis_M_Drag_2012-04-05
537,538,1.4985855361226,-73.4662320427165,40.8880603109288,-73.4628346302302,40.8733486357375,51.5836941118135,50.0851085756909,2010.77190554719,2012.27049108331,NA
479,481,1.59967934444238,-73.6078551907512,42.9396137661656,-73.6329403486905,42.9534164091273,51.6402589100141,50.0405795655718,2010.72737653707,2012.32705588151,NA
512,515,1.8685183908025,-73.8455986180264,43.0489490476381,-73.8434566602311,43.0430351363569,51.702031799033,49.8335134082305,2010.52031037973,2012.38882877053,NA
549,550,1.43614657682971,-73.5204936209766,40.8782844037747,-73.5288607820953,40.872026364196,51.7203965373873,50.2842499605576,2010.97104693206,2012.40719350889,NA
343,344,2.58672773936581,-72.7930710977637,41.3666908698575,-72.7932949819917,41.3630599310378,51.7364920139164,49.1497642745506,2009.83656124605,2012.42328898541,NA
498,499,1.47638734628689,-73.797343182857,43.0477176200173,-73.7963292952551,43.0694953478965,51.7881623587839,50.3117750124971,2010.998571984,2012.47495933028,NA
498,500,1.49079016579941,-73.797343182857,43.0477176200173,-73.789731631894,43.0254344114053,51.8025651782965,50.3117750124971,2010.998571984,2012.48936214979,NA
337,351,6.57982116677914,-72.793416497089,41.3843891399342,-72.7910665370002,41.3801374709433,51.9015379116791,45.3217167448999,2006.0085137164,2012.58833488318,NA
584,586,5.14208738402318,-73.7806444762237,41.2476959875445,-73.7777279773877,41.2466013711509,51.9740764189703,46.8319890349472,2007.51878600645,2012.66087339047,NA
473,474,4.64840298031947,-73.7860334102294,42.938288034642,-73.7992283539943,42.9584949293046,52.0130968213403,47.3646938410208,2008.05149081252,2012.69989379284,NA
500,501,0.354919915739427,-73.789731631894,43.0254344114053,-73.7877986698943,43.0308606839141,52.1574850940359,51.8025651782965,2012.48936214979,2012.84428206553,NA
492,234,7.45924626613636,-73.9420315929066,42.0820473661293,-73.9315547002494,42.0641592445979,52.1875199683924,44.728273702256,2005.41507067375,2012.87431693989,PV152-12021-250_LII_Clermont_NY_USA_Ixodes-scapularis_M_Drag_2012-11-16
579,74,2.42392462599526,-73.9118783136547,42.0319721475426,-73.9056289035339,42.037556041192,52.1875199683924,49.7635953423971,2010.4503923139,2012.87431693989,PV165-12021-240_LII_Clermont_NY_USA_Ixodes-scapularis_F_Drag_2012-11-16
623,625,1.98324835276532,-70.538180960755,43.35973236026,-70.5672775377879,43.3208624155276,52.3624022796818,50.3791539269165,2011.06595089841,2013.04919925118,NA
467,468,2.49870008925594,-74.3120506265059,41.4812507358891,-74.3518569888395,41.4821192623847,52.4328790270372,49.9341789377812,2010.62097590928,2013.11967599854,NA
602,603,2.07098026158481,-70.2649784861103,43.5720248936262,-70.2632798469605,43.5810196034024,52.4376236728932,50.3666434113084,2011.05344038281,2013.12442064439,NA
508,509,1.63100267068666,-73.7723078001436,43.0039760158665,-73.7711025526694,43.0126184376353,52.5121184674186,50.881115796732,2011.56791276823,2013.19891543892,NA
589,590,1.78630812356825,-73.842655806094,42.2547052568608,-73.7867282248249,42.2246437601555,52.551537537143,50.7652294135748,2011.45202638507,2013.23833450864,NA
482,483,3.32399447576062,-73.7790612118732,42.9324103775858,-73.7909204249647,42.913590548229,52.6882939435513,49.3642994677906,2010.05109643929,2013.37509091505,NA
466,471,4.43826143874529,-74.3162149111203,41.4868119457416,-74.3184385488618,41.479624452879,52.7469026007437,48.3086411619984,2008.9954381335,2013.43369957224,NA
419,179,8.20179355370722,-73.1506927644368,41.2305378704179,-73.1241136398819,41.1783120970551,52.7570386449401,44.5552450912328,2005.24204206273,2013.44383561644,PV012-P913_LII_Bridgeport_CT_USA_Ixodes-scapularis_N_Drag_2013-06-12
483,484,0.137801800455956,-73.7909204249647,42.913590548229,-73.7909730098814,42.9131660674931,52.8260957440072,52.6882939435513,2013.37509091505,2013.51289271551,NA
518,519,23.6326415069158,-73.1336204112031,40.8174319636768,-70.5190233178859,43.3585514836016,52.9353603282281,29.3027188213123,1989.98951579281,2013.62215729973,NA
621,622,4.13762232261979,-70.5231801570465,43.3696830027558,-69.1585856075215,44.117441353798,52.9989257822376,48.8613034596178,2009.54810043112,2013.68572275374,NA
485,486,2.77803662825149,-73.7723371560107,42.9283489082547,-73.6519821052834,43.0247105872394,52.9991302811971,50.2210936529456,2010.90789062444,2013.6859272527,NA
468,469,0.56907039053942,-74.3518569888395,41.4821192623847,-74.3556305342311,41.4920614716063,53.0019494175766,52.4328790270372,2013.11967599854,2013.68874638907,NA
404,316,7.43971439698757,-73.5573030522282,42.0279336502677,-73.5214672816652,42.1026681747049,53.1871756312415,45.747461234254,2006.43425820575,2013.87397260274,PV218-13CD01-002_LII_Copake_NY_USA_Ixodes-scapularis_M_Deer_2013-11-16
439,440,4.01040095061837,-73.166262176599,41.2188880727729,-73.1796754844345,41.2318052733649,53.2259803909005,49.2155794402821,2009.90237641178,2013.9127773624,NA
635,636,3.49473449935092,-70.5933831907834,43.3309445783971,-70.5876864265519,43.3496378308551,53.2847922921757,49.7900577928248,2010.47685476432,2013.97158926367,NA
603,604,0.904714728149516,-70.2632798469605,43.5810196034024,-70.2567131785657,43.6045581652133,53.3423384010427,52.4376236728932,2013.12442064439,2014.02913537254,NA
469,470,0.351608976178523,-74.3556305342311,41.4920614716063,-74.3642245550965,41.4814522495715,53.3535583937551,53.0019494175766,2013.68874638907,2014.04035536525,NA
378,379,12.6926359189508,-72.3286984259984,41.3128461876982,-72.3335781623129,41.3775891871648,53.4040559985492,40.7114200795984,2001.3982170511,2014.09085297005,NA
486,487,0.448314197823398,-73.6519821052834,43.0247105872394,-73.6529374261444,43.0216258152069,53.4474444790205,52.9991302811971,2013.6859272527,2014.13424145052,NA
607,610,2.93118048374023,-70.2756486005064,43.5696540475529,-70.249491949211,43.5535650505273,53.4684477333398,50.5372672495995,2011.2240642211,2014.15524470484,NA
537,542,3.42558471280189,-73.4662320427165,40.8880603109288,-73.4238007556978,40.9261795270585,53.5106932884928,50.0851085756909,2010.77190554719,2014.19749025999,NA
344,345,1.79031035426382,-72.7932949819917,41.3630599310378,-72.7380774729952,41.3382447067876,53.5268023681803,51.7364920139164,2012.42328898541,2014.21359933968,NA
396,397,18.270547272616,-72.3009036825854,41.0090163808878,-72.2902418918235,41.0452762153979,53.5524154072085,35.2818681345924,1995.96866510609,2014.23921237871,NA
415,171,13.5519188594508,-73.1705894460352,41.188341302258,-73.1630422160625,41.1804770389889,53.6447098778168,40.092791018366,2000.77958798986,2014.33150684932,PV007-P1384_LII_Bridgeport_CT_USA_Ixodes-scapularis_F_Drag_2014-05-02
345,15,0.150784221965283,-72.7380774729952,41.3382447067876,-72.7392307192349,41.3381435725651,53.6775865901456,53.5268023681803,2014.21359933968,2014.36438356164,PV068-P1295_LII_North-Branford_CT_USA_Ixodes-scapularis_Mix_Drag_2014-05-14
344,14,1.98219046664015,-72.7932949819917,41.3630599310378,-72.7798030149824,41.3878418372609,53.7186824805566,51.7364920139164,2012.42328898541,2014.40547945205,PV066-P1184_LII_North-Branford_CT_USA_Ixodes-scapularis_N_Drag_2014-05-29
345,16,0.191880112376326,-72.7380774729952,41.3382447067876,-72.8262980500659,41.3442243607418,53.7186824805566,53.5268023681803,2014.21359933968,2014.40547945205,PV067-P1290_LII_North-Branford_CT_USA_Ixodes-scapularis_Mix_Drag_2014-05-29
350,8,4.57294432848325,-72.7835655952685,41.381825741996,-72.7980353858417,41.3529215560475,53.789915357269,49.2169710287858,2009.90376800028,2014.47671232877,PV008-P1429_LII_North-Branford_CT_USA_Ixodes-scapularis_N_Drag_2014-06-24
519,520,0.910818486626751,-70.5190233178859,43.3585514836016,-70.5210882882783,43.3623499110582,53.8461788148549,52.9353603282281,2013.62215729973,2014.53297578635,NA
328,329,4.02714642417536,-72.8021539478495,41.3332926512072,-72.8089756805499,41.3365491533056,53.8948328760144,49.8676864518391,2010.55448342334,2014.58162984751,NA
379,380,0.506746566245403,-72.3335781623129,41.3775891871648,-72.3542390971792,41.3703384979368,53.9108025647946,53.4040559985492,2014.09085297005,2014.59759953629,NA
487,489,0.489490645187105,-73.6529374261444,43.0216258152069,-73.6564088460691,43.0060137958255,53.9369351242076,53.4474444790205,2014.13424145052,2014.62373209571,NA
543,544,4.00491273373497,-73.5230860852634,40.876772633126,-73.5081431334321,40.8558956627898,54.0050441260484,50.0001313923134,2010.68692836381,2014.69184109755,NA
500,502,2.31499377331567,-73.789731631894,43.0254344114053,-73.901849544815,42.6995864016016,54.1175589516121,51.8025651782965,2012.48936214979,2014.80435592311,NA
327,26,4.91663890202556,-72.7868540207475,41.3423308061983,-72.7530274401856,41.3600584751822,54.1323811106935,49.2157422086679,2009.90253918017,2014.81917808219,PV009-P1742_LII_North-Branford_CT_USA_Ixodes-scapularis_F_Drag_2014-10-27
335,24,3.39018222781052,-72.776693238767,41.3654436128974,-72.7530015724037,41.4022610150352,54.1351208367211,50.7449386089105,2011.43173558041,2014.82191780822,PV011-P1774A_LII_North-Branford_CT_USA_Ixodes-scapularis_F_Drag_2014-10-28
468,237,1.7022418096839,-74.3518569888395,41.4821192623847,-74.3241504894973,41.4760605291859,54.1351208367211,52.4328790270372,2013.11967599854,2014.82191780822,PV157-14071-113_LII_Wallkill_NY_USA_Ixodes-scapularis_M_Drag_2014-10-28
471,242,1.38821823597739,-74.3184385488618,41.479624452879,-74.3268049391223,41.4780400937231,54.1351208367211,52.7469026007437,2013.43369957224,2014.82191780822,PV156-14071-112_LII_Wallkill_NY_USA_Ixodes-scapularis_M_Drag_2014-10-28
469,239,1.13317141914448,-74.3556305342311,41.4920614716063,-74.4828977682381,41.6129754117401,54.1351208367211,53.0019494175766,2013.68874638907,2014.82191780822,PV228-14105-140_LII_Mamakating_NY_USA_Ixodes-scapularis_M_Drag_2014-10-28
470,238,0.781562442965957,-74.3642245550965,41.4814522495715,-74.3055880086391,41.5199709583857,54.1351208367211,53.3535583937551,2014.04035536525,2014.82191780822,PV159-14071-119_LII_Wallkill_NY_USA_Ixodes-scapularis_F_Drag_2014-10-28
470,240,0.781562442965957,-74.3642245550965,41.4814522495715,-74.3708360664299,41.4789948606267,54.1351208367211,53.3535583937551,2014.04035536525,2014.82191780822,PV158-14071-118_LII_Wallkill_NY_USA_Ixodes-scapularis_F_Drag_2014-10-28
440,174,0.911880171847913,-73.1796754844345,41.2318052733649,-73.1649696580733,41.1905765071171,54.1378605627484,53.2259803909005,2013.9127773624,2014.82465753425,PV002-P1735_LII_Bridgeport_CT_USA_Ixodes-scapularis_M_Drag_2014-10-29
440,175,0.911880171847913,-73.1796754844345,41.2318052733649,-73.1910734999321,41.2346390371556,54.1378605627484,53.2259803909005,2013.9127773624,2014.82465753425,PV001-P1734_LII_Bridgeport_CT_USA_Ixodes-scapularis_F_Drag_2014-10-29
336,2,7.1286979211711,-72.7719337602661,41.3688305165823,-72.7780566273481,41.4172496750199,54.1406002887758,47.0119023676047,2007.6986993391,2014.82739726027,PV006-P1677_LII_North-Branford_CT_USA_Ixodes-scapularis_F_Drag_2014-10-30
335,23,3.39566167986524,-72.776693238767,41.3654436128974,-72.8149678312878,41.3897821037132,54.1406002887758,50.7449386089105,2011.43173558041,2014.82739726027,PV010-P1783A_LII_North-Branford_CT_USA_Ixodes-scapularis_F_Drag_2014-10-30
351,28,2.23906237709672,-72.7910665370002,41.3801374709433,-72.7917433267116,41.3750789085117,54.1406002887758,51.9015379116791,2012.58833488318,2014.82739726027,PV003-P1663_LII_North-Branford_CT_USA_Ixodes-scapularis_F_Drag_2014-10-30
329,4,0.245767412761328,-72.8089756805499,41.3365491533056,-72.7832056807435,41.3571923901185,54.1406002887758,53.8948328760144,2014.58162984751,2014.82739726027,PV004-P1665_LII_North-Branford_CT_USA_Ixodes-scapularis_F_Drag_2014-10-30
329,5,0.245767412761328,-72.8089756805499,41.3365491533056,-72.817214959655,41.3290402360821,54.1406002887758,53.8948328760144,2014.58162984751,2014.82739726027,PV005-P1666_LII_North-Branford_CT_USA_Ixodes-scapularis_M_Drag_2014-10-30
570,102,8.94243337876839,-74.0446025389375,41.1238292879696,-74.1406562496178,41.1731430499117,54.1542989189128,45.2118655401444,2005.89866251164,2014.84109589041,PV227-14087-111_LII_Montebello_NY_USA_Ixodes-scapularis_M_Drag_2014-11-04
526,527,3.90588077450099,-73.3453930101005,41.2453780343964,-73.3586864418065,41.3260077148195,54.1595678503655,50.2536870758645,2010.94048404736,2014.84636482186,NA
358,31,13.0173662791732,-73.153734804396,40.7785230382282,-72.801279,40.964811,54.1707372750772,41.1533709959039,2001.8401679674,2014.85753424658,PV160-14103-145_LII_Islip_NY_USA_Ixodes-scapularis_M_Drag_2014-11-10
403,319,10.0812556637748,-73.5719944229684,42.0210604115486,-73.5991766480727,42.0265058056946,54.1844359052142,44.1031802414394,2004.78997721294,2014.87123287671,PV153-14CD06-001_LII_Ancram_NY_USA_Ixodes-scapularis_M_Deer_2014-11-15
464,233,2.74166840468949,-73.6046722586127,42.0608926791044,-73.5595834521358,42.0570659432292,54.1844359052142,51.4427675005247,2012.12956447202,2014.87123287671,PV154-14CD13-002_LII_Copake_NY_USA_Ixodes-scapularis_M_Deer_2014-11-15
446,200,10.5276077118149,-73.7800861285106,42.550332624744,-73.342632,42.929326,54.1871756312415,43.6595679194266,2004.34636489092,2014.87397260274,PV155-14CD34-002_LII_North-Hoosick_NY_USA_Ixodes-scapularis_M_Deer_2014-11-16
589,591,3.44116747867952,-73.842655806094,42.2547052568608,-73.8160744829285,42.2585107822194,54.2063968922543,50.7652294135748,2011.45202638507,2014.89319386375,NA
578,73,5.75508746415875,-73.9267404551435,42.0411272636337,-73.8930357789153,42.0898522557607,54.2118331654882,48.4567457013295,2009.14354267283,2014.89863013699,PV222-14021-346_LII_Clermont_NY_USA_Ixodes-scapularis_F_Drag_2014-11-25
458,245,4.45657739452154,-73.5360552669841,42.3663453161246,-73.5766628060099,42.3474608141064,54.2118331654882,49.7552557709667,2010.44205274246,2014.89863013699,PV224-14021-472_LII_Chatham_NY_USA_Ixodes-scapularis_M_Drag_2014-11-25
580,70,3.49985570314896,-73.9103072550099,42.0397834991003,-73.8925718839022,42.0470976209021,54.2118331654882,50.7119774623392,2011.39877443384,2014.89863013699,PV223-14021-358_LII_Clermont_NY_USA_Ixodes-scapularis_M_Drag_2014-11-25
378,391,13.6677346402528,-72.3286984259984,41.3128461876982,-72.3593681393682,41.3911218767079,54.3791547198511,40.7114200795984,2001.3982170511,2015.06595169135,NA
407,408,4.42134444358947,-72.038044288107,41.3039954598112,-72.0167047491873,41.3104650213586,54.4607192907943,50.0393748472048,2010.7261718187,2015.14751626229,NA
502,503,0.366799466208827,-73.901849544815,42.6995864016016,-73.9078474599813,42.6984429901918,54.484358417821,54.1175589516121,2014.80435592311,2015.17115538932,NA
544,548,0.565926500270268,-73.5081431334321,40.8558956627898,-73.5382795167373,40.8573663555258,54.5709706263187,54.0050441260484,2014.69184109755,2015.25776759782,NA
553,554,5.72679364347438,-73.6878135183339,41.120686201144,-73.709254565558,41.1003708707237,54.8183011080414,49.091507464567,2009.77830443607,2015.50509807954,NA
636,637,1.70190663498712,-70.5876864265519,43.3496378308551,-70.5784911453109,43.3172771339973,54.9866989271628,53.2847922921757,2013.97158926367,2015.67349589866,NA
380,386,1.10534175492298,-72.3542390971792,41.3703384979368,-72.3823464908467,41.3744899244899,55.0161443197176,53.9108025647946,2014.59759953629,2015.70294129122,NA
379,389,1.64965448946247,-72.3335781623129,41.3775891871648,-72.3434007916962,41.3844370080262,55.0537104880117,53.4040559985492,2014.09085297005,2015.74050745951,NA
471,241,2.36904015378543,-74.3184385488618,41.479624452879,-74.3195510588301,41.4791015869751,55.1159427545291,52.7469026007437,2013.43369957224,2015.80273972603,PV139-15071-117_LII_Wallkill_NY_USA_Ixodes-scapularis_M_Drag_2015-10-21
428,191,13.8432652610323,-73.1509706991275,41.2050534549812,-73.1545629198158,41.2447339357442,55.1186824805567,41.2754172195244,2001.96221419102,2015.80547945205,PV013-P2552_LII_Bridgeport_CT_USA_Ixodes-scapularis_M_Drag_2015-10-22
380,381,1.23251128072901,-72.3542390971792,41.3703384979368,-72.3295088195502,41.3670547056878,55.1433138455236,53.9108025647946,2014.59759953629,2015.83011081702,NA
602,605,4.78967597547837,-70.2649784861103,43.5720248936262,-70.2582097325445,43.5612627929921,55.1563193867868,50.3666434113084,2011.05344038281,2015.84311635828,NA
386,387,0.153141385853949,-72.3823464908467,41.3744899244899,-72.3855303689027,41.3687975134647,55.1692857055715,55.0161443197176,2015.70294129122,2015.85608267707,NA
404,315,9.45341302712459,-73.5573030522282,42.0279336502677,-73.5914,42.018929,55.2008742613785,45.747461234254,2006.43425820575,2015.88767123288,PV162-15CD15-001_LII_Ancramdale_NY_USA_Ixodes-scapularis_M_Deer_2015-11-21
465,230,6.39003510819179,-73.6802921025074,42.1129210943472,-73.658633,42.132796,55.2008742613785,48.8108391531868,2009.49763612468,2015.88767123288,PV161-15CD01-001_LII_East-Taghkanic_NY_USA_Ixodes-scapularis_M_Deer_2015-11-21
494,495,8.17450194174494,-73.8428705695468,43.0345025796965,-74.4734158295399,42.4092005267462,55.2011366831121,47.0266347413672,2007.71343171287,2015.88793365461,NA
592,134,4.21903341890182,-73.6271108748566,42.5233906035345,-73.557972,42.693973,55.2036139874059,50.9845805685041,2011.67137754,2015.8904109589,PV164-15CD59-002_LII_Poestenkill_NY_USA_Ixodes-scapularis_M_Deer_2015-11-22
592,135,4.21903341890182,-73.6271108748566,42.5233906035345,-73.612061,42.513484,55.2036139874059,50.9845805685041,2011.67137754,2015.8904109589,PV200-15CD63-001_LII_Nassau_NY_USA_Ixodes-scapularis_M_Deer_2015-11-22
464,232,3.76084648688121,-73.6046722586127,42.0608926791044,-73.5753684853634,42.1155279987904,55.2036139874059,51.4427675005247,2012.12956447202,2015.8904109589,PV163-15CD31-001_LII_Copake_NY_USA_Ixodes-scapularis_M_Deer_2015-11-22
336,25,8.22184860610262,-72.7719337602661,41.3688305165823,-72.7771108095508,41.3661019378758,55.2337509737073,47.0119023676047,2007.6986993391,2015.92054794521,PV015-67_LII_North-Branford_CT_USA_Ixodes-scapularis_F_Drag_2015-12-03
381,382,0.152976831703385,-72.3295088195502,41.3670547056878,-72.3224568476296,41.3625764281363,55.296290677227,55.1433138455236,2015.83011081702,2015.98308764873,NA
544,545,1.29461141152534,-73.5081431334321,40.8558956627898,-73.5575642741906,40.8892238006865,55.2996555375738,54.0050441260484,2014.69184109755,2015.98645250907,NA
529,127,6.11390868888577,-73.3571133931393,41.2448494315328,-73.3787576136753,41.2493643308561,55.3022441243921,49.1883354355064,2009.875132407,2015.98904109589,PV014-8_LII_Redding_CT_USA_Ixodes-scapularis_F_Drag_2015-12-28
370,301,9.37315777031846,-72.3404399933568,41.0181077898132,-72.3495574523988,41.0220231276058,55.3295964711248,45.9564387008063,2006.6432356723,2016.01639344262,PV138-15-S22-01_LII_Shelter-Island_NY_USA_Ixodes-scapularis_F_Deer_2016-01-07
397,298,1.79357450653928,-72.2902418918235,41.0452762153979,-72.2853461013054,41.0207896184799,55.3459899137478,53.5524154072085,2014.23921237871,2016.03278688525,PV196-15-S13-03_LII_Shelter-Island_NY_USA_Ixodes-scapularis_M_Deer_2016-01-13
396,296,20.0832474622155,-72.3009036825854,41.0090163808878,-72.2638293833623,41.0401939043266,55.3651155968079,35.2818681345924,1995.96866510609,2016.05191256831,PV197-15-S26-01_LII_Shelter-Island_NY_USA_Ixodes-scapularis_M_Deer_2016-01-20
512,513,5.69761064955406,-73.8455986180264,43.0489490476381,-73.7382357479351,43.1572025592459,55.5311240577846,49.8335134082305,2010.52031037973,2016.21792102928,NA
389,390,0.58154529182503,-72.3434007916962,41.3844370080262,-72.3370229212213,41.3958291011002,55.6352557798367,55.0537104880117,2015.74050745951,2016.32205275133,NA
610,612,2.18873648469216,-70.249491949211,43.5535650505273,-70.2468259289629,43.5346948306027,55.6571842180319,53.4684477333398,2014.15524470484,2016.34398118953,NA
382,383,0.374190657191111,-72.3224568476296,41.3625764281363,-72.342297605777,41.3646942564268,55.6704813344181,55.296290677227,2015.98308764873,2016.35727830592,NA
489,490,1.80260293048737,-73.6564088460691,43.0060137958255,-73.6525970565211,42.9993546551133,55.739538054695,53.9369351242076,2014.62373209571,2016.42633502619,NA
487,488,2.30098825268464,-73.6529374261444,43.0216258152069,-73.6457010531233,43.0242267637925,55.7484327317052,53.4474444790205,2014.13424145052,2016.4352297032,NA
604,149,2.41895205915297,-70.2567131785657,43.6045581652133,-70.2181945981371,43.6211878107682,55.7612904601957,53.3423384010427,2014.02913537254,2016.44808743169,PV083-242_LII_Cape-Elizabeth_ME_USA_Ixodes-scapularis_N_Drag_2016-06-13
383,384,0.359023856033352,-72.342297605777,41.3646942564268,-72.3541333219548,41.365990905979,56.0295051904514,55.6704813344181,2016.35727830592,2016.71630216195,NA
527,528,1.87569448125405,-73.3586864418065,41.3260077148195,-73.3726583037506,41.2981126541367,56.0352623316196,54.1595678503655,2014.84636482186,2016.72205930312,NA
387,388,0.900243749162063,-72.3855303689027,41.3687975134647,-72.3803674999677,41.3717936591076,56.0695294547336,55.1692857055715,2015.85608267707,2016.75632642623,NA
603,153,3.63787443757586,-70.2632798469605,43.5810196034024,-70.2684028547689,43.5742373347082,56.0754981104691,52.4376236728932,2013.12442064439,2016.76229508197,PV087-946_LII_Cape-Elizabeth_ME_USA_Ixodes-scapularis_M_Drag_2016-10-06
625,166,3.71582807122437,-70.5672775377879,43.3208624155276,-70.4989975075044,43.3548638799375,56.0782303509062,52.3624022796818,2013.04919925118,2016.7650273224,PV085-632_LII_Wells_ME_USA_Ixodes-scapularis_F_Drag_2016-10-07
519,121,3.14287002267807,-70.5190233178859,43.3585514836016,-70.5104125612475,43.3572980212985,56.0782303509062,52.9353603282281,2013.62215729973,2016.7650273224,PV084-612_LII_Wells_ME_USA_Ixodes-scapularis_F_Drag_2016-10-07
384,385,0.0500105794777768,-72.3541333219548,41.365990905979,-72.3658387459462,41.3579202266414,56.0795157699292,56.0295051904514,2016.71630216195,2016.76631274143,NA
622,170,3.09843025172875,-69.1585856075215,44.117441353798,-69.156464,44.123197,56.0973560339663,52.9989257822376,2013.68572275374,2016.78415300546,PV086-687_LII_Midcoast_ME_USA_Ixodes-scapularis_F_Drag_2016-10-14
348,12,4.84319650630098,-72.787414227405,41.4082356834304,-72.7963430911779,41.3648676933421,56.1055527552777,51.2623562489767,2011.94915322047,2016.79234972678,PV077-3569_LII_North-Branford_CT_USA_Ixodes-scapularis_F_Drag_2016-10-17
351,29,4.21221156491025,-72.7910665370002,41.3801374709433,-72.8231553275198,41.3564055753169,56.1137494765893,51.9015379116791,2012.58833488318,2016.80054644809,PV078-3591_LII_North-Branford_CT_USA_Ixodes-scapularis_M_Drag_2016-10-20
590,132,3.5649441798834,-73.7867282248249,42.2246437601555,-73.7976111956632,42.2295913407775,56.1164817170264,52.551537537143,2013.23833450864,2016.80327868852,PV137-16021-172_LII_Greenport_NY_USA_Ixodes-scapularis_M_Drag_2016-10-21
590,131,3.5649441798834,-73.7867282248249,42.2246437601555,-73.8757360463177,42.1995227104135,56.1164817170264,52.551537537143,2013.23833450864,2016.80327868852,PV188-16021-171_LII_Greenport_NY_USA_Ixodes-scapularis_F_Drag_2016-10-21
492,235,11.3991369765189,-73.9420315929066,42.0820473661293,-73.9128219241699,42.1235268718634,56.1274106787749,44.728273702256,2005.41507067375,2016.81420765027,PV201-16021-231_LII_Clermont_NY_USA_Ixodes-scapularis_M_Drag_2016-10-25
391,294,1.76738164198391,-72.3593681393682,41.3911218767079,-72.3658282076375,41.3998992751784,56.146536361835,54.3791547198511,2015.06595169135,2016.83333333333,PV033-126_LII_Lyme_CT_USA_Ixodes-scapularis_F_Drag_2016-11-01
391,295,1.76738164198391,-72.3593681393682,41.3911218767079,-72.386799826957,41.3306836043023,56.146536361835,54.3791547198511,2015.06595169135,2016.83333333333,PV028-116_LII_Lyme_CT_USA_Ixodes-scapularis_M_Drag_2016-11-01
386,289,1.13039204211749,-72.3823464908467,41.3744899244899,-72.3838621483094,41.3796334842255,56.146536361835,55.0161443197176,2015.70294129122,2016.83333333333,PV027-114_LII_Lyme_CT_USA_Ixodes-scapularis_M_Drag_2016-11-01
390,280,0.511280581998365,-72.3370229212213,41.3958291011002,-72.3330716287586,41.3938918548733,56.146536361835,55.6352557798367,2016.32205275133,2016.83333333333,PV030-122_LII_Lyme_CT_USA_Ixodes-scapularis_F_Drag_2016-11-01
383,290,0.476055027416962,-72.342297605777,41.3646942564268,-72.3572014821932,41.4038252736488,56.146536361835,55.6704813344181,2016.35727830592,2016.83333333333,PV031-124_LII_Lyme_CT_USA_Ixodes-scapularis_F_Drag_2016-11-01
385,287,0.0670205919058335,-72.3658387459462,41.3579202266414,-72.3610693558409,41.3404385152815,56.146536361835,56.0795157699292,2016.76631274143,2016.83333333333,PV029-118_LII_Lyme_CT_USA_Ixodes-scapularis_M_Drag_2016-11-01
385,282,0.0670205919058335,-72.3658387459462,41.3579202266414,-72.3657424340944,41.3703973034217,56.146536361835,56.0795157699292,2016.76631274143,2016.83333333333,PV032-125_LII_Lyme_CT_USA_Ixodes-scapularis_F_Drag_2016-11-01
407,308,6.10989375506738,-72.038044288107,41.3039954598112,-72.0247039660797,41.2870867027745,56.1492686022722,50.0393748472048,2010.7261718187,2016.83606557377,PV076-3464_LII_Groton_CT_USA_Ixodes-scapularis_F_Drag_2016-11-02
408,310,1.68854931147791,-72.0167047491873,41.3104650213586,-72.0310795790177,41.3158202566119,56.1492686022722,54.4607192907943,2015.14751626229,2016.83606557377,PV075-3381_LII_Groton_CT_USA_Ixodes-scapularis_F_Drag_2016-11-02
408,309,1.68854931147791,-72.0167047491873,41.3104650213586,-72.062481302152,41.3781649529816,56.1492686022722,54.4607192907943,2015.14751626229,2016.83606557377,PV074-3338_LII_Groton_CT_USA_Ixodes-scapularis_F_Drag_2016-11-02
625,167,3.8005275247762,-70.5672775377879,43.3208624155276,-70.5859686041807,43.3339535659411,56.162929804458,52.3624022796818,2013.04919925118,2016.84972677596,PV089-1003_LII_Wells_ME_USA_Ixodes-scapularis_F_Drag_2016-11-07
636,51,2.87813751228233,-70.5876864265519,43.3496378308551,-70.5007158535403,43.3126165257832,56.162929804458,53.2847922921757,2013.97158926367,2016.84972677596,PV088-963_LII_Wells_ME_USA_Ixodes-scapularis_M_Drag_2016-11-07
387,283,0.993644098886522,-72.3855303689027,41.3687975134647,-72.3380153470971,41.3111215220903,56.162929804458,55.1692857055715,2015.85608267707,2016.84972677596,PV023-93_LII_Lyme_CT_USA_Ixodes-scapularis_F_Drag_2016-11-07
384,281,0.133424614006595,-72.3541333219548,41.365990905979,-72.3505717671194,41.3569702112211,56.162929804458,56.0295051904514,2016.71630216195,2016.84972677596,PV026-101_LII_Lyme_CT_USA_Ixodes-scapularis_F_Drag_2016-11-07
388,284,0.0934003497244587,-72.3803674999677,41.3717936591076,-72.3800449248316,41.3757160849859,56.162929804458,56.0695294547336,2016.75632642623,2016.84972677596,PV025-98_LII_Lyme_CT_USA_Ixodes-scapularis_F_Drag_2016-11-07
388,288,0.0934003497244587,-72.3803674999677,41.3717936591076,-72.3843653923685,41.3636142923734,56.162929804458,56.0695294547336,2016.75632642623,2016.84972677596,PV024-95_LII_Lyme_CT_USA_Ixodes-scapularis_F_Drag_2016-11-07
637,52,1.18169535816946,-70.5784911453109,43.3172771339973,-70.5677650256288,43.3138008123709,56.1683942853323,54.9866989271628,2015.67349589866,2016.85519125683,PV091-1141_LII_Wells_ME_USA_Ixodes-scapularis_M_Drag_2016-11-09
637,54,1.18169535816946,-70.5784911453109,43.3172771339973,-70.5784904720893,43.3144837812177,56.1683942853323,54.9866989271628,2015.67349589866,2016.85519125683,PV090-1135_LII_Wells_ME_USA_Ixodes-scapularis_M_Drag_2016-11-09
529,128,6.98279109026327,-73.3571133931393,41.2448494315328,-73.3701356098727,41.262871118051,56.1711265257696,49.1883354355064,2009.875132407,2016.85792349727,PV016-32_LII_Redding_CT_USA_Ixodes-scapularis_F_Drag_2016-11-10
528,125,0.135864194150058,-73.3726583037506,41.2981126541367,-73.3325669594673,41.313921339366,56.1711265257696,56.0352623316196,2016.72205930312,2016.85792349727,PV069-165_LII_Redding_CT_USA_Ixodes-scapularis_M_Drag_2016-11-10
526,126,5.9283684116536,-73.3453930101005,41.2453780343964,-73.3266563040296,41.2636875224929,56.1820554875181,50.2536870758645,2010.94048404736,2016.86885245902,PV071-219_LII_Redding_CT_USA_Ixodes-scapularis_M_Drag_2016-11-14
527,124,2.02248763715261,-73.3586864418065,41.3260077148195,-73.3660763650455,41.304362849963,56.1820554875181,54.1595678503655,2014.84636482186,2016.86885245902,PV073-237_LII_Redding_CT_USA_Ixodes-scapularis_F_Drag_2016-11-14
528,123,0.146793155898563,-73.3726583037506,41.2981126541367,-73.4014293761443,41.3181432958133,56.1820554875181,56.0352623316196,2016.72205930312,2016.86885245902,PV072-228_LII_Redding_CT_USA_Ixodes-scapularis_M_Drag_2016-11-14
392,293,6.51002400390998,-72.32636783929,41.3105291152345,-72.3151810416685,41.3203349332385,56.1875199683924,49.6774959644824,2010.36429293598,2016.87431693989,PV022-62_LII_Lyme_CT_USA_Ixodes-scapularis_M_Drag_2016-11-16
360,39,5.55936864287737,-70.5848550727857,43.8340113372135,-70.622068631788,43.7991049084978,56.1902522088297,50.6308835659524,2011.31768053745,2016.87704918033,PV093-1331_LII_Standish_ME_USA_Ixodes-scapularis_M_Drag_2016-11-17
360,40,5.55936864287737,-70.5848550727857,43.8340113372135,-70.5956828853481,43.8618176975827,56.1902522088297,50.6308835659524,2011.31768053745,2016.87704918033,PV094-1341_LII_Standish_ME_USA_Ixodes-scapularis_M_Drag_2016-11-17
608,148,4.99098769689409,-70.2851054278206,43.5524552771544,-70.2612621247032,43.5504830521155,56.1929844492669,51.2019967523728,2011.88879372387,2016.87978142077,PV092.2-1217_LII_Cape-Elizabeth_ME_USA_Ixodes-scapularis_F_Drag_2016-11-18
402,313,8.80887260777995,-73.6027821291942,42.0029800318287,-73.5384647459557,42.0665487743941,56.195716689704,47.386844081924,2008.07364105342,2016.8825136612,PV187-16CD17_LII_Copake_NY_USA_Ixodes-scapularis_M_Deer_2016-11-19
393,291,6.48258318738591,-72.3231206606633,41.3226377726799,-72.3069673089041,41.3371837733949,56.2203068536384,49.7377236662524,2010.42452063775,2016.90710382514,PV017-45_LII_Lyme_CT_USA_Ixodes-scapularis_F_Drag_2016-11-28
389,279,1.16659636562671,-72.3434007916962,41.3844370080262,-72.3430804902752,41.3975911408816,56.2203068536384,55.0537104880117,2015.74050745951,2016.90710382514,PV019-52_LII_Lyme_CT_USA_Ixodes-scapularis_M_Drag_2016-11-28
381,286,1.07699300811477,-72.3295088195502,41.3670547056878,-72.3320287249378,41.372760120948,56.2203068536384,55.1433138455236,2015.83011081702,2016.90710382514,PV020-53_LII_Lyme_CT_USA_Ixodes-scapularis_M_Drag_2016-11-28
382,278,0.924016176411389,-72.3224568476296,41.3625764281363,-72.3086806055644,41.3830063370619,56.2203068536384,55.296290677227,2015.98308764873,2016.90710382514,PV018-50_LII_Lyme_CT_USA_Ixodes-scapularis_M_Drag_2016-11-28
390,285,0.585051073801681,-72.3370229212213,41.3958291011002,-72.3377437572601,41.3843441739577,56.2203068536384,55.6352557798367,2016.32205275133,2016.90710382514,PV021-55_LII_Lyme_CT_USA_Ixodes-scapularis_F_Drag_2016-11-28
347,6,5.73759225235876,-72.7936123258974,41.3836129537169,-72.7978602147958,41.3983497220217,56.22850357495,50.4909113225912,2011.17770829409,2016.91530054645,PV080-160_LII_North-Branford_CT_USA_Ixodes-scapularis_Unknown_Drag_2016-12-01
348,13,4.97980852815888,-72.787414227405,41.4082356834304,-72.7728719375026,41.3931427120398,56.2421647771356,51.2623562489767,2011.94915322047,2016.92896174863,PV070-188_LII_North-Branford_CT_USA_Ixodes-scapularis_F_Drag_2016-12-06
584,585,9.49965208193009,-73.7806444762237,41.2476959875445,-73.942847264225,42.0415741707236,56.3316411168772,46.8319890349472,2007.51878600645,2017.01843808838,NA
595,596,8.20722696925479,-73.9142981874348,42.9685855506757,-73.9021604863389,42.9388001454048,56.3362672123024,48.1290402430476,2008.81583721455,2017.0230641838,NA
456,457,10.8086787062818,-73.5801426856528,41.1814154448456,-73.725256525869,41.319243211078,56.4238028240671,45.6151241177853,2006.30192108928,2017.11059979557,NA
580,581,5.73962153639338,-73.9103072550099,42.0397834991003,-73.9005593271558,42.0481459146257,56.4515989987326,50.7119774623392,2011.39877443384,2017.13839597023,NA
503,504,1.98966883059794,-73.9078474599813,42.6984429901918,-73.8963062237677,42.6735455096639,56.4740272484189,54.484358417821,2015.17115538932,2017.16082421992,NA
448,449,22.7706663773645,-73.8705125139152,42.7121107929923,-73.950319036419,42.7151976613701,56.4792786000481,33.7086122226836,1994.39540919418,2017.16607557155,NA
474,475,4.49401548918349,-73.7992283539943,42.9584949293046,-73.8069436957976,42.9631182707373,56.5071123105237,52.0130968213403,2012.69989379284,2017.19390928202,NA
567,569,7.02849999206163,-73.5965107367397,41.3883105870654,-74.0066213804448,42.3161359691089,56.5656915436364,49.5371915515747,2010.22398852307,2017.25248851513,NA
615,618,8.65790728526076,-70.5361396388579,43.3672201206314,-70.5021907650751,43.3757857936368,56.6567155774365,47.9988082921758,2008.68560526367,2017.34351254893,NA
358,34,15.5077772380773,-73.153734804396,40.7785230382282,-73.1444123300685,40.7923610557056,56.6611482339812,41.1533709959039,2001.8401679674,2017.34794520548,PV149-17103-304_LII_Islip_NY_USA_Ixodes-scapularis_M_Drag_2017-05-08
542,80,3.16141384959801,-73.4238007556978,40.9261795270585,-73.4377225861063,40.9213318412946,56.6721071380908,53.5106932884928,2014.19749025999,2017.35890410959,PV150-17103-254_LII_Huntington_NY_USA_Ixodes-scapularis_F_Drag_2017-05-12
591,133,2.49858695816529,-73.8160744829285,42.2585107822194,-73.7966180279966,42.2176587002046,56.7049838504196,54.2063968922543,2014.89319386375,2017.39178082192,PV203-17021-227_LII_Greenport_NY_USA_Ixodes-scapularis_N_Drag_2017-05-24
554,98,1.94147726292627,-73.709254565558,41.1003708707237,-73.6888301121734,41.133709430509,56.7597783709676,54.8183011080414,2015.50509807954,2017.44657534247,PV124-17119-057_LII_Armonk_NY_USA_Ixodes-scapularis_N_Drag_2017-06-13
554,99,1.94147726292627,-73.709254565558,41.1003708707237,-73.7196429850926,41.143145059398,56.7597783709676,54.8183011080414,2015.50509807954,2017.44657534247,PV125-17119-059_LII_Armonk_NY_USA_Ixodes-scapularis_N_Drag_2017-06-13
507,510,6.12427657216331,-73.7711016418448,43.0038636342836,-73.735991462533,43.065362628098,56.7903031213445,50.6660265491812,2011.35282352068,2017.47710009284,NA
483,213,4.13175840001893,-73.7909204249647,42.913590548229,-73.7603579558394,42.9785624140406,56.8200523435702,52.6882939435513,2013.37509091505,2017.50684931507,PV128-17091-144_LII_Malta_NY_USA_Ixodes-scapularis_F_Drag_2017-07-05
610,611,3.38491114457272,-70.249491949211,43.5535650505273,-70.2179774625737,43.5839074850061,56.8533588779125,53.4684477333398,2014.15524470484,2017.54015584941,NA
513,514,1.32626692668056,-73.7382357479351,43.1572025592459,-73.7313518382506,43.1754025604643,56.8573909844651,55.5311240577846,2016.21792102928,2017.54418795596,NA
509,265,4.34902976656259,-73.7711025526694,43.0126184376353,-73.7721032072526,43.0126325576206,56.8611482339812,52.5121184674186,2013.19891543892,2017.54794520548,PV123-17091-200_LII_Saratoga-Springs_NY_USA_Ixodes-scapularis_N_Drag_2017-07-20
509,264,4.34902976656259,-73.7711025526694,43.0126184376353,-73.8004065969653,43.0063580412267,56.8611482339812,52.5121184674186,2013.19891543892,2017.54794520548,PV202-17091-180_LII_Saratoga-Springs_NY_USA_Ixodes-scapularis_N_Drag_2017-07-20
488,224,1.11271550227606,-73.6457010531233,43.0242267637925,-73.8735195202514,43.1242058106904,56.8611482339812,55.7484327317052,2016.4352297032,2017.54794520548,PV134-17091-236_LII_Greenfield_NY_USA_Ixodes-scapularis_N_Drag_2017-07-20
488,223,1.11545522830342,-73.6457010531233,43.0242267637925,-73.63022,42.98338,56.8638879600086,55.7484327317052,2016.4352297032,2017.55068493151,PV127-17091-230_LII_Stillwater_NY_USA_Ixodes-scapularis_N_Drag_2017-07-21
545,546,1.59203411068785,-73.5575642741906,40.8892238006865,-73.5475930257742,40.8956069209326,56.8916896482616,55.2996555375738,2015.98645250907,2017.57848661976,NA
538,539,5.49189272042088,-73.4628346302302,40.8733486357375,-73.4651304264208,40.8410425810803,57.0755868322344,51.5836941118135,2012.27049108331,2017.76238380373,NA
596,597,0.758316043127603,-73.9021604863389,42.9388001454048,-73.9019562698866,42.8636745971762,57.09458325543,56.3362672123024,2017.0230641838,2017.78138022693,NA
568,108,7.48223444773324,-73.5938407663491,41.3893947001262,-73.5837526563205,41.3863160361173,57.1022441243921,49.6200096766588,2010.30680664816,2017.78904109589,PV148-17079-117_LII_Brewster_NY_USA_Ixodes-scapularis_M_Drag_2017-10-16
605,606,1.9644758001977,-70.2582097325445,43.5612627929921,-70.2691965295595,43.5630484434934,57.1207951869845,55.1563193867868,2015.84311635828,2017.80759215848,NA
576,65,16.3976450952924,-73.8435794181898,41.425728101943,-73.680646,41.572981,57.121422206584,40.7237771112916,2001.41057408279,2017.80821917808,PV146-17027-241_LII_Holmes_NY_USA_Ixodes-scapularis_M_Drag_2017-10-23
555,97,6.64185022458923,-73.7052287106131,41.0859573808207,-73.7093945760419,41.0796058899064,57.1269016586388,50.4850514340495,2011.17184840555,2017.81369863014,PV143-17119-131_LII_Armonk_NY_USA_Ixodes-scapularis_M_Drag_2017-10-25
562,112,12.199423085659,-73.767624294568,41.1681277265622,-74.4496804545136,41.6130708458003,57.1323811106935,44.9329580250345,2005.61975499653,2017.81917808219,PV230-17105-109_LII_Mamakating_NY_USA_Ixodes-scapularis_F_Drag_2017-10-27
508,263,6.2512653139615,-73.7723078001436,43.0039760158665,-73.58446,43.13682,57.1323811106935,50.881115796732,2011.56791276823,2017.81917808219,PV260-17115-194_LII_Greenwich_NY_USA_Ixodes-scapularis_M_Drag_2017-10-27
538,88,5.54868699887993,-73.4628346302302,40.8733486357375,-73.4629491871565,40.9643473223841,57.1323811106935,51.5836941118135,2012.27049108331,2017.81917808219,PV258-17103-1045_LII_Huntington_NY_USA_Ixodes-scapularis_M_Drag_2017-10-27
513,272,1.6012570529089,-73.7382357479351,43.1572025592459,-73.7374816309463,43.1617676174925,57.1323811106935,55.5311240577846,2016.21792102928,2017.81917808219,PV249-17091-391_LII_Wilton_NY_USA_Ixodes-scapularis_F_Drag_2017-10-27
456,207,11.5199967189358,-73.5801426856528,41.1814154448456,-73.5565524006559,41.173620646628,57.1351208367211,45.6151241177853,2006.30192108928,2017.82191780822,PV151-17119-18-001_LII_Pound-Ridge_NY_USA_Ixodes-scapularis_M_Deer_2017-10-28
524,122,10.8365470284726,-73.3744329602465,41.2140899313014,-73.3322137596931,41.2657744889442,57.1351208367211,46.2985738082485,2006.98537077975,2017.82191780822,PV132-17119-2-009_LII_Redding_CT_USA_Ixodes-scapularis_M_Deer_2017-10-28
465,231,8.33524058764373,-73.6802921025074,42.1129210943472,-73.70345,42.09408,57.1460797408305,48.8108391531868,2009.49763612468,2017.83287671233,PV244-17021-341_LII_Taghkanic_NY_USA_Ixodes-scapularis_F_Drag_2017-11-01
591,130,2.93968284857619,-73.8160744829285,42.2585107822194,-73.7999148753847,42.25692713052,57.1460797408305,54.2063968922543,2014.89319386375,2017.83287671233,PV243-17021-304_LII_Greenport_NY_USA_Ixodes-scapularis_F_Drag_2017-11-01
581,71,0.694480742097859,-73.9005593271558,42.0481459146257,-73.8857195902202,42.0792490938063,57.1460797408305,56.4515989987326,2017.13839597023,2017.83287671233,PV133-17021-480_LII_Clermont_NY_USA_Ixodes-scapularis_F_Drag_2017-11-01
581,72,0.694480742097859,-73.9005593271558,42.0481459146257,-73.901055000756,42.0328382749906,57.1460797408305,56.4515989987326,2017.13839597023,2017.83287671233,PV135-17021-482_LII_Clermont_NY_USA_Ixodes-scapularis_F_Drag_2017-11-01
605,156,2.00619871020807,-70.2582097325445,43.5612627929921,-70.2743029236391,43.5381347726754,57.1625180969949,55.1563193867868,2015.84311635828,2017.84931506849,PV105-CO570_LII_Cape-Elizabeth_ME_USA_Ixodes-scapularis_M_Drag_2017-11-07
606,154,0.0417229100103675,-70.2691965295595,43.5630484434934,-70.2691672950661,43.5634433052739,57.1625180969949,57.1207951869845,2017.80759215848,2017.84931506849,PV106-CO574_LII_Cape-Elizabeth_ME_USA_Ixodes-scapularis_M_Drag_2017-11-07
539,540,0.0870986522306105,-73.4651304264208,40.8410425810803,-73.4643493141271,40.8369632152389,57.162685484465,57.0755868322344,2017.76238380373,2017.84948245596,NA
457,205,0.741454998955335,-73.725256525869,41.319243211078,-73.725606,41.306503,57.1652578230224,56.4238028240671,2017.11059979557,2017.85205479452,PV147-17119-27-001_LII_Somers_NY_USA_Ixodes-scapularis_M_Deer_2017-11-08
515,270,5.46596575001678,-73.8434566602311,43.0430351363569,-73.8063,43.0714,57.1679975490498,51.702031799033,2012.38882877053,2017.85479452055,PV250-17091-457_LII_Saratoga-Springs_NY_USA_Ixodes-scapularis_F_Drag_2017-11-09
499,262,5.37983519026585,-73.7963292952551,43.0694953478965,-73.8361815823292,43.1034224985168,57.1679975490498,51.7881623587839,2012.47495933028,2017.85479452055,PV251-17091-474_LII_Greenfield_NY_USA_Ixodes-scapularis_F_Drag_2017-11-09
474,212,5.15490072770955,-73.7992283539943,42.9584949293046,-73.7376010201771,42.9920600549547,57.1679975490498,52.0130968213403,2012.69989379284,2017.85479452055,PV256-17091-660_LII_Malta_NY_USA_Ixodes-scapularis_M_Drag_2017-11-09
475,211,0.66088523852606,-73.8069436957976,42.9631182707373,-73.7817868706847,42.963614598522,57.1679975490498,56.5071123105237,2017.19390928202,2017.85479452055,PV255-17091-658_LII_Malta_NY_USA_Ixodes-scapularis_M_Drag_2017-11-09
475,210,0.66088523852606,-73.8069436957976,42.9631182707373,-73.8007804745112,42.9631937747352,57.1679975490498,56.5071123105237,2017.19390928202,2017.85479452055,PV254-17091-654_LII_Malta_NY_USA_Ixodes-scapularis_F_Drag_2017-11-09
532,76,17.4362928699634,-73.6385425348472,41.1837717898251,-73.6249885610699,41.2062125145622,57.1789564531592,39.7426635831958,2000.42946055469,2017.86575342466,PV231-17119-29-002_LII_Pound-Ridge_NY_USA_Ixodes-scapularis_M_Deer_2017-11-13
633,55,31.5770264984916,-70.4636651327674,43.4543369709785,-71.917104,41.072348,57.1844359052142,25.6074094067225,1986.29420637822,2017.87123287671,PV259-17103-973_LII_East-Hampton_NY_USA_Ixodes-scapularis_M_Drag_2017-11-15
533,75,16.6090361697116,-73.6408441978623,41.181423844288,-70.5921744009705,43.3237165495423,57.1844359052142,40.5753997355026,2001.262196707,2017.87123287671,PV108.2-CO239_LII_Wells_ME_USA_Ixodes-scapularis_M_Drag_2017-11-15
491,243,12.8666840530244,-73.7604812456369,42.9713717813217,-73.6711,43.1784,57.1844359052142,44.3177518521898,2005.00454882369,2017.87123287671,PV252-17091-500_LII_Northumberland_NY_USA_Ixodes-scapularis_M_Drag_2017-11-15
600,157,9.51442003563375,-70.2568548429983,43.577454193292,-70.2905556760722,43.5459770094344,57.1844359052142,47.6700158695804,2008.35681284108,2017.87123287671,PV103-CO527_LII_Cape-Elizabeth_ME_USA_Ixodes-scapularis_M_Drag_2017-11-15
608,152,5.98243915284139,-70.2851054278206,43.5524552771544,-70.2956252869943,43.5320912813212,57.1844359052142,51.2019967523728,2011.88879372387,2017.87123287671,PV099.2-CO68_LII_Cape-Elizabeth_ME_USA_Ixodes-scapularis_F_Drag_2017-11-15
604,150,3.84209750417143,-70.2567131785657,43.6045581652133,-70.2453319985884,43.6008337278255,57.1844359052142,53.3423384010427,2014.02913537254,2017.87123287671,PV104.2-CO542_LII_Cape-Elizabeth_ME_USA_Ixodes-scapularis_F_Drag_2017-11-15
520,118,3.33825709035928,-70.5210882882783,43.3623499110582,-70.2132247827265,43.5977584078746,57.1844359052142,53.8461788148549,2014.53297578635,2017.87123287671,PV097.2-CO46_LII_Cape-Elizabeth_ME_USA_Ixodes-scapularis_F_Drag_2017-11-15
520,119,3.33825709035928,-70.5210882882783,43.3623499110582,-70.5206096182806,43.3686235890137,57.1844359052142,53.8461788148549,2014.53297578635,2017.87123287671,PV109-CO452_LII_Wells_ME_USA_Ixodes-scapularis_F_Drag_2017-11-15
489,222,3.24750078100654,-73.6564088460691,43.0060137958255,-73.648844,43.010545,57.1844359052142,53.9369351242076,2014.62373209571,2017.87123287671,PV253-17091-536_LII_Stillwater_NY_USA_Ixodes-scapularis_M_Drag_2017-11-15
612,145,1.52725168718224,-70.2468259289629,43.5346948306027,-70.2418523925327,43.5311753596575,57.1844359052142,55.6571842180319,2016.34398118953,2017.87123287671,PV102-CO166_LII_Cape-Elizabeth_ME_USA_Ixodes-scapularis_F_Drag_2017-11-15
612,143,1.52725168718224,-70.2468259289629,43.5346948306027,-70.2310520339579,43.6012458034741,57.1844359052142,55.6571842180319,2016.34398118953,2017.87123287671,PV098-CO57_LII_Cape-Elizabeth_ME_USA_Ixodes-scapularis_F_Drag_2017-11-15
611,146,0.331077027301677,-70.2179774625737,43.5839074850061,-70.2155875667772,43.5824044757039,57.1844359052142,56.8533588779125,2017.54015584941,2017.87123287671,PV101.2-CO110_LII_Cape-Elizabeth_ME_USA_Ixodes-scapularis_F_Drag_2017-11-15
611,147,0.331077027301677,-70.2179774625737,43.5839074850061,-70.2267788979067,43.5371865388686,57.1844359052142,56.8533588779125,2017.54015584941,2017.87123287671,PV100.2-CO95_LII_Cape-Elizabeth_ME_USA_Ixodes-scapularis_M_Drag_2017-11-15
606,155,0.0636407182296814,-70.2691965295595,43.5630484434934,-70.2992421212225,43.6119935563437,57.1844359052142,57.1207951869845,2017.80759215848,2017.87123287671,PV096-CO18_LII_Cape-Elizabeth_ME_USA_Ixodes-scapularis_M_Drag_2017-11-15
451,246,21.1213716991817,-73.9322298574552,43.0743497941382,-73.9247531313849,43.1065280034662,57.1926550832962,36.0712833841146,1996.75808035561,2017.87945205479,PV142-17091-23-001_LII_Saratoga_NY_USA_Ixodes-scapularis_M_Deer_2017-11-18
478,215,7.81511212137131,-73.654565625005,42.9981075859262,-73.631110530749,42.992974485914,57.1926550832962,49.3775429619249,2010.06433993342,2017.87945205479,PV229-17091-15-003_LII_Stillwater_NY_USA_Ixodes-scapularis_M_Deer_2017-11-18
511,269,7.39414546062849,-73.8469544078203,43.0484962753251,-73.851092,43.007096,57.1926550832962,49.7985096226678,2010.48530659417,2017.87945205479,PV247-17091-24-003_LII_Ballston-Spa_NY_USA_Ixodes-scapularis_M_Deer_2017-11-18
506,268,7.07797693303325,-73.8406478869997,43.007698735892,-73.8829095130749,43.0491309556527,57.1926550832962,50.114678150263,2010.80147512176,2017.87945205479,PV246-17091-23-002_LII_Saratoga_NY_USA_Ixodes-scapularis_M_Deer_2017-11-18
481,216,5.55239617328211,-73.6329403486905,42.9534164091273,-73.6304222667941,42.9581033161603,57.1926550832962,51.6402589100141,2012.32705588151,2017.87945205479,PV145-17091-11-002_LII_Stillwater_NY_USA_Ixodes-scapularis_M_Deer_2017-11-18
481,217,5.55239617328211,-73.6329403486905,42.9534164091273,-73.6370277163996,42.97842814122,57.1926550832962,51.6402589100141,2012.32705588151,2017.87945205479,PV141-17091-11-006_LII_Stillwater_NY_USA_Ixodes-scapularis_M_Deer_2017-11-18
490,219,1.45311702860124,-73.6525970565211,42.9993546551133,-73.6115740487707,42.9680242818291,57.1926550832962,55.739538054695,2016.42633502619,2017.87945205479,PV245-17091-11-001_LII_Stillwater_NY_USA_Ixodes-scapularis_M_Deer_2017-11-18
484,227,4.36929906531639,-73.7909730098814,42.9131660674931,-73.8084421652784,42.845476129243,57.1953948093236,52.8260957440072,2013.51289271551,2017.88219178082,PV144-17091-27-001_LII_Clifton-Park_NY_USA_Ixodes-scapularis_M_Deer_2017-11-19
484,228,4.36929906531639,-73.7909730098814,42.9131660674931,-73.8560977247764,42.9040747782048,57.1953948093236,52.8260957440072,2013.51289271551,2017.88219178082,PV248-17091-27-004_LII_Clifton-Park_NY_USA_Ixodes-scapularis_M_Deer_2017-11-19
555,556,6.71101008040469,-73.7052287106131,41.0859573808207,-73.4700416059867,42.1287696140998,57.1960615144542,50.4850514340495,2011.17184840555,2017.88285848595,NA
357,36,19.5787330180499,-73.1563740405485,40.7806424779701,-73.169420424155,40.7644093591811,57.2008742613785,37.6221412433286,1998.30893821483,2017.88767123288,PV257-17103-1037_LII_Islip_NY_USA_Ixodes-scapularis_F_Drag_2017-11-21
582,583,16.6932155943995,-73.7886235052996,41.2714363782439,-74.1471058186865,41.1475913700341,57.3792091444714,40.6859935500718,2001.37279052157,2018.06600611597,NA
540,541,0.2365535573652,-73.4643493141271,40.8369632152389,-73.4638565701498,40.836857249304,57.3992390418302,57.162685484465,2017.84948245596,2018.08603601333,NA
597,598,0.340641335484112,-73.9019562698866,42.8636745971762,-73.90250425887,42.8635190678059,57.4352245909141,57.09458325543,2017.78138022693,2018.12202156241,NA
448,450,23.7368256428487,-73.8705125139152,42.7121107929923,-73.8740256027274,42.7190947160954,57.4454378655324,33.7086122226836,1994.39540919418,2018.13223483703,NA
411,56,34.7271647666902,-73.1688756455906,40.8505464766754,-73.1809896686135,40.8542734213722,57.4693674120634,22.7422026453733,1983.42899961687,2018.15616438356,PV239-18103-058_LII_Smithtown_NY_USA_Ixodes-scapularis_F_Drag_2018-02-27
372,373,13.0748924233916,-72.2514758157681,41.0376546896793,-72.2844184719582,41.0360631700698,57.6086711842087,44.5337787608171,2005.22057573232,2018.29546815571,NA
546,547,0.795449583559579,-73.5475930257742,40.8956069209326,-73.5289325016685,40.8997240430134,57.6871392318212,56.8916896482616,2017.57848661976,2018.37393620332,NA
585,63,1.37334273354234,-73.942847264225,42.0415741707236,-73.9482012910185,42.0454416890112,57.7049838504196,56.3316411168772,2017.01843808838,2018.39178082192,PV131-18021-063_LII_Clermont_NY_USA_Ixodes-scapularis_F_Drag_2018-05-24
585,64,1.37334273354234,-73.942847264225,42.0415741707236,-73.9095238431856,42.0547742540113,57.7049838504196,56.3316411168772,2017.01843808838,2018.39178082192,PV130-18021-061_LII_Clermont_NY_USA_Ixodes-scapularis_F_Drag_2018-05-24
568,107,8.10415225595247,-73.5938407663491,41.3893947001262,-73.6366768931864,41.3318197955505,57.7241619326113,49.6200096766588,2010.30680664816,2018.41095890411,PV235-18079-053_LII_Brewster_NY_USA_Ixodes-scapularis_N_Drag_2018-05-31
569,109,1.15847038897494,-74.0066213804448,42.3161359691089,-73.992977791399,42.3514644804459,57.7241619326113,56.5656915436364,2017.25248851513,2018.41095890411,PV136-18039-055_LII_Cairo_NY_USA_Ixodes-scapularis_L_Drag_2018-05-31
517,59,32.1720427869925,-73.1293690845077,40.8136435399751,-73.1995907343644,40.8172814102883,57.7406002887757,25.5685575017832,1986.25535447328,2018.42739726027,PV241-18103-1419_LII_Smithtown_NY_USA_Ixodes-scapularis_N_Drag_2018-06-06
549,79,7.45909005424564,-73.5204936209766,40.8782844037747,-73.4663950538338,40.9507071159399,57.7433400148033,50.2842499605576,2010.97104693206,2018.4301369863,PV240-18103-1315_LII_Huntington_NY_USA_Ixodes-scapularis_N_Drag_2018-06-07
618,158,1.08662443736674,-70.5021907650751,43.3757857936368,-70.5079927950186,43.3762632434324,57.7433400148033,56.6567155774365,2017.34351254893,2018.4301369863,PV293-PF3.020_LII_Wells_ME_USA_Ixodes-scapularis_M_Drag_2018-06-07
618,159,1.08662443736674,-70.5021907650751,43.3757857936368,-70.5030269504824,43.3783523876577,57.7433400148033,56.6567155774365,2017.34351254893,2018.4301369863,PV292-PF3.019_LII_Wells_ME_USA_Ixodes-scapularis_M_Drag_2018-06-07
629,46,34.4803457994231,-70.4665709404718,43.4436171331314,-70.549123,43.342353,57.762518096995,23.2821722975719,1983.96896926907,2018.44931506849,PV298-PF6.005_LII_Wells_ME_USA_Ixodes-scapularis_M_Drag_2018-06-14
495,254,2.56412113991025,-74.4734158295399,42.4092005267462,-74.4555164931667,42.410670500655,57.7652578230224,55.2011366831121,2015.88793365461,2018.45205479452,PV129-18095-057_LII_Blenheim_NY_USA_Ixodes-scapularis_F_Drag_2018-06-15
570,100,12.56161146096,-74.0446025389375,41.1238292879696,-74.0724290680625,41.1121148117717,57.7734770011044,45.2118655401444,2005.89866251164,2018.4602739726,PV236-18087-055_LII_Montebello_NY_USA_Ixodes-scapularis_N_Drag_2018-06-18
635,53,7.98615893430723,-70.5933831907834,43.3309445783971,-70.547902,43.33472,57.776216727132,49.7900577928248,2010.47685476432,2018.46301369863,PV297-PF1.021_LII_Wells_ME_USA_Ixodes-scapularis_M_Drag_2018-06-19
372,305,13.2424379663149,-72.2514758157681,41.0376546896793,-72.239154,41.039602,57.776216727132,44.5337787608171,2005.22057573232,2018.46301369863,PV242-18103-281_LII_East-Hampton_NY_USA_Ixodes-scapularis_N_Drag_2018-06-19
559,560,16.6137922769571,-73.7638060986369,41.1525100153057,-75.3403828849503,44.406054633213,57.787264974925,41.173472697968,2001.86026966947,2018.47406194642,NA
499,253,6.00997217656715,-73.7963292952551,43.0694953478965,-73.766205405835,43.0729228320414,57.7981345353511,51.7881623587839,2012.47495933028,2018.48493150685,PV237-18091-128_LII_Saratoga-Springs_NY_USA_Ixodes-scapularis_M_Drag_2018-06-27
502,505,3.9124268175412,-73.901849544815,42.6995864016016,-73.8942075432285,42.7282401580321,58.0299857691533,54.1175589516121,2014.80435592311,2018.71678274065,NA
560,103,0.309499697412334,-75.3403828849503,44.406054633213,-75.2660300835794,44.3475260000785,58.0967646723374,57.787264974925,2018.47406194642,2018.78356164384,PV195-18089-049_LII_Hermon_NY_USA_Ixodes-scapularis_F_Drag_2018-10-14
560,104,0.309499697412334,-75.3403828849503,44.406054633213,-75.3446574492618,44.4019054270074,58.0967646723374,57.787264974925,2018.47406194642,2018.78356164384,PV194-18089-048_LII_Hermon_NY_USA_Ixodes-scapularis_F_Drag_2018-10-14
353,37,20.5907579888977,-73.1201611584625,40.7968240198964,-73.0789455700463,40.7193525394922,58.1104633024744,37.5197053135767,1998.20650228507,2018.79726027397,PV168-18103-1536_LII_Islip_NY_USA_Ixodes-scapularis_F_Drag_2018-10-19
574,66,19.2157736540327,-73.7789656105715,41.3056357136074,-73.8549438222851,41.3007595139916,58.1186824805567,38.902908826524,1999.58970579802,2018.80547945205,PV120-18119-218_LII_Mohansic_NY_USA_Ixodes-scapularis_M_Drag_2018-10-22
586,61,6.14460606158635,-73.7777279773877,41.2466013711509,-73.8261475606194,41.2648304401608,58.1186824805567,51.9740764189703,2012.66087339047,2018.80547945205,PV119-18119-217_LII_Mohansic_NY_USA_Ixodes-scapularis_M_Drag_2018-10-22
586,62,6.14460606158635,-73.7777279773877,41.2466013711509,-73.7843206387469,41.2350288271285,58.1186824805567,51.9740764189703,2012.66087339047,2018.80547945205,PV121-18119-219_LII_Mohansic_NY_USA_Ixodes-scapularis_M_Drag_2018-10-22
566,111,10.0184225478145,-73.6044653089513,41.3881744012501,-73.6124980173015,41.3920212946437,58.1241619326114,48.1057393847969,2008.7925363563,2018.81095890411,PV116-18079-121_LII_Brewster_NY_USA_Ixodes-scapularis_M_Drag_2018-10-24
548,94,3.55593103232007,-73.5382795167373,40.8573663555258,-73.6000641588835,40.855895345429,58.1269016586388,54.5709706263187,2015.25776759782,2018.81369863014,PV305-LI212_LII_Mill-Neck_NY_USA_Ixodes-scapularis_M_Drag_2018-10-25
548,93,3.55593103232007,-73.5382795167373,40.8573663555258,-73.5317934014923,40.8878372128388,58.1269016586388,54.5709706263187,2015.25776759782,2018.81369863014,PV301-LI132_LII_Mill-Neck_NY_USA_Ixodes-scapularis_M_Drag_2018-10-25
545,89,2.827246121065,-73.5575642741906,40.8892238006865,-73.613751451784,40.9238870714019,58.1269016586388,55.2996555375738,2015.98645250907,2018.81369863014,PV300-LI131_LII_Mill-Neck_NY_USA_Ixodes-scapularis_M_Drag_2018-10-25
546,90,1.23521201037715,-73.5475930257742,40.8956069209326,-73.562672815882,40.8888332122286,58.1269016586388,56.8916896482616,2017.57848661976,2018.81369863014,PV299-LI108_LII_Mill-Neck_NY_USA_Ixodes-scapularis_F_Drag_2018-10-25
547,91,0.439762426817574,-73.5289325016685,40.8997240430134,-73.5330625711666,40.8443454052501,58.1269016586388,57.6871392318212,2018.37393620332,2018.81369863014,PV302-LI171_LII_Mill-Neck_NY_USA_Ixodes-scapularis_F_Drag_2018-10-25
547,92,0.439762426817574,-73.5289325016685,40.8997240430134,-73.5200996870137,40.919346612647,58.1269016586388,57.6871392318212,2018.37393620332,2018.81369863014,PV303-LI192_LII_Mill-Neck_NY_USA_Ixodes-scapularis_M_Drag_2018-10-25
583,67,0.750432240194748,-74.1471058186865,41.1475913700341,-74.0910806365311,41.1577254099154,58.1296413846661,57.3792091444714,2018.06600611597,2018.81643835616,PV118-18087-113_LII_Montebello_NY_USA_Ixodes-scapularis_M_Drag_2018-10-26
583,68,0.750432240194748,-74.1471058186865,41.1475913700341,-74.1476482797385,41.1495208786588,58.1296413846661,57.3792091444714,2018.06600611597,2018.81643835616,PV117-18087-108_LII_Montebello_NY_USA_Ixodes-scapularis_F_Drag_2018-10-26
564,106,12.1595805347351,-73.7784196057846,41.142073205101,-73.7643049909369,41.1172231430236,58.1433400148031,45.983759480068,2006.67055645157,2018.8301369863,PV122-18119-228_LII_Armonk_NY_USA_Ixodes-scapularis_M_Drag_2018-10-31
550,82,6.4229434774158,-73.5288607820953,40.872026364196,-73.5342499581049,40.880531514476,58.1433400148031,51.7203965373873,2012.40719350889,2018.8301369863,PV309-LI327_LII_Oyster-Bay_NY_USA_Ixodes-scapularis_M_Drag_2018-10-31
550,83,6.4229434774158,-73.5288607820953,40.872026364196,-73.5359740163865,40.8659846100648,58.1433400148031,51.7203965373873,2012.40719350889,2018.8301369863,PV312-LI343_LII_Oyster-Bay_NY_USA_Ixodes-scapularis_M_Drag_2018-10-31
539,87,1.06775318256871,-73.4651304264208,40.8410425810803,-73.4627005406669,40.8346668247173,58.1433400148031,57.0755868322344,2017.76238380373,2018.8301369863,PV307-LI305_LII_Oyster-Bay_NY_USA_Ixodes-scapularis_F_Drag_2018-10-31
540,84,0.980654530338103,-73.4643493141271,40.8369632152389,-73.478170562919,40.8162225375109,58.1433400148031,57.162685484465,2017.84948245596,2018.8301369863,PV306-LI298_LII_Oyster-Bay_NY_USA_Ixodes-scapularis_F_Drag_2018-10-31
541,85,0.744100972972904,-73.4638565701498,40.836857249304,-73.5145694810341,40.8396025834523,58.1433400148031,57.3992390418302,2018.08603601333,2018.8301369863,PV311-LI336_LII_Oyster-Bay_NY_USA_Ixodes-scapularis_M_Drag_2018-10-31
541,86,0.744100972972904,-73.4638565701498,40.836857249304,-73.4610786982152,40.8344069884895,58.1433400148031,57.3992390418302,2018.08603601333,2018.8301369863,PV310-LI331_LII_Oyster-Bay_NY_USA_Ixodes-scapularis_M_Drag_2018-10-31
368,300,24.515819397399,-72.271279691638,41.0112268734347,-72.2926411335878,41.0297740387604,58.1460797408305,33.6302603434315,1994.31705731493,2018.83287671233,PV233-18103-168-007_LII_Shelter-Island_NY_USA_Ixodes-scapularis_Unknown_Deer_2018-11-01
370,302,12.1896410400242,-72.3404399933568,41.0181077898132,-72.2759313974898,41.0297064946151,58.1460797408305,45.9564387008063,2006.6432356723,2018.83287671233,PV232-18103-167-010_LII_Shelter-Island_NY_USA_Ixodes-scapularis_F_Deer_2018-11-01
467,236,8.22559943318629,-74.3120506265059,41.4812507358891,-74.3692125119996,41.5039036030006,58.1597783709675,49.9341789377812,2010.62097590928,2018.84657534247,PV234-18071-054_LII_Wallkill_NY_USA_Ixodes-scapularis_N_Drag_2018-11-06
497,261,8.28063937250089,-73.8206218150609,43.0291118088841,-73.847606,43.031144,58.1625180969949,49.881878724494,2010.56867569599,2018.84931506849,PV193-18091-328_LII_Milton_NY_USA_Ixodes-scapularis_M_Drag_2018-11-07
595,136,10.0362175799748,-73.9142981874348,42.9685855506757,-73.964172,42.928903,58.1652578230224,48.1290402430476,2008.81583721455,2018.85205479452,PV189-18091-387_LII_Charlton_NY_USA_Ixodes-scapularis_M_Drag_2018-11-08
486,220,5.19078507607176,-73.6519821052834,43.0247105872394,-73.8496051193664,43.111491868324,58.1899153572689,52.9991302811971,2013.6859272527,2018.87671232877,PV192-18091-11-003_LII_Saratoga_NY_USA_Ixodes-scapularis_M_Deer_2018-11-17
490,221,2.45037730257389,-73.6525970565211,42.9993546551133,-73.6041411755119,42.9360651899503,58.1899153572689,55.739538054695,2016.42633502619,2018.87671232877,PV190-18091-16-005_LII_Stillwater_NY_USA_Ixodes-scapularis_M_Deer_2018-11-17
480,218,7.12844605544013,-73.6226058980059,42.9193206334504,-73.58804,42.900805,58.1926550832962,51.0642090278561,2011.75100599935,2018.87945205479,PV191-18091-26-001_LII_Schaghticoke_NY_USA_Ixodes-scapularis_M_Deer_2018-11-18
542,81,4.68470152083077,-73.4238007556978,40.9261795270585,-73.4724394159935,40.9606549048645,58.1953948093236,53.5106932884928,2014.19749025999,2018.88219178082,PV166-18103-2025_LII_Huntington_NY_USA_Ixodes-scapularis_F_Drag_2018-11-19
535,77,11.5983974635462,-73.5221429093261,40.8774608333289,-73.460948,40.840628,58.2364906997346,46.6380932361885,2007.32489020769,2018.92328767123,PV313-LI586_LII_Woodbury_NY_USA_Ixodes-scapularis_M_Drag_2018-12-04
395,277,9.45642216282428,-72.3317280999108,41.0240447799657,-72.3307078268332,41.0169017861052,58.3296413846662,48.8732192218419,2009.56001619334,2019.01643835616,PV207-19103-14-001_LII_Shelter-Island_NY_USA_Ixodes-scapularis_M_Deer_2019-01-07
397,299,4.77722597745768,-72.2902418918235,41.0452762153979,-72.3020289200727,41.042341817955,58.3296413846662,53.5524154072085,2014.23921237871,2019.01643835616,PV206-19103-01-001_LII_Shelter-Island_NY_USA_Ixodes-scapularis_M_Deer_2019-01-07
394,275,16.7623153044812,-72.3337820911851,41.0543151139484,-72.3324255684674,41.0733983059129,58.3323811106935,41.5700658062123,2002.25686277771,2019.01917808219,PV208-19103-27-001_LII_Shelter-Island_NY_USA_Ixodes-scapularis_M_Deer_2019-01-08
395,276,9.45916188885164,-72.3317280999108,41.0240447799657,-72.2681172210397,41.0299950078878,58.3323811106935,48.8732192218419,2009.56001619334,2019.01917808219,PV212-19103-41-001_LII_Shelter-Island_NY_USA_Ixodes-scapularis_M_Deer_2019-01-08
457,206,1.90857828662641,-73.725256525869,41.319243211078,-72.3336711701494,41.0264974693002,58.3323811106935,56.4238028240671,2017.11059979557,2019.01917808219,PV209-19103-36-003_LII_Shelter-Island_NY_USA_Ixodes-scapularis_F_Deer_2019-01-08
373,303,0.723709926484795,-72.2844184719582,41.0360631700698,-72.2789511601079,41.0388932184263,58.3323811106935,57.6086711842087,2018.29546815571,2019.01917808219,PV210-19103-37-002_LII_Shelter-Island_NY_USA_Ixodes-scapularis_M_Deer_2019-01-08
373,304,0.723709926484795,-72.2844184719582,41.0360631700698,-72.3230676888802,41.090624111863,58.3323811106935,57.6086711842087,2018.29546815571,2019.01917808219,PV211-19103-37-004_LII_Shelter-Island_NY_USA_Ixodes-scapularis_F_Deer_2019-01-08
552,60,17.1859243920281,-73.6991190549376,41.1123010710256,-73.3648642362274,41.165864468833,58.5816961791867,41.3957717871586,2002.08256875866,2019.26849315068,PV111-69_LII_Westport_CT_USA_Ixodes-scapularis_F_Drag_2019-04-09
393,292,8.86589032115354,-72.3231206606633,41.3226377726799,-72.3971899610531,41.4058333618876,58.603613987406,49.7377236662524,2010.42452063775,2019.2904109589,PV112-140_LII_Lyme_CT_USA_Ixodes-scapularis_F_Drag_2019-04-17
503,260,4.11925556958502,-73.9078474599813,42.6984429901918,-73.91940697684,42.7119391451352,58.603613987406,54.484358417821,2015.17115538932,2019.2904109589,PV171-19001-427_LII_Guilderland_NY_USA_Ixodes-scapularis_F_Drag_2019-04-17
449,247,2.1243353873579,-73.950319036419,42.7151976613701,-73.8884101707112,42.755540083807,58.603613987406,56.4792786000481,2017.16607557155,2019.2904109589,PV170-19001-415_LII_Guilderland_NY_USA_Ixodes-scapularis_F_Drag_2019-04-17
450,249,1.15817612187361,-73.8740256027274,42.7190947160954,-73.9032572710091,42.7080352821642,58.603613987406,57.4454378655324,2018.13223483703,2019.2904109589,PV169-19001-410_LII_Guilderland_NY_USA_Ixodes-scapularis_F_Drag_2019-04-17
514,273,1.75992163307765,-73.7313518382506,43.1754025604643,-73.6717162686409,43.1452853100155,58.6173126175428,56.8573909844651,2017.54418795596,2019.30410958904,PV177-19091-035_LII_Wilton_NY_USA_Ixodes-scapularis_F_Drag_2019-04-22
514,274,1.75992163307765,-73.7313518382506,43.1754025604643,-73.6909982257937,43.1865538889416,58.6173126175428,56.8573909844651,2017.54418795596,2019.30410958904,PV178-19091-043_LII_Wilton_NY_USA_Ixodes-scapularis_M_Drag_2019-04-22
501,251,6.47900560569884,-73.7877986698943,43.0308606839141,-73.8060095068415,43.0950490216708,58.6364906997347,52.1574850940359,2012.84428206553,2019.32328767123,PV179-19091-084_LII_Saratoga-Springs_NY_USA_Ixodes-scapularis_F_Drag_2019-04-29
523,129,12.9092032721446,-73.3705751543553,41.1513680812059,-73.3692504536244,41.1547091518378,58.6584085079538,45.7492052358092,2006.43600220731,2019.34520547945,PV113-364_LII_Westport_CT_USA_Ixodes-scapularis_F_Drag_2019-05-07
458,244,8.90315273698716,-73.5360552669841,42.3663453161246,-73.5531010813615,42.4061449902966,58.6584085079538,49.7552557709667,2010.44205274246,2019.34520547945,PV175-19021-063_LII_Chatham_NY_USA_Ixodes-scapularis_F_Drag_2019-05-07
577,69,17.1783385310475,-74.021647724669,42.0811950515007,-74.0345,42.422584,58.6611482339812,41.4828097029337,2002.16960667443,2019.34794520548,PV176-19039-010_LII_Greenville_NY_USA_Ixodes-scapularis_M_Drag_2019-05-08
347,7,8.17023691138997,-72.7936123258974,41.3836129537169,-72.7894563477579,41.3415004642185,58.6611482339812,50.4909113225912,2011.17770829409,2019.34794520548,PV114-375_LII_North-Branford_CT_USA_Ixodes-scapularis_F_Drag_2019-05-08
510,266,1.89002319482838,-73.735991462533,43.065362628098,-73.7541170389182,43.0695870161925,58.6803263161729,56.7903031213445,2017.47710009284,2019.36712328767,PV180-19091-164_LII_Wilton_NY_USA_Ixodes-scapularis_F_Drag_2019-05-15
510,267,1.89002319482838,-73.735991462533,43.065362628098,-73.7419659825063,43.0622088614633,58.6803263161729,56.7903031213445,2017.47710009284,2019.36712328767,PV181-19091-165_LII_Wilton_NY_USA_Ixodes-scapularis_F_Drag_2019-05-15
596,137,2.34679882989807,-73.9021604863389,42.9388001454048,-73.8838446169496,42.9058832020375,58.6830660422005,56.3362672123024,2017.0230641838,2019.3698630137,PV182-19093-125_LII_Glenville_NY_USA_Ixodes-scapularis_F_Drag_2019-05-16
598,139,1.24784145128635,-73.90250425887,42.8635190678059,-73.8971651693847,42.8430854668608,58.6830660422005,57.4352245909141,2018.12202156241,2019.3698630137,PV183-19093-142_LII_Glenville_NY_USA_Ixodes-scapularis_M_Drag_2019-05-16
622,169,5.70057861612729,-69.1585856075215,44.117441353798,-69.17414197,44.10352172,58.6995043983649,52.9989257822376,2013.68572275374,2019.38630136986,PV286-POW19-088_LII_Thomaston_ME_USA_Ixodes-scapularis_M_Drag_2019-05-22
504,257,2.22547714994596,-73.8963062237677,42.6735455096639,-73.8965017841986,42.6851606379441,58.6995043983649,56.4740272484189,2017.16082421992,2019.38630136986,PV173-19001-591_LII_Guilderland_NY_USA_Ixodes-scapularis_F_Drag_2019-05-22
504,256,2.22547714994596,-73.8963062237677,42.6735455096639,-73.8668080876921,42.7162906897351,58.6995043983649,56.4740272484189,2017.16082421992,2019.38630136986,PV172-19001-589_LII_Guilderland_NY_USA_Ixodes-scapularis_F_Drag_2019-05-22
449,248,2.22022579831677,-73.950319036419,42.7151976613701,-73.9485554976154,42.6968282093535,58.6995043983649,56.4792786000481,2017.16607557155,2019.38630136986,PV174-19001-601_LII_Guilderland_NY_USA_Ixodes-scapularis_M_Drag_2019-05-22
598,138,1.26427980745072,-73.90250425887,42.8635190678059,-73.9091313180895,42.8711100235249,58.6995043983649,57.4352245909141,2018.12202156241,2019.38630136986,PV185-19093-242_LII_Glenville_NY_USA_Ixodes-scapularis_M_Drag_2019-05-22
495,255,3.52028552347185,-74.4734158295399,42.4092005267462,-74.4912374016469,42.3883755038006,58.721422206584,55.2011366831121,2015.88793365461,2019.40821917808,PV217-19095-165_LII_North-Blenheim_NY_USA_Ixodes-scapularis_M_Drag_2019-05-30
562,113,13.7912039075769,-73.767624294568,41.1681277265622,-73.7638186581917,41.1151827991417,58.7241619326113,44.9329580250345,2005.61975499653,2019.41095890411,PV205-19119-078_LII_Armonk_NY_USA_Ixodes-scapularis_N_Drag_2019-05-31
482,226,9.35986246482067,-73.7790612118732,42.9324103775858,-73.8427784904683,42.8990528130847,58.7241619326113,49.3642994677906,2010.05109643929,2019.41095890411,PV216-19091-231_LII_Clifton-Park_NY_USA_Ixodes-scapularis_M_Drag_2019-05-31
501,252,6.56667683857541,-73.7877986698943,43.0308606839141,-73.8093593844481,42.9294197294327,58.7241619326113,52.1574850940359,2012.84428206553,2019.41095890411,PV215-19091-227_LII_Clifton-Park_NY_USA_Ixodes-scapularis_F_Drag_2019-05-31
371,307,17.7752505926364,-72.2620196231443,41.0374010765017,-72.417697,40.901571,58.7707372750771,40.9954866824407,2001.68228365394,2019.45753424658,PV204-19103-1357_LII_Southampton_NY_USA_Ixodes-scapularis_N_Drag_2019-06-17
623,168,8.39432307418791,-70.538180960755,43.35973236026,-70.5556977,43.34035456,58.7734770011044,50.3791539269165,2011.06595089841,2019.4602739726,PV287-WB19-061_LII_Wells_ME_USA_Ixodes-scapularis_N_Bird_2019-06-18
485,225,8.86471211528207,-73.7723371560107,42.9283489082547,-73.764530732906,42.9466516025971,59.0858057682277,50.2210936529456,2010.90789062444,2019.77260273973,PV270-19091-625_LII_Malta_NY_USA_Ixodes-scapularis_F_Drag_2019-10-10
450,250,1.65406653283235,-73.8740256027274,42.7190947160954,-73.8617645164752,42.7136555297958,59.0995043983647,57.4454378655324,2018.13223483703,2019.78630136986,PV261-19001-855_LII_Guilderland_NY_USA_Ixodes-scapularis_F_Drag_2019-10-15
505,258,1.06951862921139,-73.8942075432285,42.7282401580321,-73.886338112322,42.7631930771176,59.0995043983647,58.0299857691533,2018.71678274065,2019.78630136986,PV262-19001-866_LII_Guilderland_NY_USA_Ixodes-scapularis_F_Drag_2019-10-15
505,259,1.06951862921139,-73.8942075432285,42.7282401580321,-73.897728503667,42.7183160678637,59.0995043983647,58.0299857691533,2018.71678274065,2019.78630136986,PV263-19001-899_LII_Guilderland_NY_USA_Ixodes-scapularis_M_Drag_2019-10-15
472,209,17.6055308868037,-73.7817171720153,42.9280495138449,-74.189797,42.313721,59.1269016586388,41.5213707718351,2002.20816774333,2019.81369863014,PV266-19039-373_LII_Windham_NY_USA_Ixodes-scapularis_M_Drag_2019-10-25
569,110,2.56121011500239,-74.0066213804448,42.3161359691089,-74.0147059185194,42.3177236125198,59.1269016586388,56.5656915436364,2017.25248851513,2019.81369863014,PV267-19039-497_LII_Cairo_NY_USA_Ixodes-scapularis_M_Drag_2019-10-25
597,140,2.05971566348276,-73.9019562698866,42.8636745971762,-73.9309056639097,42.8543183305688,59.1542989189128,57.09458325543,2017.78138022693,2019.84109589041,PV271-19093-494_LII_Glenville_NY_USA_Ixodes-scapularis_F_Drag_2019-11-04
447,201,11.9191116359855,-73.8071845448421,42.5278017281738,-73.806798148667,42.4749228856543,59.1570386449401,47.2379270089547,2007.92472398045,2019.84383561644,PV268-19083-510_LII_Schodack_NY_USA_Ixodes-scapularis_F_Drag_2019-11-05
447,202,11.9191116359855,-73.8071845448421,42.5278017281738,-73.7883886182218,42.536789469808,59.1570386449401,47.2379270089547,2007.92472398045,2019.84383561644,PV269-19083-516_LII_Schodack_NY_USA_Ixodes-scapularis_F_Drag_2019-11-05
556,95,1.96371685651329,-73.4700416059867,42.1287696140998,-73.474677411964,42.1436366934613,59.1597783709675,57.1960615144542,2017.88285848595,2019.84657534247,PV265-19021-794_LII_Copake_NY_USA_Ixodes-scapularis_F_Drag_2019-11-06
556,96,1.96371685651329,-73.4700416059867,42.1287696140998,-73.4954383816728,42.0831620244788,59.1597783709675,57.1960615144542,2017.88285848595,2019.84657534247,PV264-19021-783_LII_Copake_NY_USA_Ixodes-scapularis_F_Drag_2019-11-06
455,208,14.0595795477464,-73.515116402879,42.4539719814122,-73.49939,43.093459,59.1871756312415,45.1275960834951,2005.81439305499,2019.87397260274,PV279-19091-11-001_LII_Greenwich_NY_USA_Ixodes-scapularis_M_Deer_2019-11-16
401,314,13.9571048419391,-73.5845536697719,42.007240614615,-73.6046438777941,42.0354250915304,59.1871756312415,45.2300707893025,2005.9168677608,2019.87397260274,PV274-19021-02-002_LII_Ancram_NY_USA_Ixodes-scapularis_M_Deer_2019-11-16
463,229,13.241929981149,-73.6623628957165,42.130941492834,-73.677346,42.143773,59.1871756312415,45.9452456500925,2006.63204262159,2019.87397260274,PV276-19021-09-001_LII_Taghkanic_NY_USA_Ixodes-scapularis_M_Deer_2019-11-16
402,318,11.8003315493175,-73.6027821291942,42.0029800318287,-73.542365,41.937251,59.1871756312415,47.386844081924,2008.07364105342,2019.87397260274,PV275-19021-03-002_LII_North-East_NY_USA_Ixodes-scapularis_M_Deer_2019-11-16
480,214,8.12296660338542,-73.6226058980059,42.9193206334504,-73.629335790012,42.919354491361,59.1871756312415,51.0642090278561,2011.75100599935,2019.87397260274,PV278-19091-08-002_LII_Stillwater_NY_USA_Ixodes-scapularis_M_Deer_2019-11-16
515,271,7.48514383220851,-73.8434566602311,43.0430351363569,-73.882494,42.95722,59.1871756312415,51.702031799033,2012.38882877053,2019.87397260274,PV277-19091-04-001_LII_Ballston_NY_USA_Ixodes-scapularis_M_Deer_2019-11-16
