node1,node2,length,startLat,startLon,endLat,endLon,endNodeL,startNodeL,startYear,endYear,treeID,startClade,endClade
415,416,77.24652878001,52.1785929375237,12.1566212793408,51.7973424283745,11.6605077206563,145.83537602061,68.5888472406,1866.99695746918,1944.24348624919,1927800000,western_Europe,western_Europe
415,531,3.687330985897,52.1785929375237,12.1566212793408,51.3473259977903,15.0638653811593,72.276178226497,68.5888472406,1866.99695746918,1870.68428845508,1927800000,western_Europe,western_Europe
416,499,0.3084077245375,51.7973424283745,11.6605077206563,52.5583298982754,11.4824644964771,146.143783745147,145.83537602061,1944.24348624919,1944.55189397373,1927800000,western_Europe,western_Europe
416,417,29.05119091217,51.7973424283745,11.6605077206563,51.6795332308992,12.0980771834908,174.88656693278,145.83537602061,1944.24348624919,1973.29467716136,1927800000,western_Europe,western_Europe
417,490,2.897859257839,51.6795332308992,12.0980771834908,51.6826458810463,12.1852899490697,177.784426190619,174.88656693278,1973.29467716136,1976.1925364192,1927800000,western_Europe,western_Europe
417,418,2.688788666925,51.6795332308992,12.0980771834908,51.6812129036729,12.0657832085583,177.575355599705,174.88656693278,1973.29467716136,1975.98346582829,1927800000,western_Europe,western_Europe
418,489,30.41006482304,51.6812129036729,12.0657832085583,51.174658397814,12.5409668389299,207.985420422745,177.575355599705,1975.98346582829,2006.39353065133,1927800000,western_Europe,western_Europe
418,419,7.835960798396,51.6812129036729,12.0657832085583,51.3269838869888,12.8762968162877,185.411316398101,177.575355599705,1975.98346582829,1983.81942662668,1927800000,western_Europe,western_Europe
419,420,9.631020730882,51.3269838869888,12.8762968162877,51.5753061352433,12.5120471236719,195.042337128983,185.411316398101,1983.81942662668,1993.45044735757,1927800000,western_Europe,western_Europe
419,421,7.022070190794,51.3269838869888,12.8762968162877,51.2208443599209,10.1596750985245,192.433386588895,185.411316398101,1983.81942662668,1990.84149681748,1927800000,western_Europe,western_Europe
420,1,11.12251251937,51.5753061352433,12.5120471236719,52.4125,12.5316,206.164849648353,195.042337128983,1993.45044735757,2004.57295987693,1927800000,western_Europe,western_Europe
420,2,15.14605959328,51.5753061352433,12.5120471236719,51.6995038939247,11.7981903663634,210.188396722263,195.042337128983,1993.45044735757,2008.59650695084,1927800000,western_Europe,western_Europe
421,480,3.623899030953,51.2208443599209,10.1596750985245,51.4403030046601,9.72926719569073,196.057285619848,192.433386588895,1990.84149681748,1994.46539584843,1927800000,western_Europe,western_Europe
421,422,10.52951045966,51.2208443599209,10.1596750985245,50.8961960871154,10.6891443943753,202.962897048555,192.433386588895,1990.84149681748,2001.37100727714,1927800000,western_Europe,western_Europe
422,457,0.6635614700387,50.8961960871154,10.6891443943753,51.0384035637832,10.8566170947242,203.626458518594,202.962897048555,2001.37100727714,2002.03456874718,1927800000,western_Europe,western_Europe
422,423,1.228732680421,50.8961960871154,10.6891443943753,50.8837137133809,10.8069686501271,204.191629728976,202.962897048555,2001.37100727714,2002.59973995756,1927800000,western_Europe,western_Europe
423,429,0.8431157202234,50.8837137133809,10.8069686501271,50.8869614304703,10.8638148517803,205.034745449199,204.191629728976,2002.59973995756,2003.44285567778,1927800000,western_Europe,western_Europe
423,424,1.173005750075,50.8837137133809,10.8069686501271,50.8746477351988,10.7489007771082,205.364635479051,204.191629728976,2002.59973995756,2003.77274570763,1927800000,western_Europe,western_Europe
424,8,1.329673280179,50.8746477351988,10.7489007771082,50.8687975385333,10.5027931423875,206.69430875923,205.364635479051,2003.77274570763,2005.10241898781,1927800000,western_Europe,western_Europe
424,425,0.1456390399607,50.8746477351988,10.7489007771082,50.8814007767464,10.7559932638576,205.510274519012,205.364635479051,2003.77274570763,2003.91838474759,1927800000,western_Europe,western_Europe
425,7,3.521061974917,50.8814007767464,10.7559932638576,50.8029778779649,10.7876717108582,209.031336493929,205.510274519012,2003.91838474759,2007.43944672251,1927800000,western_Europe,western_Europe
425,426,0.2554747212169,50.8814007767464,10.7559932638576,51.0066688505928,10.7035794930499,205.765749240229,205.510274519012,2003.91838474759,2004.17385946881,1927800000,western_Europe,western_Europe
426,428,3.082159893385,51.0066688505928,10.7035794930499,50.984042565609,10.6026522594966,208.847909133614,205.765749240229,2004.17385946881,2007.2560193622,1927800000,western_Europe,western_Europe
426,427,1.218307097371,51.0066688505928,10.7035794930499,51.0693493780007,10.8437571894755,206.9840563376,205.765749240229,2004.17385946881,2005.39216656618,1927800000,western_Europe,western_Europe
427,3,0.2432816521855,51.0693493780007,10.8437571894755,50.8200090251876,10.5011151652407,207.227337989785,206.9840563376,2005.39216656618,2005.63544821837,1927800000,western_Europe,western_Europe
427,4,5.633501288788,51.0693493780007,10.8437571894755,51.0981098166212,10.8895255415361,212.617557626388,206.9840563376,2005.39216656618,2011.02566785497,1927800000,western_Europe,western_Europe
428,5,1.262327831789,50.984042565609,10.6026522594966,50.9006032838959,10.6072403257802,210.110236965403,208.847909133614,2007.2560193622,2008.51834719398,1927800000,western_Europe,western_Europe
428,6,0.7520601904123,50.984042565609,10.6026522594966,51.1251942832675,10.9502176524372,209.599969324026,208.847909133614,2007.2560193622,2008.00807955261,1927800000,western_Europe,western_Europe
429,9,3.297712595616,50.8869614304703,10.8638148517803,51.0118,10.92,208.332458044815,205.034745449199,2003.44285567778,2006.7405682734,1927800000,western_Europe,western_Europe
429,430,0.008072155871291,50.8869614304703,10.8638148517803,50.8879379038193,10.8700027876218,205.042817605071,205.034745449199,2003.44285567778,2003.45092783365,1927800000,western_Europe,western_Europe
430,10,6.695396932763,50.8879379038193,10.8700027876218,50.7160911210279,10.9258046777881,211.738214537834,205.042817605071,2003.45092783365,2010.14632476642,1927800000,western_Europe,western_Europe
430,431,7.593820546259,50.8879379038193,10.8700027876218,50.9260599790878,10.8578363088243,212.63663815133,205.042817605071,2003.45092783365,2011.04474837991,1927800000,western_Europe,western_Europe
431,11,0.8710209434689,50.9260599790878,10.8578363088243,50.8863714670882,10.9062610895649,213.507659094799,212.63663815133,2011.04474837991,2011.91576932338,1927800000,western_Europe,western_Europe
431,432,1.841171948302,50.9260599790878,10.8578363088243,50.995005137162,10.8725539224504,214.477810099632,212.63663815133,2011.04474837991,2012.88592032821,1927800000,western_Europe,western_Europe
432,37,0.3510151198672,50.995005137162,10.8725539224504,50.9973363965291,10.9069980339875,214.828825219499,214.477810099632,2012.88592032821,2013.23693544808,1927800000,western_Europe,western_Europe
432,433,1.828117083962,50.995005137162,10.8725539224504,51.1618919910315,10.4594459853875,216.305927183594,214.477810099632,2012.88592032821,2014.71403741218,1927800000,western_Europe,western_Europe
433,434,0.4425250790177,51.1618919910315,10.4594459853875,51.1654098561974,10.4723495539986,216.748452262611,216.305927183594,2014.71403741218,2015.15656249119,1927800000,western_Europe,western_Europe
433,445,0.1107744820637,51.1618919910315,10.4594459853875,51.1583930736701,10.486079243205,216.416701665657,216.305927183594,2014.71403741218,2014.82481189424,1927800000,western_Europe,western_Europe
434,23,1.98381383815,51.1654098561974,10.4723495539986,50.9787214635215,10.2388633997454,218.732266100761,216.748452262611,2015.15656249119,2017.14037632934,1927800000,western_Europe,western_Europe
434,435,0.2812969959551,51.1654098561974,10.4723495539986,51.1531114117066,10.446998666419,217.029749258566,216.748452262611,2015.15656249119,2015.43785948715,1927800000,western_Europe,western_Europe
435,436,0.4949475751006,51.1531114117066,10.446998666419,51.0614788405603,10.4724249586096,217.524696833667,217.029749258566,2015.43785948715,2015.93280706225,1927800000,western_Europe,western_Europe
435,442,0.0715174189721,51.1531114117066,10.446998666419,51.1494223840382,10.437733610612,217.101266677539,217.029749258566,2015.43785948715,2015.50937690612,1927800000,western_Europe,western_Europe
436,437,0.3735859949822,51.0614788405603,10.4724249586096,51.1375559228136,10.4824141984222,217.898282828649,217.524696833667,2015.93280706225,2016.30639305723,1927800000,western_Europe,western_Europe
436,439,0.3315421103464,51.0614788405603,10.4724249586096,51.0986461718179,10.4953290954527,217.856238944013,217.524696833667,2015.93280706225,2016.2643491726,1927800000,western_Europe,western_Europe
437,12,1.378815146018,51.1375559228136,10.4824141984222,51.3502198491328,10.4290632618126,219.277097974667,217.898282828649,2016.30639305723,2017.68520820325,1927800000,western_Europe,western_Europe
437,438,0.7624472964089,51.1375559228136,10.4824141984222,51.1305570161916,10.5043036253262,218.660730125058,217.898282828649,2016.30639305723,2017.06884035364,1927800000,western_Europe,western_Europe
438,14,0.1689516189933,51.1305570161916,10.5043036253262,51.1276746448023,10.5362809185786,218.829681744051,218.660730125058,2017.06884035364,2017.23779197263,1927800000,western_Europe,western_Europe
438,13,0.5068734331633,51.1305570161916,10.5043036253262,51.3395664039858,10.3918022373028,219.167603558221,218.660730125058,2017.06884035364,2017.5757137868,1927800000,western_Europe,western_Europe
439,440,0.1610819271654,51.0986461718179,10.4953290954527,51.1033159666111,10.5151394426846,218.017320871179,217.856238944013,2016.2643491726,2016.42543109976,1927800000,western_Europe,western_Europe
439,18,1.354556652267,51.0986461718179,10.4953290954527,51.0664974302675,10.4756351295335,219.21079559628,217.856238944013,2016.2643491726,2017.61890582486,1927800000,western_Europe,western_Europe
440,17,1.507410670501,51.1033159666111,10.5151394426846,51.1911388628505,10.6291109825206,219.52473154168,218.017320871179,2016.42543109976,2017.93284177026,1927800000,western_Europe,western_Europe
440,441,1.000885833119,51.1033159666111,10.5151394426846,51.1306653670655,10.4249587706971,219.018206704298,218.017320871179,2016.42543109976,2017.42631693288,1927800000,western_Europe,western_Europe
441,16,0.3111431209001,51.1306653670655,10.4249587706971,51.1114212451702,10.4376519209576,219.329349825198,219.018206704298,2017.42631693288,2017.73746005378,1927800000,western_Europe,western_Europe
441,15,0.166917308279,51.1306653670655,10.4249587706971,51.4180993946962,10.4001144581533,219.185124012577,219.018206704298,2017.42631693288,2017.59323424116,1927800000,western_Europe,western_Europe
442,443,0.8814563479889,51.1494223840382,10.437733610612,51.2125208851865,10.3728448176367,217.982723025527,217.101266677539,2015.50937690612,2016.39083325411,1927800000,western_Europe,western_Europe
442,22,1.499283170542,51.1494223840382,10.437733610612,50.9845163260357,10.5714088106637,218.600549848081,217.101266677539,2015.50937690612,2017.00866007666,1927800000,western_Europe,western_Europe
443,21,1.466741758581,51.2125208851865,10.3728448176367,51.4491308266551,10.4749845710466,219.449464784108,217.982723025527,2016.39083325411,2017.85757501269,1927800000,western_Europe,western_Europe
443,444,0.1756486965441,51.2125208851865,10.3728448176367,51.2144996085564,10.3850470691731,218.158371722072,217.982723025527,2016.39083325411,2016.56648195065,1927800000,western_Europe,western_Europe
444,19,0.724209399911,51.2144996085564,10.3850470691731,51.4135373610891,10.2228225932721,218.882581121983,218.158371722072,2016.56648195065,2017.29069135056,1927800000,western_Europe,western_Europe
444,20,1.252597405616,51.2144996085564,10.3850470691731,51.3039593136202,10.7013510355782,219.410969127688,218.158371722072,2016.56648195065,2017.81907935627,1927800000,western_Europe,western_Europe
445,446,0.4458502196393,51.1583930736701,10.486079243205,51.1099873154372,10.341587121453,216.862551885297,216.416701665657,2014.82481189424,2015.27066211388,1927800000,western_Europe,western_Europe
445,449,1.036690890537,51.1583930736701,10.486079243205,51.1476828698198,10.4506865967041,217.453392556194,216.416701665657,2014.82481189424,2015.86150278478,1927800000,western_Europe,western_Europe
446,447,0.5001635187059,51.1099873154372,10.341587121453,51.0713739426719,10.2655881466933,217.362715404003,216.862551885297,2015.27066211388,2015.77082563258,1927800000,western_Europe,western_Europe
446,27,2.137378770826,51.1099873154372,10.341587121453,51.0988568445332,10.2466881287409,218.999930656123,216.862551885297,2015.27066211388,2017.4080408847,1927800000,western_Europe,western_Europe
447,24,1.412595671432,51.0713739426719,10.2655881466933,51.138258075211,10.2458749460058,218.775311075435,217.362715404003,2015.77082563258,2017.18342130402,1927800000,western_Europe,western_Europe
447,448,1.311415962393,51.0713739426719,10.2655881466933,50.9808331425779,10.3192013121958,218.674131366396,217.362715404003,2015.77082563258,2017.08224159498,1927800000,western_Europe,western_Europe
448,25,0.6951746802038,50.9808331425779,10.3192013121958,51.0200112732122,10.2524746688058,219.369306046599,218.674131366396,2017.08224159498,2017.77741627518,1927800000,western_Europe,western_Europe
448,26,0.8031705270532,50.9808331425779,10.3192013121958,51.0011589628742,10.2911717721279,219.477301893449,218.674131366396,2017.08224159498,2017.88541212203,1927800000,western_Europe,western_Europe
449,450,0.2154817445528,51.1476828698198,10.4506865967041,51.1144830331094,10.4433636009946,217.668874300747,217.453392556194,2015.86150278478,2016.07698452933,1927800000,western_Europe,western_Europe
449,454,0.1943819716835,51.1476828698198,10.4506865967041,51.1331266139444,10.4728683684983,217.647774527878,217.453392556194,2015.86150278478,2016.05588475646,1927800000,western_Europe,western_Europe
450,451,0.4807380930377,51.1144830331094,10.4433636009946,51.2394825009565,10.5724409368988,218.149612393785,217.668874300747,2016.07698452933,2016.55772262237,1927800000,western_Europe,western_Europe
450,28,1.156693050377,51.1144830331094,10.4433636009946,51.1318681149905,10.3993849141416,218.825567351124,217.668874300747,2016.07698452933,2017.23367757971,1927800000,western_Europe,western_Europe
451,29,0.8913819658228,51.2394825009565,10.5724409368988,51.2022644337036,10.5907056392832,219.040994359608,218.149612393785,2016.55772262237,2017.44910458819,1927800000,western_Europe,western_Europe
451,452,0.1578980265235,51.2394825009565,10.5724409368988,51.3659574251808,10.6561745512793,218.307510420308,218.149612393785,2016.55772262237,2016.71562064889,1927800000,western_Europe,western_Europe
452,453,0.6412972109664,51.3659574251808,10.6561745512793,51.304946327094,10.652876119465,218.948807631275,218.307510420308,2016.71562064889,2017.35691785986,1927800000,western_Europe,western_Europe
452,32,1.244206420214,51.3659574251808,10.6561745512793,51.3503724600003,10.7047062460374,219.551716840522,218.307510420308,2016.71562064889,2017.9598270691,1927800000,western_Europe,western_Europe
453,30,0.4348131989994,51.304946327094,10.652876119465,51.0423330538763,10.3614625581008,219.383620830274,218.948807631275,2017.35691785986,2017.79173105886,1927800000,western_Europe,western_Europe
453,31,0.6227894652122,51.304946327094,10.652876119465,51.3164780205518,10.6264097249923,219.571597096487,218.948807631275,2017.35691785986,2017.97970732507,1927800000,western_Europe,western_Europe
454,455,0.8272661294301,51.1331266139444,10.4728683684983,51.2013776072717,10.5555154066971,218.475040657308,217.647774527878,2016.05588475646,2016.88315088589,1927800000,western_Europe,western_Europe
454,36,0.9613006374939,51.1331266139444,10.4728683684983,51.0739887062703,10.5482681121004,218.609075165372,217.647774527878,2016.05588475646,2017.01718539395,1927800000,western_Europe,western_Europe
455,35,0.310183112063,51.2013776072717,10.5555154066971,51.3795030919206,10.4015256326196,218.785223769371,218.475040657308,2016.88315088589,2017.19333399795,1927800000,western_Europe,western_Europe
455,456,0.04053151323931,51.2013776072717,10.5555154066971,51.2037743899655,10.5112715376599,218.515572170547,218.475040657308,2016.88315088589,2016.92368239913,1927800000,western_Europe,western_Europe
456,33,0.3373197763378,51.2037743899655,10.5112715376599,51.2274878972608,10.5651495669475,218.852891946885,218.515572170547,2016.92368239913,2017.26100217547,1927800000,western_Europe,western_Europe
456,34,0.9686110718351,51.2037743899655,10.5112715376599,51.4137246755729,10.4694818873379,219.484183242382,218.515572170547,2016.92368239913,2017.89229347096,1927800000,western_Europe,western_Europe
457,458,0.9442430488213,51.0384035637832,10.8566170947242,51.1541162316716,10.7126910022207,204.570701567415,203.626458518594,2002.03456874718,2002.978811796,1927800000,western_Europe,western_Europe
457,476,11.06442618298,51.0384035637832,10.8566170947242,51.3136215172359,10.6199209682798,214.690884701574,203.626458518594,2002.03456874718,2013.09899493016,1927800000,western_Europe,western_Europe
458,56,6.548807300783,51.1541162316716,10.7126910022207,50.9144,10.2644,211.119508868198,204.570701567415,2002.978811796,2009.52761909678,1927800000,western_Europe,western_Europe
458,459,0.8544356875683,51.1541162316716,10.7126910022207,51.1611292461753,10.7406985986345,205.425137254983,204.570701567415,2002.978811796,2003.83324748357,1927800000,western_Europe,western_Europe
459,460,1.217162650115,51.1611292461753,10.7406985986345,51.1919926491811,10.7515787788628,206.642299905098,205.425137254983,2003.83324748357,2005.05041013368,1927800000,western_Europe,western_Europe
459,55,2.031821155799,51.1611292461753,10.7406985986345,50.9453,10.7456,207.456958410782,205.425137254983,2003.83324748357,2005.86506863936,1927800000,western_Europe,western_Europe
460,38,3.27336909406,51.1919926491811,10.7515787788628,51.1798372008651,10.7179479501698,209.915668999158,206.642299905098,2005.05041013368,2008.32377922774,1927800000,western_Europe,western_Europe
460,461,0.1168460233337,51.1919926491811,10.7515787788628,51.1839776535161,10.7351728367526,206.759145928432,206.642299905098,2005.05041013368,2005.16725615701,1927800000,western_Europe,western_Europe
461,462,8.130498840286,51.1839776535161,10.7351728367526,51.3059397846948,10.5787873933773,214.889644768718,206.759145928432,2005.16725615701,2013.2977549973,1927800000,western_Europe,western_Europe
461,472,0.4060818375978,51.1839776535161,10.7351728367526,51.16387943648,10.7392556437084,207.16522776603,206.759145928432,2005.16725615701,2005.57333799461,1927800000,western_Europe,western_Europe
462,463,1.429197536804,51.3059397846948,10.5787873933773,51.3043792996401,10.4497367459017,216.318842305522,214.889644768718,2013.2977549973,2014.7269525341,1927800000,western_Europe,western_Europe
462,465,1.27828846917,51.3059397846948,10.5787873933773,51.1406463768313,10.5334758132901,216.167933237888,214.889644768718,2013.2977549973,2014.57604346647,1927800000,western_Europe,western_Europe
463,39,3.223078030328,51.3043792996401,10.4497367459017,51.2752798942887,10.6262386400517,219.54192033585,216.318842305522,2014.7269525341,2017.95003056443,1927800000,western_Europe,western_Europe
463,464,1.855707817811,51.3043792996401,10.4497367459017,51.3886705254259,10.6067714065381,218.174550123333,216.318842305522,2014.7269525341,2016.58266035191,1927800000,western_Europe,western_Europe
464,40,1.236736086233,51.3886705254259,10.6067714065381,51.4087619051849,10.574045445351,219.411286209566,218.174550123333,2016.58266035191,2017.81939643815,1927800000,western_Europe,western_Europe
464,41,0.6029803979552,51.3886705254259,10.6067714065381,51.4382907546127,10.5309508927601,218.777530521288,218.174550123333,2016.58266035191,2017.18564074987,1927800000,western_Europe,western_Europe
465,466,0.01412070061054,51.1406463768313,10.5334758132901,51.1116412945379,10.4969662436751,216.182053938499,216.167933237888,2014.57604346647,2014.59016416708,1927800000,western_Europe,western_Europe
465,470,1.68839366527,51.1406463768313,10.5334758132901,51.175431952337,10.5246229554359,217.856326903158,216.167933237888,2014.57604346647,2016.26443713174,1927800000,western_Europe,western_Europe
466,467,0.6252876261511,51.1116412945379,10.4969662436751,51.1039256134936,10.4754228086662,216.80734156465,216.182053938499,2014.59016416708,2015.21545179323,1927800000,western_Europe,western_Europe
466,468,1.259139348649,51.1116412945379,10.4969662436751,51.0567509736485,10.4267053931414,217.441193287148,216.182053938499,2014.59016416708,2015.84930351573,1927800000,western_Europe,western_Europe
467,42,2.40296843628,51.1039256134936,10.4754228086662,50.9720875060466,10.5368637940718,219.21031000093,216.80734156465,2015.21545179323,2017.61842022951,1927800000,western_Europe,western_Europe
467,43,2.297220327614,51.1039256134936,10.4754228086662,50.9697090564692,10.6933050996127,219.104561892264,216.80734156465,2015.21545179323,2017.51267212085,1927800000,western_Europe,western_Europe
468,469,0.2619999274048,51.0567509736485,10.4267053931414,51.0932114707938,10.4266232838398,217.703193214552,217.441193287148,2015.84930351573,2016.11130344313,1927800000,western_Europe,western_Europe
468,44,1.566538040646,51.0567509736485,10.4267053931414,50.9643382902297,10.2537745706773,219.007731327794,217.441193287148,2015.84930351573,2017.41584155638,1927800000,western_Europe,western_Europe
469,45,1.002670181495,51.0932114707938,10.4266232838398,51.0299167847114,10.5006538290053,218.705863396047,217.703193214552,2016.11130344313,2017.11397362463,1927800000,western_Europe,western_Europe
469,46,1.367147826551,51.0932114707938,10.4266232838398,51.0812670704205,10.324242947467,219.070341041103,217.703193214552,2016.11130344313,2017.47845126969,1927800000,western_Europe,western_Europe
470,471,0.288678812641,51.175431952337,10.5246229554359,51.1850223576055,10.5070230438002,218.145005715799,217.856326903158,2016.26443713174,2016.55311594438,1927800000,western_Europe,western_Europe
470,49,0.8866878145266,51.175431952337,10.5246229554359,51.3190434001408,10.498643227149,218.743014717685,217.856326903158,2016.26443713174,2017.15112494627,1927800000,western_Europe,western_Europe
471,48,1.000995061235,51.1850223576055,10.5070230438002,51.2159322588738,10.5668437779561,219.146000777034,218.145005715799,2016.55311594438,2017.55411100562,1927800000,western_Europe,western_Europe
471,47,0.4800572248787,51.1850223576055,10.5070230438002,51.0985237577266,10.4692748458891,218.625062940678,218.145005715799,2016.55311594438,2017.03317316926,1927800000,western_Europe,western_Europe
472,54,6.253265932047,51.16387943648,10.7392556437084,51.1801228932002,10.7831431216115,213.418493698077,207.16522776603,2005.57333799461,2011.82660392666,1927800000,western_Europe,western_Europe
472,473,1.501761140439,51.16387943648,10.7392556437084,51.0252858501459,10.7391823175742,208.666988906469,207.16522776603,2005.57333799461,2007.07509913505,1927800000,western_Europe,western_Europe
473,53,1.319444110581,51.0252858501459,10.7391823175742,50.9467,10.7272,209.98643301705,208.666988906469,2007.07509913505,2008.39454324563,1927800000,western_Europe,western_Europe
473,474,2.881072971104,51.0252858501459,10.7391823175742,50.742081307336,10.5564122084816,211.548061877573,208.666988906469,2007.07509913505,2009.95617210615,1927800000,western_Europe,western_Europe
474,475,0.8674607822827,50.742081307336,10.5564122084816,50.7432754186833,10.5835131119733,212.415522659855,211.548061877573,2009.95617210615,2010.82363288844,1927800000,western_Europe,western_Europe
474,52,0.2742487864897,50.742081307336,10.5564122084816,50.7921569446661,10.5413161624685,211.822310664062,211.548061877573,2009.95617210615,2010.23042089264,1927800000,western_Europe,western_Europe
475,50,2.430578141968,50.7432754186833,10.5835131119733,51.0409707080633,10.8244599325765,214.846100801823,212.415522659855,2010.82363288844,2013.25421103041,1927800000,western_Europe,western_Europe
475,51,2.6801040437,50.7432754186833,10.5835131119733,50.7047210577841,10.5895631339352,215.095626703555,212.415522659855,2010.82363288844,2013.50373693214,1927800000,western_Europe,western_Europe
476,477,4.29747155863,51.3136215172359,10.6199209682798,51.3300664160658,10.528676949031,218.988356260204,214.690884701574,2013.09899493016,2017.39646648879,1927800000,western_Europe,western_Europe
476,478,1.220052404582,51.3136215172359,10.6199209682798,51.3484105341078,10.6688772498976,215.910937106156,214.690884701574,2013.09899493016,2014.31904733474,1927800000,western_Europe,western_Europe
477,57,0.3964499713549,51.3300664160658,10.528676949031,51.3212685990121,10.5094271487717,219.384806231559,218.988356260204,2017.39646648879,2017.79291646014,1927800000,western_Europe,western_Europe
477,58,0.4520972450943,51.3300664160658,10.528676949031,51.3249528853806,10.2331974886519,219.440453505298,218.988356260204,2017.39646648879,2017.84856373388,1927800000,western_Europe,western_Europe
478,59,3.18682410799,51.3484105341078,10.6688772498976,51.3797510984099,10.6668976053564,219.097761214146,215.910937106156,2014.31904733474,2017.50587144273,1927800000,western_Europe,western_Europe
478,479,0.8932721646838,51.3484105341078,10.6688772498976,51.3219181377506,10.6880913050214,216.804209270839,215.910937106156,2014.31904733474,2015.21231949942,1927800000,western_Europe,western_Europe
479,61,2.415416529981,51.3219181377506,10.6880913050214,51.3078958473181,10.4675588748312,219.21962580082,216.804209270839,2015.21231949942,2017.6277360294,1927800000,western_Europe,western_Europe
479,60,2.66442970463,51.3219181377506,10.6880913050214,51.3053029315791,10.6678071204956,219.46863897547,216.804209270839,2015.21231949942,2017.87674920405,1927800000,western_Europe,western_Europe
480,481,5.754774599076,51.4403030046601,9.72926719569073,51.4449828542438,10.0963952341631,201.812060218924,196.057285619848,1994.46539584843,2000.22017044751,1927800000,western_Europe,western_Europe
480,488,12.15097584257,51.4403030046601,9.72926719569073,51.5639079414203,9.67114743700839,208.208261462418,196.057285619848,1994.46539584843,2006.616371691,1927800000,western_Europe,western_Europe
481,482,0.982929022965,51.4449828542438,10.0963952341631,51.4584972002792,10.210083807834,202.794989241889,201.812060218924,2000.22017044751,2001.20309947047,1927800000,western_Europe,western_Europe
481,69,5.663859616959,51.4449828542438,10.0963952341631,51.46805325489,10.1600050379146,207.475919835883,201.812060218924,2000.22017044751,2005.88403006446,1927800000,western_Europe,western_Europe
482,486,2.563795278933,51.4584972002792,10.210083807834,51.3536703850676,10.3482050891824,205.358784520822,202.794989241889,2001.20309947047,2003.7668947494,1927800000,western_Europe,western_Europe
482,483,2.982744115988,51.4584972002792,10.210083807834,51.4869485272074,10.0759728487962,205.777733357877,202.794989241889,2001.20309947047,2004.18584358646,1927800000,western_Europe,western_Europe
483,484,1.0483889433,51.4869485272074,10.0759728487962,51.7263327043555,10.1448082456512,206.826122301177,205.777733357877,2004.18584358646,2005.23423252976,1927800000,western_Europe,western_Europe
483,65,0.9359292511917,51.4869485272074,10.0759728487962,51.3589464290823,9.97827868853641,206.713662609069,205.777733357877,2004.18584358646,2005.12177283765,1927800000,western_Europe,western_Europe
484,485,0.5637198057847,51.7263327043555,10.1448082456512,51.6848372716617,10.1420879165754,207.389842106962,206.826122301177,2005.23423252976,2005.79795233554,1927800000,western_Europe,western_Europe
484,62,4.82377842552,51.7263327043555,10.1448082456512,51.6407583438433,9.97470181414965,211.649900726697,206.826122301177,2005.23423252976,2010.05801095528,1927800000,western_Europe,western_Europe
485,64,0.8634183142161,51.6848372716617,10.1420879165754,51.6202417616589,10.1520414187815,208.253260421178,207.389842106962,2005.79795233554,2006.66137064976,1927800000,western_Europe,western_Europe
485,63,1.020110686663,51.6848372716617,10.1420879165754,51.7543432831074,10.0058768683326,208.409952793625,207.389842106962,2005.79795233554,2006.81806302221,1927800000,western_Europe,western_Europe
486,487,1.28064203241,51.3536703850676,10.3482050891824,51.3298370357654,10.3684485516906,206.639426553232,205.358784520822,2003.7668947494,2005.04753678181,1927800000,western_Europe,western_Europe
486,68,1.324364471821,51.3536703850676,10.3482050891824,51.3497468814913,9.86534116521833,206.683148992643,205.358784520822,2003.7668947494,2005.09125922123,1927800000,western_Europe,western_Europe
487,67,0.5319538158591,51.3298370357654,10.3684485516906,51.2694911563968,10.3208986385491,207.171380369091,206.639426553232,2005.04753678181,2005.57949059767,1927800000,western_Europe,western_Europe
487,66,0.4529324027241,51.3298370357654,10.3684485516906,51.3052290330286,10.3232243366188,207.092358955956,206.639426553232,2005.04753678181,2005.50046918454,1927800000,western_Europe,western_Europe
488,71,2.003814632923,51.5639079414203,9.67114743700839,51.5121889286862,9.66345357089804,210.212076095341,208.208261462418,2006.616371691,2008.62018632392,1927800000,western_Europe,western_Europe
488,70,1.629976989252,51.5639079414203,9.67114743700839,51.6009831061738,9.90696684033523,209.83823845167,208.208261462418,2006.616371691,2008.24634868025,1927800000,western_Europe,western_Europe
489,73,4.597367990459,51.174658397814,12.5409668389299,51.05329,12.44973,212.582788413204,207.985420422745,2006.39353065133,2010.99089864179,1927800000,western_Europe,western_Europe
489,72,2.821305692007,51.174658397814,12.5409668389299,51.0529,12.4512,210.806726114752,207.985420422745,2006.39353065133,2009.21483634333,1927800000,western_Europe,western_Europe
490,495,25.80278400444,51.6826458810463,12.1852899490697,51.7518318581973,11.9575085177315,203.587210195059,177.784426190619,1976.1925364192,2001.99532042364,1927800000,western_Europe,western_Europe
490,491,16.67768392438,51.6826458810463,12.1852899490697,51.7630672743938,14.0045116988183,194.462110114999,177.784426190619,1976.1925364192,1992.87022034358,1927800000,western_Europe,western_Europe
491,494,16.24933853166,51.7630672743938,14.0045116988183,51.9851676779171,13.9789420569061,210.711448646659,194.462110114999,1992.87022034358,2009.11955887524,1927800000,western_Europe,western_Europe
491,492,11.51871253581,51.7630672743938,14.0045116988183,51.7050082470343,13.3163709265057,205.980822650809,194.462110114999,1992.87022034358,2004.38893287939,1927800000,western_Europe,western_Europe
492,493,2.885836636395,51.7050082470343,13.3163709265057,51.2137800493531,12.8466550134776,208.866659287204,205.980822650809,2004.38893287939,2007.27476951579,1927800000,western_Europe,western_Europe
492,74,6.331343074347,51.7050082470343,13.3163709265057,51.8881,14.1339,212.312165725156,205.980822650809,2004.38893287939,2010.72027595374,1927800000,western_Europe,western_Europe
493,76,2.107515158823,51.2137800493531,12.8466550134776,51.2089,12.8606,210.974174446027,208.866659287204,2007.27476951579,2009.38228467461,1927800000,western_Europe,western_Europe
493,75,1.251306038712,51.2137800493531,12.8466550134776,51.4244,8.5313,210.117965325916,208.866659287204,2007.27476951579,2008.5260755545,1927800000,western_Europe,western_Europe
494,77,0.007024542456177,51.9851676779171,13.9789420569061,51.9869,13.9869,210.718473189115,210.711448646659,2009.11955887524,2009.1265834177,1927800000,western_Europe,western_Europe
494,78,0.03434534303203,51.9851676779171,13.9789420569061,51.98512,13.97441,210.745793989691,210.711448646659,2009.11955887524,2009.15390421827,1927800000,western_Europe,western_Europe
495,79,5.711702823073,51.7518318581973,11.9575085177315,51.745187063954,12.1635316750576,209.298913018132,203.587210195059,2001.99532042364,2007.70702324671,1927800000,western_Europe,western_Europe
495,496,0.9248531699594,51.7518318581973,11.9575085177315,51.6851396737996,11.466177344214,204.512063365018,203.587210195059,2001.99532042364,2002.9201735936,1927800000,western_Europe,western_Europe
496,497,1.254521479216,51.6851396737996,11.466177344214,51.9830381881852,11.4208613275054,205.766584844234,204.512063365018,2002.9201735936,2004.17469507282,1927800000,western_Europe,western_Europe
496,80,1.881636757778,51.6851396737996,11.466177344214,51.6642,11.4727,206.393700122796,204.512063365018,2002.9201735936,2004.80181035138,1927800000,western_Europe,western_Europe
497,498,0.6445975554988,51.9830381881852,11.4208613275054,52.0242351727323,11.4054062038151,206.411182399733,205.766584844234,2004.17469507282,2004.81929262832,1927800000,western_Europe,western_Europe
497,83,0.9307648266388,51.9830381881852,11.4208613275054,52.0429719151771,11.2991197267385,206.697349670873,205.766584844234,2004.17469507282,2005.10545989946,1927800000,western_Europe,western_Europe
498,82,2.350479655659,52.0242351727323,11.4054062038151,51.6394717938521,11.7536787031982,208.761662055392,206.411182399733,2004.81929262832,2007.16977228397,1927800000,western_Europe,western_Europe
498,81,0.5194034547524,52.0242351727323,11.4054062038151,51.9242856326448,11.2753983574697,206.930585854486,206.411182399733,2004.81929262832,2005.33869608307,1927800000,western_Europe,western_Europe
499,500,8.515382577742,52.5583298982754,11.4824644964771,52.5462699517097,11.6382129752353,154.659166322889,146.143783745147,1944.55189397373,1953.06727655147,1927800000,western_Europe,western_Europe
499,519,28.49384166019,52.5583298982754,11.4824644964771,52.1223047708894,5.59434739937093,174.637625405338,146.143783745147,1944.55189397373,1973.04573563392,1927800000,western_Europe,western_Europe
500,501,1.674815201752,52.5462699517097,11.6382129752353,52.6091466614454,11.6869123279712,156.333981524642,154.659166322889,1953.06727655147,1954.74209175322,1927800000,western_Europe,western_Europe
500,506,15.42734671671,52.5462699517097,11.6382129752353,54.0379124677764,13.0596544552184,170.0865130396,154.659166322889,1953.06727655147,1968.49462326818,1927800000,western_Europe,western_Europe
501,502,55.72572146414,52.6091466614454,11.6869123279712,54.2389894032336,10.4294379089789,212.059702988782,156.333981524642,1954.74209175322,2010.46781321736,1927800000,western_Europe,western_Europe
501,503,42.31903783816,52.6091466614454,11.6869123279712,52.6725206387807,10.3889555828807,198.653019362802,156.333981524642,1954.74209175322,1997.06112959138,1927800000,western_Europe,western_Europe
502,85,1.712376056197,54.2389894032336,10.4294379089789,54.2149097498752,10.4657560697778,213.772079044979,212.059702988782,2010.46781321736,2012.18018927356,1927800000,western_Europe,western_Europe
502,84,1.695024581658,54.2389894032336,10.4294379089789,54.2521527818884,10.4323685419027,213.754727570439,212.059702988782,2010.46781321736,2012.16283779902,1927800000,western_Europe,western_Europe
503,504,9.671522294052,52.6725206387807,10.3889555828807,53.2739591315633,10.1025612067252,208.324541656853,198.653019362802,1997.06112959138,2006.73265188544,1927800000,western_Europe,western_Europe
503,505,8.882664725279,52.6725206387807,10.3889555828807,52.3805911892033,13.1392224823989,207.535684088081,198.653019362802,1997.06112959138,2005.94379431666,1927800000,western_Europe,western_Europe
504,86,1.582663239686,53.2739591315633,10.1025612067252,53.3650302314129,10.0527950876846,209.907204896539,208.324541656853,2006.73265188544,2008.31531512512,1927800000,western_Europe,western_Europe
504,87,1.607299443364,53.2739591315633,10.1025612067252,53.21295026727,10.21756890775,209.931841100217,208.324541656853,2006.73265188544,2008.3399513288,1927800000,western_Europe,western_Europe
505,88,3.403304168501,52.3805911892033,13.1392224823989,52.9042,13.5328,210.938988256581,207.535684088081,2005.94379431666,2009.34709848516,1927800000,western_Europe,western_Europe
505,89,5.887348464836,52.3805911892033,13.1392224823989,52.4887,13.1671,213.423032552917,207.535684088081,2005.94379431666,2011.8311427815,1927800000,western_Europe,western_Europe
506,512,10.72082263889,54.0379124677764,13.0596544552184,54.2659856416645,13.2956653030007,180.807335678489,170.0865130396,1968.49462326818,1979.21544590707,1927800000,western_Europe,western_Europe
506,507,36.77298016913,54.0379124677764,13.0596544552184,54.058280403085,13.2488861432676,206.85949320873,170.0865130396,1968.49462326818,2005.26760343731,1927800000,western_Europe,western_Europe
507,95,1.811346480857,54.058280403085,13.2488861432676,54.1,13.21,208.670839689587,206.85949320873,2005.26760343731,2007.07894991817,1927800000,western_Europe,western_Europe
507,508,2.105101441923,54.058280403085,13.2488861432676,54.2016355614376,13.3096709483054,208.964594650652,206.85949320873,2005.26760343731,2007.37270487923,1927800000,western_Europe,western_Europe
508,90,1.99412514126,54.2016355614376,13.3096709483054,54.3130177483532,13.0821403935622,210.958719791913,208.964594650652,2007.37270487923,2009.36683002049,1927800000,western_Europe,western_Europe
508,509,0.3570883913066,54.2016355614376,13.3096709483054,54.2423249019833,13.4371631567375,209.321683041959,208.964594650652,2007.37270487923,2007.72979327054,1927800000,western_Europe,western_Europe
509,510,0.816713801763,54.2423249019833,13.4371631567375,54.3116104730747,13.4571191833436,210.138396843722,209.321683041959,2007.72979327054,2008.5465070723,1927800000,western_Europe,western_Europe
509,94,2.327478541865,54.2423249019833,13.4371631567375,54.2368814654408,13.454745752855,211.649161583824,209.321683041959,2007.72979327054,2010.05727181241,1927800000,western_Europe,western_Europe
510,511,0.1261533330739,54.3116104730747,13.4571191833436,54.3474791741811,13.3920699322358,210.264550176796,210.138396843722,2008.5465070723,2008.67266040538,1927800000,western_Europe,western_Europe
510,93,1.985022874134,54.3116104730747,13.4571191833436,54.2177870625856,13.4682474235039,212.123419717856,210.138396843722,2008.5465070723,2010.53152994644,1927800000,western_Europe,western_Europe
511,92,1.374449361193,54.3474791741811,13.3920699322358,54.0381334059402,13.3643060216866,211.638999537989,210.264550176796,2008.67266040538,2010.04710976657,1927800000,western_Europe,western_Europe
511,91,2.079833923079,54.3474791741811,13.3920699322358,54.3175083882115,13.3864695417899,212.344384099875,210.264550176796,2008.67266040538,2010.75249432846,1927800000,western_Europe,western_Europe
512,517,27.40278644823,54.2659856416645,13.2956653030007,54.2396168311821,13.2295514460071,208.210122126719,180.807335678489,1979.21544590707,2006.6182323553,1927800000,western_Europe,western_Europe
512,513,5.284860888922,54.2659856416645,13.2956653030007,53.9739464730905,13.2742121007923,186.092196567411,180.807335678489,1979.21544590707,1984.50030679599,1927800000,western_Europe,western_Europe
513,514,11.18696486507,53.9739464730905,13.2742121007923,52.4770365859729,13.9373716416356,197.279161432481,186.092196567411,1984.50030679599,1995.68727166106,1927800000,western_Europe,western_Europe
513,100,23.29076052293,53.9739464730905,13.2742121007923,54.0055,13.6346,209.382957090342,186.092196567411,1984.50030679599,2007.79106731892,1927800000,western_Europe,western_Europe
514,515,9.480115979191,52.4770365859729,13.9373716416356,52.7902171527746,14.0229312558608,206.759277411672,197.279161432481,1995.68727166106,2005.16738764025,1927800000,western_Europe,western_Europe
514,516,0.02058100037216,52.4770365859729,13.9373716416356,52.3944646591622,13.952486046479,197.299742432854,197.279161432481,1995.68727166106,1995.70785266144,1927800000,western_Europe,western_Europe
515,96,3.149423339908,52.7902171527746,14.0229312558608,52.86791,13.8483,209.90870075158,206.759277411672,2005.16738764025,2008.31681098016,1927800000,western_Europe,western_Europe
515,97,0.2743799009706,52.7902171527746,14.0229312558608,52.6815492360312,13.9804739950122,207.033657312643,206.759277411672,2005.16738764025,2005.44176754123,1927800000,western_Europe,western_Europe
516,98,13.14191176998,52.3944646591622,13.952486046479,52.98008,13.47227,210.441654202834,197.299742432854,1995.70785266144,2008.84976443142,1927800000,western_Europe,western_Europe
516,99,8.411454403508,52.3944646591622,13.952486046479,53.0797997043915,13.962709325718,205.711196836362,197.299742432854,1995.70785266144,2004.11930706494,1927800000,western_Europe,western_Europe
517,518,3.266212047356,54.2396168311821,13.2295514460071,54.2643273976946,13.2022200922575,211.476334174076,208.210122126719,2006.6182323553,2009.88444440266,1927800000,western_Europe,western_Europe
517,101,0.8693478664839,54.2396168311821,13.2295514460071,54.1949,13.2859,209.079469993203,208.210122126719,2006.6182323553,2007.48758022179,1927800000,western_Europe,western_Europe
518,103,0.202847474911,54.2643273976946,13.2022200922575,54.2220474746817,13.2111532462756,211.679181648986,211.476334174076,2009.88444440266,2010.08729187757,1927800000,western_Europe,western_Europe
518,102,0.685174600295,54.2643273976946,13.2022200922575,54.2679447711006,13.2025025154417,212.161508774371,211.476334174076,2009.88444440266,2010.56961900295,1927800000,western_Europe,western_Europe
519,526,12.76178252738,52.1223047708894,5.59434739937093,51.0709737906998,8.59802400893597,187.399407932718,174.637625405338,1973.04573563392,1985.8075181613,1927800000,western_Europe,western_Europe
519,520,6.564803773623,52.1223047708894,5.59434739937093,52.1606871780331,5.60034262303188,181.202429178961,174.637625405338,1973.04573563392,1979.61053940754,1927800000,western_Europe,western_Europe
520,521,14.9316499262,52.1606871780331,5.60034262303188,52.1593172057794,5.05769586968895,196.134079105161,181.202429178961,1979.61053940754,1994.54218933374,1927800000,western_Europe,western_Europe
520,110,36.3659660542,52.1606871780331,5.60034262303188,52.5982741605477,5.58132091371025,217.56839523316,181.202429178961,1979.61053940754,2015.97650546174,1927800000,western_Europe,western_Europe
521,104,13.22818098643,52.1593172057794,5.05769586968895,52.23897,6.85195,209.36226009159,196.134079105161,1994.54218933374,2007.77037032017,1927800000,western_Europe,western_Europe
521,522,16.1374025877,52.1593172057794,5.05769586968895,52.4887782308401,5.34368800774161,212.271481692861,196.134079105161,1994.54218933374,2010.67959192144,1927800000,western_Europe,western_Europe
522,105,4.462961610365,52.4887782308401,5.34368800774161,52.2872476261445,5.25289855345896,216.734443303226,212.271481692861,2010.67959192144,2015.14255353181,1927800000,western_Europe,western_Europe
522,523,0.7397608263271,52.4887782308401,5.34368800774161,52.5153013321492,5.38111897368735,213.011242519188,212.271481692861,2010.67959192144,2011.41935274777,1927800000,western_Europe,western_Europe
523,109,3.609413355,52.5153013321492,5.38111897368735,52.5199678791782,5.64016739542357,216.620655874188,213.011242519188,2011.41935274777,2015.02876610277,1927800000,western_Europe,western_Europe
523,524,0.4154004861029,52.5153013321492,5.38111897368735,52.4770264275672,5.30161382829551,213.42664300529,213.011242519188,2011.41935274777,2011.83475323387,1927800000,western_Europe,western_Europe
524,525,2.062460242253,52.4770264275672,5.30161382829551,52.397426216903,5.37035184863115,215.489103247543,213.42664300529,2011.83475323387,2013.89721347613,1927800000,western_Europe,western_Europe
524,108,3.288360973865,52.4770264275672,5.30161382829551,53.2346,6.248,216.715003979155,213.42664300529,2011.83475323387,2015.12311420774,1927800000,western_Europe,western_Europe
525,107,1.379969102708,52.397426216903,5.37035184863115,52.403357353453,5.24115901277448,216.869072350251,215.489103247543,2013.89721347613,2015.27718257883,1927800000,western_Europe,western_Europe
525,106,1.235797439656,52.397426216903,5.37035184863115,53.01797,5.55068,216.724900687199,215.489103247543,2013.89721347613,2015.13301091578,1927800000,western_Europe,western_Europe
526,527,16.65687630641,51.0709737906998,8.59802400893597,51.3216658688662,8.69427752623552,204.056284239128,187.399407932718,1985.8075181613,2002.46439446771,1927800000,western_Europe,western_Europe
526,111,20.54258069973,51.0709737906998,8.59802400893597,52.0763,8.5168,207.941988632448,187.399407932718,1985.8075181613,2006.35009886103,1927800000,western_Europe,western_Europe
527,528,2.559963337842,51.3216658688662,8.69427752623552,51.3815215539371,8.58335927428165,206.616247576969,204.056284239128,2002.46439446771,2005.02435780555,1927800000,western_Europe,western_Europe
527,530,5.431733686204,51.3216658688662,8.69427752623552,51.5027740985901,9.11360998588366,209.488017925331,204.056284239128,2002.46439446771,2007.89612815391,1927800000,western_Europe,western_Europe
528,112,4.434711954306,51.3815215539371,8.58335927428165,51.5711,8.1057,211.050959531275,206.616247576969,2005.02435780555,2009.45906975986,1927800000,western_Europe,western_Europe
528,529,3.985256540629,51.3815215539371,8.58335927428165,51.369254865724,8.53394535017362,210.601504117598,206.616247576969,2005.02435780555,2009.00961434618,1927800000,western_Europe,western_Europe
529,113,0.5031626986411,51.369254865724,8.53394535017362,51.3505855788509,8.56605524261869,211.10466681624,210.601504117598,2009.00961434618,2009.51277704482,1927800000,western_Europe,western_Europe
529,114,0.666551118293,51.369254865724,8.53394535017362,51.4708908215296,8.49142335570948,211.268055235891,210.601504117598,2009.00961434618,2009.67616546447,1927800000,western_Europe,western_Europe
530,115,0.494057944218,51.5027740985901,9.11360998588366,51.48865,9.14883,209.98207586955,209.488017925331,2007.89612815391,2008.39018609813,1927800000,western_Europe,western_Europe
530,116,0.3822384195356,51.5027740985901,9.11360998588366,50.9581,10.9943,209.870256344867,209.488017925331,2007.89612815391,2008.27836657345,1927800000,western_Europe,western_Europe
531,532,89.1477658089,51.3473259977903,15.0638653811593,51.7296072278282,14.5330848835019,161.423944035397,72.276178226497,1870.68428845508,1959.83205426398,1927800000,western_Europe,western_Europe
531,543,0.01587820141174,51.3473259977903,15.0638653811593,51.3589405987741,15.0041516303418,72.2920564279087,72.276178226497,1870.68428845508,1870.70016665649,1927800000,western_Europe,western_Europe
532,533,7.275956868335,51.7296072278282,14.5330848835019,51.7880173007373,14.6086701771302,168.699900903732,161.423944035397,1959.83205426398,1967.10801113231,1927800000,western_Europe,western_Europe
532,128,49.91157404509,51.7296072278282,14.5330848835019,51.3942,14.3972,211.335518080487,161.423944035397,1959.83205426398,2009.74362830907,1927800000,western_Europe,western_Europe
533,534,20.68874880346,51.7880173007373,14.6086701771302,51.330563651407,15.0358153824344,189.388649707192,168.699900903732,1967.10801113231,1987.79675993577,1927800000,western_Europe,western_Europe
533,535,6.247036916459,51.7880173007373,14.6086701771302,51.8069272021162,14.7352595628753,174.946937820191,168.699900903732,1967.10801113231,1973.35504804877,1927800000,western_Europe,western_Europe
534,118,20.4739555604,51.330563651407,15.0358153824344,51.1823,14.8681,209.862605267592,189.388649707192,1987.79675993577,2008.27071549617,1927800000,western_Europe,western_Europe
534,117,7.509631913102,51.330563651407,15.0358153824344,51.7592,19.4559,196.898281620294,189.388649707192,1987.79675993577,1995.30639184888,1927800000,western_Europe,western_Europe
535,538,30.43327705471,51.8069272021162,14.7352595628753,52.3337618647113,14.0725185223093,205.380214874901,174.946937820191,1973.35504804877,2003.78832510348,1927800000,western_Europe,western_Europe
535,536,23.90399487659,51.8069272021162,14.7352595628753,51.67757647285,14.3451869868051,198.850932696781,174.946937820191,1973.35504804877,1997.25904292536,1927800000,western_Europe,western_Europe
536,121,0.8174614479753,51.67757647285,14.3451869868051,51.6506794830899,14.3362375211891,199.668394144756,198.850932696781,1997.25904292536,1998.07650437334,1927800000,western_Europe,western_Europe
536,537,0.2389335866429,51.67757647285,14.3451869868051,51.716920174836,14.2824834142246,199.089866283424,198.850932696781,1997.25904292536,1997.49797651201,1927800000,western_Europe,western_Europe
537,120,0.5352056636412,51.716920174836,14.2824834142246,51.7353764327498,14.2498540564129,199.625071947065,199.089866283424,1997.49797651201,1998.03318217565,1927800000,western_Europe,western_Europe
537,119,1.036895300755,51.716920174836,14.2824834142246,51.9808841262207,14.3672798391153,200.126761584179,199.089866283424,1997.49797651201,1998.53487181276,1927800000,western_Europe,western_Europe
538,127,5.639390398289,52.3337618647113,14.0725185223093,52.4485,13.7039,211.01960527319,205.380214874901,2003.78832510348,2009.42771550177,1927800000,western_Europe,western_Europe
538,539,3.807056866982,52.3337618647113,14.0725185223093,51.6730771756115,14.5217909880511,209.187271741883,205.380214874901,2003.78832510348,2007.59538197047,1927800000,western_Europe,western_Europe
539,540,1.458254255464,51.6730771756115,14.5217909880511,51.710657750769,14.6023504970599,210.645525997347,209.187271741883,2007.59538197047,2009.05363622593,1927800000,western_Europe,western_Europe
539,541,0.552446984738,51.6730771756115,14.5217909880511,51.6851455096951,14.4982732146921,209.739718726621,209.187271741883,2007.59538197047,2008.1478289552,1927800000,western_Europe,western_Europe
540,123,0.704572667816,51.710657750769,14.6023504970599,51.1913857872775,14.4258724827476,211.350098665163,210.645525997347,2009.05363622593,2009.75820889374,1927800000,western_Europe,western_Europe
540,122,1.703635441633,51.710657750769,14.6023504970599,51.6607829739627,14.5216126512273,212.34916143898,210.645525997347,2009.05363622593,2010.75727166756,1927800000,western_Europe,western_Europe
541,126,1.098329987404,51.6851455096951,14.4982732146921,51.7912927752303,14.3106719191772,210.838048714025,209.739718726621,2008.1478289552,2009.24615894261,1927800000,western_Europe,western_Europe
541,542,0.6988048611861,51.6851455096951,14.4982732146921,51.3799498234079,14.5176542226566,210.438523587807,209.739718726621,2008.1478289552,2008.84663381639,1927800000,western_Europe,western_Europe
542,124,0.9880697630318,51.3799498234079,14.5176542226566,51.1922324055691,14.5100238275268,211.426593350839,210.438523587807,2008.84663381639,2009.83470357942,1927800000,western_Europe,western_Europe
542,125,0.8357839417089,51.3799498234079,14.5176542226566,51.4543927125732,14.241938093237,211.274307529516,210.438523587807,2008.84663381639,2009.6824177581,1927800000,western_Europe,western_Europe
543,544,30.0440830607,51.3589405987741,15.0041516303418,50.1441036575736,13.2347469030097,102.336139488609,72.2920564279087,1870.70016665649,1900.74424971719,1927800000,western_Europe,western_Europe
543,129,141.3138193742,51.3589405987741,15.0041516303418,44.1005,3.0778,213.605875802109,72.2920564279087,1870.70016665649,2012.01398603069,1927800000,western_Europe,western_Europe
544,545,58.23047856975,50.1441036575736,13.2347469030097,45.7032728525303,19.187944806835,160.566618058359,102.336139488609,1900.74424971719,1958.97472828694,1927800000,western_Europe,western_Europe
544,548,27.922008707,50.1441036575736,13.2347469030097,50.0266110243,12.9891917305223,130.258148195609,102.336139488609,1900.74424971719,1928.66625842419,1927800000,western_Europe,western_Europe
545,546,30.63680873903,45.7032728525303,19.187944806835,48.6161797973159,21.1928930072887,191.203426797389,160.566618058359,1958.97472828694,1989.61153702597,1927800000,western_Europe,western_Europe
545,133,28.84418070904,45.7032728525303,19.187944806835,44.7865,20.5,189.410798767399,160.566618058359,1958.97472828694,1987.81890899598,1927800000,western_Europe,western_Europe
546,130,5.459606506356,48.6161797973159,21.1928930072887,48.4878323855135,21.1679786791337,196.663033303745,191.203426797389,1989.61153702597,1995.07114353233,1927800000,western_Europe,western_Europe
546,547,5.048034409202,48.6161797973159,21.1928930072887,48.6727232772221,21.0241283526667,196.251461206591,191.203426797389,1989.61153702597,1994.65957143517,1927800000,western_Europe,western_Europe
547,131,0.6926748158413,48.6727232772221,21.0241283526667,48.475497585615,21.1803264029302,196.944136022432,196.251461206591,1994.65957143517,1995.35224625101,1927800000,western_Europe,western_Europe
547,132,13.04168017444,48.6727232772221,21.0241283526667,44.0017,21.3526,209.293141381031,196.251461206591,1994.65957143517,2007.70125160961,1927800000,western_Europe,western_Europe
548,549,21.7527439095,50.0266110243,12.9891917305223,49.6806670442125,12.8183684670415,152.010892105109,130.258148195609,1928.66625842419,1950.41900233369,1927800000,western_Europe,western_Europe
548,673,25.3470675639,50.0266110243,12.9891917305223,49.7821029947682,12.4027420373898,155.605215759509,130.258148195609,1928.66625842419,1954.01332598809,1927800000,western_Europe,western_Europe
549,550,37.56864177137,49.6806670442125,12.8183684670415,45.8933713531301,16.1991982230241,189.579533876479,152.010892105109,1950.41900233369,1987.98764410506,1927800000,western_Europe,western_Europe
549,551,14.96231402928,49.6806670442125,12.8183684670415,49.6247585442605,12.8993208336221,166.973206134389,152.010892105109,1950.41900233369,1965.38131636297,1927800000,western_Europe,western_Europe
550,135,25.16542379779,45.8933713531301,16.1991982230241,45.97301787398,14.3783329119541,214.744957674269,189.579533876479,1987.98764410506,2013.15306790285,1927800000,western_Europe,western_Europe
550,134,7.887072250307,45.8933713531301,16.1991982230241,45.815,15.9819,197.466606126786,189.579533876479,1987.98764410506,1995.87471635537,1927800000,western_Europe,western_Europe
551,552,38.15223536993,49.6247585442605,12.8993208336221,49.22835357544,12.947385197728,205.125441504319,166.973206134389,1965.38131636297,2003.5335517329,1927800000,western_Europe,western_Europe
551,606,7.298381036497,49.6247585442605,12.8993208336221,49.5621214504419,13.0828966612882,174.271587170886,166.973206134389,1965.38131636297,1972.67969739947,1927800000,western_Europe,western_Europe
552,553,5.038521717796,49.22835357544,12.947385197728,49.238805674482,13.0802325422271,210.163963222115,205.125441504319,2003.5335517329,2008.5720734507,1927800000,western_Europe,western_Europe
552,555,0.548870256019,49.22835357544,12.947385197728,49.1994610860583,12.9139048389027,205.674311760338,205.125441504319,2003.5335517329,2004.08242198892,1927800000,western_Europe,western_Europe
553,136,1.55843715478,49.238805674482,13.0802325422271,49.2029370586448,13.2896069392968,211.722400376895,210.163963222115,2008.5720734507,2010.13051060548,1927800000,western_Europe,western_Europe
553,554,1.726445377181,49.238805674482,13.0802325422271,49.2376055662313,13.1235370255351,211.890408599296,210.163963222115,2008.5720734507,2010.29851882788,1927800000,western_Europe,western_Europe
554,138,0.5651169013677,49.2376055662313,13.1235370255351,49.4537980191363,12.8634576115176,212.455525500663,211.890408599296,2010.29851882788,2010.86363572925,1927800000,western_Europe,western_Europe
554,137,0.2619948695169,49.2376055662313,13.1235370255351,49.2646337906341,13.15838538145,212.152403468813,211.890408599296,2010.29851882788,2010.56051369739,1927800000,western_Europe,western_Europe
555,597,3.24264368536,49.1994610860583,12.9139048389027,49.2808447516584,12.8224573793247,208.916955445698,205.674311760338,2004.08242198892,2007.32506567428,1927800000,western_Europe,western_Europe
555,556,0.8030530143228,49.1994610860583,12.9139048389027,49.2963525744332,12.818854937727,206.477364774661,205.674311760338,2004.08242198892,2004.88547500324,1927800000,western_Europe,western_Europe
556,566,0.404728820473,49.2963525744332,12.818854937727,49.3173432106499,12.8359936891877,206.882093595134,206.477364774661,2004.88547500324,2005.29020382372,1927800000,western_Europe,western_Europe
556,557,1.805224256018,49.2963525744332,12.818854937727,49.5383756000049,13.049714798,208.282589030679,206.477364774661,2004.88547500324,2006.69069925926,1927800000,western_Europe,western_Europe
557,559,0.8959428701551,49.5383756000049,13.049714798,49.4201231324368,13.0628960197382,209.178531900834,208.282589030679,2006.69069925926,2007.58664212942,1927800000,western_Europe,western_Europe
557,558,2.744735056354,49.5383756000049,13.049714798,49.4662350478236,13.3488412648487,211.027324087033,208.282589030679,2006.69069925926,2009.43543431561,1927800000,western_Europe,western_Europe
558,140,0.8294707636761,49.4662350478236,13.3488412648487,49.3840234868222,13.0573198790308,211.856794850709,211.027324087033,2009.43543431561,2010.26490507929,1927800000,western_Europe,western_Europe
558,139,1.140827456695,49.4662350478236,13.3488412648487,49.4638866008762,13.3357835843369,212.168151543728,211.027324087033,2009.43543431561,2010.57626177231,1927800000,western_Europe,western_Europe
559,148,2.521168013611,49.4201231324368,13.0628960197382,49.42768,13.07052,211.699699914445,209.178531900834,2007.58664212942,2010.10781014303,1927800000,western_Europe,western_Europe
559,560,2.484096149369,49.4201231324368,13.0628960197382,49.4445283091686,13.1641676607506,211.662628050203,209.178531900834,2007.58664212942,2010.07073827878,1927800000,western_Europe,western_Europe
560,561,0.2812492770216,49.4445283091686,13.1641676607506,49.4199693531983,13.1625455446791,211.943877327224,211.662628050203,2010.07073827878,2010.35198755581,1927800000,western_Europe,western_Europe
560,562,0.3548133356737,49.4445283091686,13.1641676607506,49.4364764274042,13.2114254390494,212.017441385876,211.662628050203,2010.07073827878,2010.42555161446,1927800000,western_Europe,western_Europe
561,142,0.1478578675735,49.4199693531983,13.1625455446791,49.4482079392759,13.0224167415326,212.091735194798,211.943877327224,2010.35198755581,2010.49984542338,1927800000,western_Europe,western_Europe
561,141,0.07071499247721,49.4199693531983,13.1625455446791,49.3786889629308,13.3285636542311,212.014592319701,211.943877327224,2010.35198755581,2010.42270254828,1927800000,western_Europe,western_Europe
562,143,0.1743995860847,49.4364764274042,13.2114254390494,49.5749996466023,13.1869366047259,212.191840971961,212.017441385876,2010.42555161446,2010.59995120054,1927800000,western_Europe,western_Europe
562,563,5.346408689921,49.4364764274042,13.2114254390494,49.4312782757536,13.1371666733222,217.363850075797,212.017441385876,2010.42555161446,2015.77196030438,1927800000,western_Europe,western_Europe
563,564,0.3633249721187,49.4312782757536,13.1371666733222,50.4190517345329,13.7279752057758,217.727175047916,217.363850075797,2015.77196030438,2016.1352852765,1927800000,western_Europe,western_Europe
563,144,0.693897278524,49.4312782757536,13.1371666733222,49.46068,13.1776,218.057747354321,217.363850075797,2015.77196030438,2016.4658575829,1927800000,western_Europe,western_Europe
564,565,0.2457395719925,50.4190517345329,13.7279752057758,50.5463350395011,13.7549757958281,217.972914619909,217.727175047916,2016.1352852765,2016.38102484849,1927800000,western_Europe,western_Europe
564,145,0.2890730982196,50.4190517345329,13.7279752057758,50.357,13.784,218.016248146136,217.727175047916,2016.1352852765,2016.42435837472,1927800000,western_Europe,western_Europe
565,147,0.1965063791716,50.5463350395011,13.7549757958281,50.943,13.478,218.16942099908,217.972914619909,2016.38102484849,2016.57753122766,1927800000,western_Europe,western_Europe
565,146,0.4843411932932,50.5463350395011,13.7549757958281,50.753,13.874,218.457255813202,217.972914619909,2016.38102484849,2016.86536604178,1927800000,western_Europe,western_Europe
566,567,4.629699740222,49.3173432106499,12.8359936891877,49.2511596144019,12.5491259814192,211.511793335356,206.882093595134,2005.29020382372,2009.91990356394,1927800000,western_Europe,western_Europe
566,596,3.510888869963,49.3173432106499,12.8359936891877,49.5102529730802,12.8761991073989,210.392982465097,206.882093595134,2005.29020382372,2008.80109269368,1927800000,western_Europe,western_Europe
567,568,1.96479207375,49.2511596144019,12.5491259814192,49.1873180841748,12.4961487509979,213.476585409106,211.511793335356,2009.91990356394,2011.88469563769,1927800000,western_Europe,western_Europe
567,149,1.055591205783,49.2511596144019,12.5491259814192,49.2283,12.73345,212.567384541139,211.511793335356,2009.91990356394,2010.97549476972,1927800000,western_Europe,western_Europe
568,573,1.416997374802,49.1873180841748,12.4961487509979,49.2053140449267,12.47620728294,214.893582783908,213.476585409106,2011.88469563769,2013.30169301249,1927800000,western_Europe,western_Europe
568,569,1.315506781837,49.1873180841748,12.4961487509979,49.1513768325285,12.504903085487,214.792092190943,213.476585409106,2011.88469563769,2013.20020241952,1927800000,western_Europe,western_Europe
569,570,1.722924476468,49.1513768325285,12.504903085487,49.1369901867673,12.5371799070169,216.515016667411,214.792092190943,2013.20020241952,2014.92312689599,1927800000,western_Europe,western_Europe
569,571,1.237553991419,49.1513768325285,12.504903085487,49.1020312004875,12.4553643026199,216.029646182362,214.792092190943,2013.20020241952,2014.43775641094,1927800000,western_Europe,western_Europe
570,151,0.8548995767711,49.1369901867673,12.5371799070169,48.9993949745079,12.5794140872865,217.369916244182,216.515016667411,2014.92312689599,2015.77802647276,1927800000,western_Europe,western_Europe
570,150,0.8909700020779,49.1369901867673,12.5371799070169,49.1292318312445,12.5353812273683,217.405986669488,216.515016667411,2014.92312689599,2015.81409689807,1927800000,western_Europe,western_Europe
571,152,0.7889739763345,49.1020312004875,12.4553643026199,49.4536055331678,12.8432770806022,216.818620158696,216.029646182362,2014.43775641094,2015.22673038728,1927800000,western_Europe,western_Europe
571,572,0.4651953661555,49.1020312004875,12.4553643026199,49.0914958352711,12.4351737455603,216.494841548517,216.029646182362,2014.43775641094,2014.9029517771,1927800000,western_Europe,western_Europe
572,154,0.6092658992028,49.0914958352711,12.4351737455603,49.2445990545322,12.5367455645394,217.10410744772,216.494841548517,2014.9029517771,2015.5122176763,1927800000,western_Europe,western_Europe
572,153,0.4129153194686,49.0914958352711,12.4351737455603,49.0845472925931,12.4899148770856,216.907756867986,216.494841548517,2014.9029517771,2015.31586709657,1927800000,western_Europe,western_Europe
573,574,0.2154931590955,49.2053140449267,12.47620728294,49.1935113741576,12.5139588687491,215.109075943003,214.893582783908,2013.30169301249,2013.51718617159,1927800000,western_Europe,western_Europe
573,591,0.8507104510837,49.2053140449267,12.47620728294,49.2469359378912,12.3183605869919,215.744293234991,214.893582783908,2013.30169301249,2014.15240346357,1927800000,western_Europe,western_Europe
574,172,1.552698976678,49.1935113741576,12.5139588687491,49.1255446519452,12.5631394999815,216.661774919681,215.109075943003,2013.51718617159,2015.06988514826,1927800000,western_Europe,western_Europe
574,575,0.7532406042268,49.1935113741576,12.5139588687491,49.2088689214701,12.7165891622057,215.86231654723,215.109075943003,2013.51718617159,2014.27042677581,1927800000,western_Europe,western_Europe
575,576,0.05288081328785,49.2088689214701,12.7165891622057,49.2128722467016,12.7082977214545,215.915197360518,215.86231654723,2014.27042677581,2014.3233075891,1927800000,western_Europe,western_Europe
575,589,0.3494714049012,49.2088689214701,12.7165891622057,49.3323486673295,12.7077892377243,216.211787952131,215.86231654723,2014.27042677581,2014.61989818071,1927800000,western_Europe,western_Europe
576,577,0.06220324743339,49.2128722467016,12.7082977214545,49.2282825989559,12.7046390781896,215.977400607951,215.915197360518,2014.3233075891,2014.38551083653,1927800000,western_Europe,western_Europe
576,168,0.7926236898021,49.2128722467016,12.7082977214545,49.3445071810822,12.5527311568942,216.70782105032,215.915197360518,2014.3233075891,2015.1159312789,1927800000,western_Europe,western_Europe
577,578,0.1865537538568,49.2282825989559,12.7046390781896,49.1904850624545,12.7186735529872,216.163954361808,215.977400607951,2014.38551083653,2014.57206459039,1927800000,western_Europe,western_Europe
577,586,0.7281469852474,49.2282825989559,12.7046390781896,49.2269603396333,12.8661276783497,216.705547593198,215.977400607951,2014.38551083653,2015.11365782178,1927800000,western_Europe,western_Europe
578,579,0.03243050906428,49.1904850624545,12.7186735529872,49.1830986970855,12.6820323412763,216.196384870872,216.163954361808,2014.57206459039,2014.60449509945,1927800000,western_Europe,western_Europe
578,583,0.06469834561064,49.1904850624545,12.7186735529872,49.1988761641035,12.7178244498332,216.228652707419,216.163954361808,2014.57206459039,2014.636762936,1927800000,western_Europe,western_Europe
579,155,1.269050825972,49.1830986970855,12.6820323412763,49.279096165169,12.9175438755048,217.465435696844,216.196384870872,2014.60449509945,2015.87354592543,1927800000,western_Europe,western_Europe
579,580,0.03336391004886,49.1830986970855,12.6820323412763,49.1826420011512,12.6947006905676,216.229748780921,216.196384870872,2014.60449509945,2014.6378590095,1927800000,western_Europe,western_Europe
580,581,0.2213147425553,49.1826420011512,12.6947006905676,49.1847764948434,12.6991427625465,216.451063523476,216.229748780921,2014.6378590095,2014.85917375206,1927800000,western_Europe,western_Europe
580,159,0.7186901587243,49.1826420011512,12.6947006905676,49.18689,12.6699,216.948438939645,216.229748780921,2014.6378590095,2015.35654916823,1927800000,western_Europe,western_Europe
581,156,0.2766428262521,49.1847764948434,12.6991427625465,49.1777579576666,12.6061189200117,216.727706349728,216.451063523476,2014.85917375206,2015.13581657831,1927800000,western_Europe,western_Europe
581,582,0.07861756287723,49.1847764948434,12.6991427625465,49.1896809570977,12.7047466216158,216.529681086354,216.451063523476,2014.85917375206,2014.93779131494,1927800000,western_Europe,western_Europe
582,157,2.005670718452,49.1896809570977,12.7047466216158,50.022,13.123,218.535351804806,216.529681086354,2014.93779131494,2016.94346203339,1927800000,western_Europe,western_Europe
582,158,0.900245497604,49.1896809570977,12.7047466216158,49.1337850260896,12.7096006612442,217.429926583958,216.529681086354,2014.93779131494,2015.83803681254,1927800000,western_Europe,western_Europe
583,160,0.4832510119789,49.1988761641035,12.7178244498332,49.004244783258,12.7285753985,216.711903719397,216.228652707419,2014.636762936,2015.12001394798,1927800000,western_Europe,western_Europe
583,584,0.03863274636517,49.1988761641035,12.7178244498332,49.2537338631838,12.6587603249375,216.267285453784,216.228652707419,2014.636762936,2014.67539568237,1927800000,western_Europe,western_Europe
584,161,1.420633164683,49.2537338631838,12.6587603249375,50.639,13.851,217.687918618467,216.267285453784,2014.67539568237,2016.09602884705,1927800000,western_Europe,western_Europe
584,585,0.4694126414473,49.2537338631838,12.6587603249375,49.1850186760663,12.6977342552438,216.736698095231,216.267285453784,2014.67539568237,2015.14480832381,1927800000,western_Europe,western_Europe
585,162,0.06081300389608,49.1850186760663,12.6977342552438,49.20312,12.684,216.797511099127,216.736698095231,2015.14480832381,2015.20562132771,1927800000,western_Europe,western_Europe
585,163,0.4168766377434,49.1850186760663,12.6977342552438,49.2169903190577,12.7574536103176,217.153574732974,216.736698095231,2015.14480832381,2015.56168496156,1927800000,western_Europe,western_Europe
586,164,0.8646575197853,49.2269603396333,12.8661276783497,49.1320149040988,12.8288327341395,217.570205112984,216.705547593198,2015.11365782178,2015.97831534157,1927800000,western_Europe,western_Europe
586,587,0.686066733057,49.2269603396333,12.8661276783497,49.1916867079526,12.8591804664976,217.391614326255,216.705547593198,2015.11365782178,2015.79972455484,1927800000,western_Europe,western_Europe
587,588,0.4228185833034,49.1916867079526,12.8591804664976,50.2564949179709,13.1185140849047,217.814432909559,217.391614326255,2015.79972455484,2016.22254313814,1927800000,western_Europe,western_Europe
587,165,0.1828264175026,49.1916867079526,12.8591804664976,49.1984035445355,12.8098435935131,217.574440743758,217.391614326255,2015.79972455484,2015.98255097234,1927800000,western_Europe,western_Europe
588,167,0.459499070899,50.2564949179709,13.1185140849047,50.422,13.159,218.273931980458,217.814432909559,2016.22254313814,2016.68204220904,1927800000,western_Europe,western_Europe
588,166,0.4351850248294,50.2564949179709,13.1185140849047,50.123,13.147,218.249617934388,217.814432909559,2016.22254313814,2016.65772816297,1927800000,western_Europe,western_Europe
589,169,0.7625882145622,49.3323486673295,12.7077892377243,49.4055859964144,12.8050303577242,216.974376166693,216.211787952131,2014.61989818071,2015.38248639528,1927800000,western_Europe,western_Europe
589,590,0.5040532295692,49.3323486673295,12.7077892377243,49.3302605334772,12.734496470579,216.7158411817,216.211787952131,2014.61989818071,2015.12395141028,1927800000,western_Europe,western_Europe
590,170,0.2547195928481,49.3302605334772,12.734496470579,48.958108967681,12.644288932176,216.970560774548,216.7158411817,2015.12395141028,2015.37867100313,1927800000,western_Europe,western_Europe
590,171,0.5251230234148,49.3302605334772,12.734496470579,49.3284546617682,12.719305536964,217.240964205115,216.7158411817,2015.12395141028,2015.6490744337,1927800000,western_Europe,western_Europe
591,593,1.000001064507,49.2469359378912,12.3183605869919,49.1459640452065,12.5535999838715,216.744294299498,215.744293234991,2014.15240346357,2015.15240452808,1927800000,western_Europe,western_Europe
591,592,0.8879248775924,49.2469359378912,12.3183605869919,49.2648607276631,12.7746100634739,216.632218112584,215.744293234991,2014.15240346357,2015.04032834117,1927800000,western_Europe,western_Europe
592,174,0.6555357807632,49.2648607276631,12.7746100634739,49.2515,12.7743,217.287753893347,216.632218112584,2015.04032834117,2015.69586412193,1927800000,western_Europe,western_Europe
592,173,0.08230591523868,49.2648607276631,12.7746100634739,49.25145,12.7743,216.714524027822,216.632218112584,2015.04032834117,2015.1226342564,1927800000,western_Europe,western_Europe
593,595,0.328583967497,49.1459640452065,12.5535999838715,49.1082819008184,12.4502640235497,217.072878266995,216.744294299498,2015.15240452808,2015.48098849558,1927800000,western_Europe,western_Europe
593,594,0.3787862569087,49.1459640452065,12.5535999838715,49.2513822523477,12.7120103200564,217.123080556407,216.744294299498,2015.15240452808,2015.53119078499,1927800000,western_Europe,western_Europe
594,176,0.3999777649513,49.2513822523477,12.7120103200564,49.3785942076603,12.9452321585353,217.523058321358,217.123080556407,2015.53119078499,2015.93116854994,1927800000,western_Europe,western_Europe
594,175,0.3273545620204,49.2513822523477,12.7120103200564,49.3241987656563,12.7307978012968,217.450435118427,217.123080556407,2015.53119078499,2015.85854534701,1927800000,western_Europe,western_Europe
595,178,0.3505764193009,49.1082819008184,12.4502640235497,49.0965253653673,12.4947870858251,217.423454686296,217.072878266995,2015.48098849558,2015.83156491488,1927800000,western_Europe,western_Europe
595,177,0.04868565427239,49.1082819008184,12.4502640235497,48.9819610745525,12.557013848202,217.121563921268,217.072878266995,2015.48098849558,2015.52967414985,1927800000,western_Europe,western_Europe
596,179,1.207828329299,49.5102529730802,12.8761991073989,49.3164469369029,13.4196490535106,211.600810794396,210.392982465097,2008.80109269368,2010.00892102298,1927800000,western_Europe,western_Europe
596,180,1.828725940865,49.5102529730802,12.8761991073989,49.758075912405,13.110335496051,212.221708405962,210.392982465097,2008.80109269368,2010.62981863454,1927800000,western_Europe,western_Europe
597,598,1.020920962103,49.2808447516584,12.8224573793247,49.4270682265728,12.9382208375381,209.937876407801,208.916955445698,2007.32506567428,2008.34598663638,1927800000,western_Europe,western_Europe
597,604,0.02641529317449,49.2808447516584,12.8224573793247,49.2809336985036,12.8147361521534,208.943370738872,208.916955445698,2007.32506567428,2007.35148096745,1927800000,western_Europe,western_Europe
598,599,0.8920103422265,49.4270682265728,12.9382208375381,49.3931937170505,12.8755439532375,210.829886750027,209.937876407801,2008.34598663638,2009.23799697861,1927800000,western_Europe,western_Europe
598,602,0.7891555813515,49.4270682265728,12.9382208375381,49.4162568070728,12.8761754238017,210.727031989152,209.937876407801,2008.34598663638,2009.13514221773,1927800000,western_Europe,western_Europe
599,600,0.6373836071286,49.3931937170505,12.8755439532375,49.4005501605498,12.8480842817837,211.467270357156,210.829886750027,2009.23799697861,2009.87538058574,1927800000,western_Europe,western_Europe
599,601,0.7409980186312,49.3931937170505,12.8755439532375,49.3692659333244,13.034059958099,211.570884768658,210.829886750027,2009.23799697861,2009.97899499724,1927800000,western_Europe,western_Europe
600,181,0.3492576975819,49.4005501605498,12.8480842817837,49.3836030327098,12.8192408589882,211.816528054738,211.467270357156,2009.87538058574,2010.22463828332,1927800000,western_Europe,western_Europe
600,182,0.7655883204477,49.4005501605498,12.8480842817837,49.4360333159985,13.1370622750794,212.232858677604,211.467270357156,2009.87538058574,2010.64096890619,1927800000,western_Europe,western_Europe
601,184,0.7438373039648,49.3692659333244,13.034059958099,49.5846135667845,13.1696880135738,212.314722072623,211.570884768658,2009.97899499724,2010.72283230121,1927800000,western_Europe,western_Europe
601,183,0.9105949361709,49.3692659333244,13.034059958099,49.2431416848774,12.9686690017351,212.481479704829,211.570884768658,2009.97899499724,2010.88958993341,1927800000,western_Europe,western_Europe
602,603,4.400055872614,49.4162568070728,12.8761754238017,49.4659399559911,12.850221120479,215.127087861766,210.727031989152,2009.13514221773,2013.53519809035,1927800000,western_Europe,western_Europe
602,185,1.297641826576,49.4162568070728,12.8761754238017,49.5514555839879,12.7900654378061,212.024673815728,210.727031989152,2009.13514221773,2010.43278404431,1927800000,western_Europe,western_Europe
603,187,2.441690323003,49.4659399559911,12.850221120479,49.249841151748,13.1691469830832,217.568778184769,215.127087861766,2013.53519809035,2015.97688841335,1927800000,western_Europe,western_Europe
603,186,1.979856035384,49.4659399559911,12.850221120479,49.3735613432461,12.7607329573246,217.10694389715,215.127087861766,2013.53519809035,2015.51505412573,1927800000,western_Europe,western_Europe
604,605,1.324628066627,49.2809336985036,12.8147361521534,49.2416598128729,12.8120552842714,210.267998805499,208.943370738872,2007.35148096745,2008.67610903408,1927800000,western_Europe,western_Europe
604,190,2.854139030823,49.2809336985036,12.8147361521534,49.30098,12.86018,211.797509769695,208.943370738872,2007.35148096745,2010.20561999828,1927800000,western_Europe,western_Europe
605,189,6.539079961333,49.2416598128729,12.8120552842714,49.3311,12.9698,216.807078766832,210.267998805499,2008.67610903408,2015.21518899541,1927800000,western_Europe,western_Europe
605,188,2.218410275762,49.2416598128729,12.8120552842714,49.2762,12.795,212.486409081261,210.267998805499,2008.67610903408,2010.89451930984,1927800000,western_Europe,western_Europe
606,607,7.300933773729,49.5621214504419,13.0828966612882,49.3241843227239,13.1614068212979,181.572520944615,174.271587170886,1972.67969739947,1979.9806311732,1927800000,western_Europe,western_Europe
606,657,2.316314454774,49.5621214504419,13.0828966612882,49.2472211135846,16.3098596430335,176.58790162566,174.271587170886,1972.67969739947,1974.99601185424,1927800000,western_Europe,western_Europe
607,608,23.84325498368,49.3241843227239,13.1614068212979,50.0276429633097,12.9058880358375,205.415775928295,181.572520944615,1979.9806311732,2003.82388615688,1927800000,western_Europe,western_Europe
607,191,33.21161434338,49.3241843227239,13.1614068212979,46.052027119029,14.6289978304933,214.784135287995,181.572520944615,1979.9806311732,2013.19224551658,1927800000,western_Europe,western_Europe
608,609,1.383619379856,50.0276429633097,12.9058880358375,50.1772223769572,12.6840293721479,206.799395308151,205.415775928295,2003.82388615688,2005.20750553673,1927800000,western_Europe,western_Europe
608,628,4.802458400892,50.0276429633097,12.9058880358375,50.0078590608782,12.7973907553468,210.218234329187,205.415775928295,2003.82388615688,2008.62634455777,1927800000,western_Europe,western_Europe
609,610,5.13300595517,50.1772223769572,12.6840293721479,50.1904901811809,12.8190630385652,211.932401263321,206.799395308151,2005.20750553673,2010.3405114919,1927800000,western_Europe,western_Europe
609,211,1.514807389823,50.1772223769572,12.6840293721479,50.8843,14.1208,208.314202697974,206.799395308151,2005.20750553673,2006.72231292656,1927800000,western_Europe,western_Europe
610,619,2.713757755356,50.1904901811809,12.8190630385652,50.284133052438,13.0816326668965,214.646159018677,211.932401263321,2010.3405114919,2013.05426924726,1927800000,western_Europe,western_Europe
610,611,1.452966970152,50.1904901811809,12.8190630385652,50.2873992913927,12.6993476719854,213.385368233473,211.932401263321,2010.3405114919,2011.79347846205,1927800000,western_Europe,western_Europe
611,612,0.7550007136838,50.2873992913927,12.6993476719854,50.1952175678914,12.9541197873375,214.140368947157,213.385368233473,2011.79347846205,2012.54847917574,1927800000,western_Europe,western_Europe
611,614,1.280202268048,50.2873992913927,12.6993476719854,50.2441968837027,12.2669199731518,214.665570501521,213.385368233473,2011.79347846205,2013.0736807301,1927800000,western_Europe,western_Europe
612,613,1.537296038484,50.1952175678914,12.9541197873375,50.2298455374253,13.0462280115663,215.677664985641,214.140368947157,2012.54847917574,2014.08577521422,1927800000,western_Europe,western_Europe
612,192,2.213317872782,50.1952175678914,12.9541197873375,50.2374,12.95021,216.353686819939,214.140368947157,2012.54847917574,2014.76179704852,1927800000,western_Europe,western_Europe
613,194,0.4572983686745,50.2298455374253,13.0462280115663,50.2720138970909,12.9217707866674,216.134963354315,215.677664985641,2014.08577521422,2014.5430735829,1927800000,western_Europe,western_Europe
613,193,0.8036472882157,50.2298455374253,13.0462280115663,50.2786404136429,13.1593560694449,216.481312273856,215.677664985641,2014.08577521422,2014.88942250244,1927800000,western_Europe,western_Europe
614,615,0.2573588914577,50.2441968837027,12.2669199731518,50.2527538673691,12.2508657058304,214.922929392978,214.665570501521,2013.0736807301,2013.33103962156,1927800000,western_Europe,western_Europe
614,200,1.699073558198,50.2441968837027,12.2669199731518,50.21498,12.21661,216.364644059719,214.665570501521,2013.0736807301,2014.7727542883,1927800000,western_Europe,western_Europe
615,199,2.293369639645,50.2527538673691,12.2508657058304,50.1932833388086,12.1959000571573,217.216299032623,214.922929392978,2013.33103962156,2015.62440926121,1927800000,western_Europe,western_Europe
615,616,0.1069898126722,50.2527538673691,12.2508657058304,50.2177517148723,12.2837060074809,215.029919205651,214.922929392978,2013.33103962156,2013.43802943423,1927800000,western_Europe,western_Europe
616,617,1.654035782694,50.2177517148723,12.2837060074809,50.3803093811467,12.1234612570088,216.683954988345,215.029919205651,2013.43802943423,2015.09206521693,1927800000,western_Europe,western_Europe
616,195,2.266812738253,50.2177517148723,12.2837060074809,50.1198895387939,12.3322839413599,217.296731943904,215.029919205651,2013.43802943423,2015.70484217249,1927800000,western_Europe,western_Europe
617,618,0.159518510385,50.3803093811467,12.1234612570088,50.372781794033,12.1255911360419,216.84347349873,216.683954988345,2015.09206521693,2015.25158372731,1927800000,western_Europe,western_Europe
617,198,0.8131245625633,50.3803093811467,12.1234612570088,50.3534099644889,12.173603050249,217.497079550908,216.683954988345,2015.09206521693,2015.90518977949,1927800000,western_Europe,western_Europe
618,196,0.4708427895395,50.372781794033,12.1255911360419,50.3908340591207,12.1197175112079,217.314316288269,216.84347349873,2015.25158372731,2015.72242651685,1927800000,western_Europe,western_Europe
618,197,0.00399088006873,50.372781794033,12.1255911360419,50.3695981970627,12.1260727670986,216.847464378798,216.84347349873,2015.25158372731,2015.25557460738,1927800000,western_Europe,western_Europe
619,620,0.2773590203261,50.284133052438,13.0816326668965,50.1243786341284,13.1623881475806,214.923518039003,214.646159018677,2013.05426924726,2013.33162826758,1927800000,western_Europe,western_Europe
619,201,1.738944082146,50.284133052438,13.0816326668965,50.1488,13.27791,216.385103100823,214.646159018677,2013.05426924726,2014.7932133294,1927800000,western_Europe,western_Europe
620,621,0.0973229673207,50.1243786341284,13.1623881475806,50.0970014907532,13.2288132114647,215.020841006324,214.923518039003,2013.33162826758,2013.42895123491,1927800000,western_Europe,western_Europe
620,623,0.1250516787262,50.1243786341284,13.1623881475806,50.1157085183595,13.1569909391891,215.048569717729,214.923518039003,2013.33162826758,2013.45667994631,1927800000,western_Europe,western_Europe
621,204,1.062544768153,50.0970014907532,13.2288132114647,50.1219967390783,13.2522251695925,216.083385774477,215.020841006324,2013.42895123491,2014.49149600306,1927800000,western_Europe,western_Europe
621,622,0.4377403191763,50.0970014907532,13.2288132114647,49.995386868253,13.2279446875109,215.4585813255,215.020841006324,2013.42895123491,2013.86669155408,1927800000,western_Europe,western_Europe
622,203,0.2155100844239,49.995386868253,13.2279446875109,50.0171203159746,13.2207589873716,215.674091409924,215.4585813255,2013.86669155408,2014.08220163851,1927800000,western_Europe,western_Europe
622,202,0.6821284091086,49.995386868253,13.2279446875109,50.3482067951695,13.1923367216327,216.140709734608,215.4585813255,2013.86669155408,2014.54881996319,1927800000,western_Europe,western_Europe
623,624,0.3124631774071,50.1157085183595,13.1569909391891,50.1350804330073,13.18027247018,215.361032895136,215.048569717729,2013.45667994631,2013.76914312372,1927800000,western_Europe,western_Europe
623,210,1.306267709974,50.1157085183595,13.1569909391891,50.12904,13.16651,216.354837427703,215.048569717729,2013.45667994631,2014.76294765628,1927800000,western_Europe,western_Europe
624,627,0.4900705565128,50.1350804330073,13.18027247018,50.050250539043,13.0310444632104,215.851103451649,215.361032895136,2013.76914312372,2014.25921368023,1927800000,western_Europe,western_Europe
624,625,0.519884907635,50.1350804330073,13.18027247018,50.2009742519659,13.158387780415,215.880917802771,215.361032895136,2013.76914312372,2014.28902803135,1927800000,western_Europe,western_Europe
625,205,0.06682357520205,50.2009742519659,13.158387780415,50.2649963954176,13.0848209156213,215.947741377973,215.880917802771,2014.28902803135,2014.35585160656,1927800000,western_Europe,western_Europe
625,626,0.1802722840223,50.2009742519659,13.158387780415,50.1664198228206,13.1766359550713,216.061190086793,215.880917802771,2014.28902803135,2014.46930031538,1927800000,western_Europe,western_Europe
626,207,0.5165900459556,50.1664198228206,13.1766359550713,50.1355,13.17225,216.577780132749,216.061190086793,2014.46930031538,2014.98589036133,1927800000,western_Europe,western_Europe
626,206,0.4371451256093,50.1664198228206,13.1766359550713,50.0231581274779,13.136532624096,216.498335212403,216.061190086793,2014.46930031538,2014.90644544098,1927800000,western_Europe,western_Europe
627,208,0.4640777921366,50.050250539043,13.0310444632104,49.9265274565855,12.9940780365959,216.315181243786,215.851103451649,2014.25921368023,2014.72329147237,1927800000,western_Europe,western_Europe
627,209,0.5004679079818,50.050250539043,13.0310444632104,50.0579649467046,13.0216751576138,216.351571359631,215.851103451649,2014.25921368023,2014.75968158821,1927800000,western_Europe,western_Europe
628,652,1.472578229264,50.0078590608782,12.7973907553468,50.0639957864081,12.7805207812417,211.690812558451,210.218234329187,2008.62634455777,2010.09892278703,1927800000,western_Europe,western_Europe
628,629,1.320502902304,50.0078590608782,12.7973907553468,50.093839520161,12.2954623868365,211.538737231491,210.218234329187,2008.62634455777,2009.94684746007,1927800000,western_Europe,western_Europe
629,630,1.384966598237,50.093839520161,12.2954623868365,50.039097778094,12.1917621709638,212.923703829728,211.538737231491,2009.94684746007,2011.33181405831,1927800000,western_Europe,western_Europe
629,638,0.1904836227253,50.093839520161,12.2954623868365,50.1264561541048,12.2888797039991,211.729220854216,211.538737231491,2009.94684746007,2010.1373310828,1927800000,western_Europe,western_Europe
630,631,0.6461057242936,50.039097778094,12.1917621709638,50.0589211149933,12.236040023694,213.569809554021,212.923703829728,2011.33181405831,2011.9779197826,1927800000,western_Europe,western_Europe
630,636,2.406773642149,50.039097778094,12.1917621709638,50.1404050531139,12.2642951788861,215.330477471877,212.923703829728,2011.33181405831,2013.73858770046,1927800000,western_Europe,western_Europe
631,632,1.771498303181,50.0589211149933,12.236040023694,50.1016759548469,12.194789018291,215.341307857202,213.569809554021,2011.9779197826,2013.74941808578,1927800000,western_Europe,western_Europe
631,217,3.226576532356,50.0589211149933,12.236040023694,49.8452449243495,12.0905596529702,216.796386086377,213.569809554021,2011.9779197826,2015.20449631496,1927800000,western_Europe,western_Europe
632,633,1.364709977161,50.1016759548469,12.194789018291,50.0868417659404,12.180860088186,216.706017834363,215.341307857202,2013.74941808578,2015.11412806295,1927800000,western_Europe,western_Europe
632,216,1.791212512065,50.1016759548469,12.194789018291,50.2629124040337,12.1599020898907,217.132520369267,215.341307857202,2013.74941808578,2015.54063059785,1927800000,western_Europe,western_Europe
633,635,0.1389361143072,50.0868417659404,12.180860088186,50.0888404517942,12.1480562906316,216.844953948671,216.706017834363,2015.11412806295,2015.25306417725,1927800000,western_Europe,western_Europe
633,634,0.5380348815337,50.0868417659404,12.180860088186,49.3265863411296,13.1078792864733,217.244052715897,216.706017834363,2015.11412806295,2015.65216294448,1927800000,western_Europe,western_Europe
634,212,1.281032515312,49.3265863411296,13.1078792864733,49.123,13.896,218.525085231209,217.244052715897,2015.65216294448,2016.93319545979,1927800000,western_Europe,western_Europe
634,213,0.7714361502651,49.3265863411296,13.1078792864733,49.321,13.123,218.015488866162,217.244052715897,2015.65216294448,2016.42359909474,1927800000,western_Europe,western_Europe
635,214,0.5574814595573,50.0888404517942,12.1480562906316,50.0208059897191,12.0096614369779,217.402435408228,216.844953948671,2015.25306417725,2015.81054563681,1927800000,western_Europe,western_Europe
635,215,0.590696552829,50.0888404517942,12.1480562906316,50.0879,12.2191,217.4356505015,216.844953948671,2015.25306417725,2015.84376073008,1927800000,western_Europe,western_Europe
636,637,0.1304194117948,50.1404050531139,12.2642951788861,50.1808373102588,12.248264944907,215.460896883672,215.330477471877,2013.73858770046,2013.86900711225,1927800000,western_Europe,western_Europe
636,220,1.875020411808,50.1404050531139,12.2642951788861,50.1635825200879,12.3969468263334,217.205497883685,215.330477471877,2013.73858770046,2015.61360811227,1927800000,western_Europe,western_Europe
637,218,1.211236017943,50.1808373102588,12.248264944907,50.3187987073562,12.1001716055214,216.672132901615,215.460896883672,2013.86900711225,2015.0802431302,1927800000,western_Europe,western_Europe
637,219,1.749984162083,50.1808373102588,12.248264944907,50.1961943679789,12.2502713117788,217.210881045755,215.460896883672,2013.86900711225,2015.61899127434,1927800000,western_Europe,western_Europe
638,639,0.4916579873074,50.1264561541048,12.2888797039991,50.1135681581629,12.328062194937,212.220878841523,211.729220854216,2010.1373310828,2010.62898907011,1927800000,western_Europe,western_Europe
638,645,1.839568492619,50.1264561541048,12.2888797039991,50.0994276051977,12.3037012855992,213.568789346835,211.729220854216,2010.1373310828,2011.97689957542,1927800000,western_Europe,western_Europe
639,221,2.415642204898,50.1135681581629,12.328062194937,50.1347,12.4117,214.636521046421,212.220878841523,2010.62898907011,2013.044631275,1927800000,western_Europe,western_Europe
639,640,1.204277406612,50.1135681581629,12.328062194937,50.1232974162329,12.3026894536587,213.425156248135,212.220878841523,2010.62898907011,2011.83326647672,1927800000,western_Europe,western_Europe
640,641,1.077229298333,50.1232974162329,12.3026894536587,49.965733333684,12.269772329119,214.502385546468,213.425156248135,2011.83326647672,2012.91049577505,1927800000,western_Europe,western_Europe
640,643,0.07397556258534,50.1232974162329,12.3026894536587,49.9736669467298,12.4010575356346,213.499131810721,213.425156248135,2011.83326647672,2011.9072420393,1927800000,western_Europe,western_Europe
641,642,0.3753577742291,49.965733333684,12.269772329119,49.9798757329826,12.3250508358258,214.877743320698,214.502385546468,2012.91049577505,2013.28585354928,1927800000,western_Europe,western_Europe
641,222,0.9262093536988,49.965733333684,12.269772329119,50.1226,12.4236,215.428594900167,214.502385546468,2012.91049577505,2013.83670512875,1927800000,western_Europe,western_Europe
642,223,0.04759229241387,49.9798757329826,12.3250508358258,49.9838543530331,12.3219823376144,214.925335613111,214.877743320698,2013.28585354928,2013.33344584169,1927800000,western_Europe,western_Europe
642,224,0.4951161735293,49.9798757329826,12.3250508358258,49.9989646309513,12.2955571046485,215.372859494227,214.877743320698,2013.28585354928,2013.78096972281,1927800000,western_Europe,western_Europe
643,644,1.18504063402,49.9736669467298,12.4010575356346,49.9672075065589,12.3659828589232,214.684172444741,213.499131810721,2011.9072420393,2013.09228267332,1927800000,western_Europe,western_Europe
643,225,1.159553467638,49.9736669467298,12.4010575356346,50.1357,12.3403,214.658685278359,213.499131810721,2011.9072420393,2013.06679550694,1927800000,western_Europe,western_Europe
644,227,1.681079950329,49.9672075065589,12.3659828589232,49.9058855196953,12.4102574261672,216.36525239507,214.684172444741,2013.09228267332,2014.77336262365,1927800000,western_Europe,western_Europe
644,226,1.54144084538,49.9672075065589,12.3659828589232,49.9217695373005,12.2564919869228,216.225613290121,214.684172444741,2013.09228267332,2014.6337235187,1927800000,western_Europe,western_Europe
645,646,0.3320455687364,50.0994276051977,12.3037012855992,50.1293273614575,12.3728220329773,213.900834915571,213.568789346835,2011.97689957542,2012.30894514415,1927800000,western_Europe,western_Europe
645,647,2.139600132823,50.0994276051977,12.3037012855992,50.1046518619029,12.1988837633551,215.708389479658,213.568789346835,2011.97689957542,2014.11649970824,1927800000,western_Europe,western_Europe
646,229,2.938743283259,50.1293273614575,12.3728220329773,50.02705,12.32226,216.83957819883,213.900834915571,2012.30894514415,2015.24768842741,1927800000,western_Europe,western_Europe
646,228,2.850739526124,50.1293273614575,12.3728220329773,49.9835,12.27356,216.751574441695,213.900834915571,2012.30894514415,2015.15968467028,1927800000,western_Europe,western_Europe
647,648,0.2648370563503,50.1046518619029,12.1988837633551,50.0970623123495,12.2478186606173,215.973226536008,215.708389479658,2014.11649970824,2014.38133676459,1927800000,western_Europe,western_Europe
647,649,0.5052698113033,50.1046518619029,12.1988837633551,50.0751901334273,12.1462475491944,216.213659290961,215.708389479658,2014.11649970824,2014.62176951954,1927800000,western_Europe,western_Europe
648,230,0.6896670102958,50.0970623123495,12.2478186606173,50.1504776441669,12.2720213653099,216.662893546304,215.973226536008,2014.38133676459,2015.07100377489,1927800000,western_Europe,western_Europe
648,231,0.4105849424879,50.0970623123495,12.2478186606173,50.0268,12.2033,216.383811478496,215.973226536008,2014.38133676459,2014.79192170708,1927800000,western_Europe,western_Europe
649,651,0.2395393895105,50.0751901334273,12.1462475491944,50.0550776219185,12.0452410877922,216.453198680472,216.213659290961,2014.62176951954,2014.86130890905,1927800000,western_Europe,western_Europe
649,650,0.9042638283927,50.0751901334273,12.1462475491944,50.1870249528082,12.3230898019748,217.117923119354,216.213659290961,2014.62176951954,2015.52603334794,1927800000,western_Europe,western_Europe
650,233,0.9121200723823,50.1870249528082,12.3230898019748,50.951,13.748,218.030043191736,217.117923119354,2015.52603334794,2016.43815342032,1927800000,western_Europe,western_Europe
650,232,0.1139859793804,50.1870249528082,12.3230898019748,50.2044367290008,12.3170141727343,217.231909098734,217.117923119354,2015.52603334794,2015.64001932732,1927800000,western_Europe,western_Europe
651,235,1.000441488479,50.0550776219185,12.0452410877922,50.1174002413211,12.0161554294819,217.453640168951,216.453198680472,2014.86130890905,2015.86175039753,1927800000,western_Europe,western_Europe
651,234,0.5320526405953,50.0550776219185,12.0452410877922,50.065474383001,11.9971691108516,216.985251321067,216.453198680472,2014.86130890905,2015.39336154965,1927800000,western_Europe,western_Europe
652,656,0.8170250441145,50.0639957864081,12.7805207812417,50.0698443071045,12.7756702486299,212.507837602565,211.690812558451,2010.09892278703,2010.91594783115,1927800000,western_Europe,western_Europe
652,653,0.004482499343744,50.0639957864081,12.7805207812417,50.0640589127587,12.7799638156185,211.695295057794,211.690812558451,2010.09892278703,2010.10340528638,1927800000,western_Europe,western_Europe
653,239,2.920986598113,50.0640589127587,12.7799638156185,50.0599,12.7258,214.616281655907,211.695295057794,2010.10340528638,2013.02439188449,1927800000,western_Europe,western_Europe
653,654,1.481610878844,50.0640589127587,12.7799638156185,50.0493622143944,12.7701165758987,213.176905936638,211.695295057794,2010.10340528638,2011.58501616522,1927800000,western_Europe,western_Europe
654,238,2.217460281019,50.0493622143944,12.7701165758987,50.1956155349793,12.9496344058379,215.394366217657,213.176905936638,2011.58501616522,2013.80247644624,1927800000,western_Europe,western_Europe
654,655,0.8134113434032,50.0493622143944,12.7701165758987,50.0052447632215,12.7746607329698,213.990317280042,213.176905936638,2011.58501616522,2012.39842750862,1927800000,western_Europe,western_Europe
655,237,0.748963725016,50.0052447632215,12.7746607329698,49.9289781355485,12.8705493993097,214.739281005058,213.990317280042,2012.39842750862,2013.14739123364,1927800000,western_Europe,western_Europe
655,236,1.414513457475,50.0052447632215,12.7746607329698,50.3902821639729,12.4737355910778,215.404830737517,213.990317280042,2012.39842750862,2013.8129409661,1927800000,western_Europe,western_Europe
656,240,2.224655954013,50.0698443071045,12.7756702486299,50.2650222175553,13.0078846483032,214.732493556578,212.507837602565,2010.91594783115,2013.14060378516,1927800000,western_Europe,western_Europe
656,241,2.137522140827,50.0698443071045,12.7756702486299,49.9492422392315,12.945134661544,214.645359743392,212.507837602565,2010.91594783115,2013.05346997197,1927800000,western_Europe,western_Europe
657,658,5.283853193672,49.2472211135846,16.3098596430335,48.9362107201379,16.2654596713464,181.871754819332,176.58790162566,1974.99601185424,1980.27986504791,1927800000,western_Europe,western_Europe
657,670,1.185913344916,49.2472211135846,16.3098596430335,49.1944790403405,16.3012882298111,177.773814970576,176.58790162566,1974.99601185424,1976.18192519916,1927800000,western_Europe,western_Europe
658,659,3.802611468053,48.9362107201379,16.2654596713464,49.7097499864731,17.9387019732419,185.674366287385,181.871754819332,1980.27986504791,1984.08247651597,1927800000,western_Europe,western_Europe
658,666,7.080530562814,48.9362107201379,16.2654596713464,48.8479461981723,15.5988672216821,188.952285382146,181.871754819332,1980.27986504791,1987.36039561073,1927800000,western_Europe,western_Europe
659,660,1.561550043824,49.7097499864731,17.9387019732419,49.2197979699588,17.4153555200697,187.235916331209,185.674366287385,1984.08247651597,1985.64402655979,1927800000,western_Europe,western_Europe
659,665,25.83655951974,49.7097499864731,17.9387019732419,49.6499840558608,13.3112992250712,211.510925807125,185.674366287385,1984.08247651597,2009.91903603571,1927800000,western_Europe,western_Europe
660,661,3.611198647863,49.2197979699588,17.4153555200697,49.1961841502083,17.3946758405633,190.847114979072,187.235916331209,1985.64402655979,1989.25522520765,1927800000,western_Europe,western_Europe
660,662,4.43734444959,49.2197979699588,17.4153555200697,49.3149781887573,16.7126944669933,191.673260780799,187.235916331209,1985.64402655979,1990.08137100938,1927800000,western_Europe,western_Europe
661,242,4.802550250864,49.1961841502083,17.3946758405633,49.0197009190034,17.502316957692,195.649665229936,190.847114979072,1989.25522520765,1994.05777545852,1927800000,western_Europe,western_Europe
661,243,4.747497187485,49.1961841502083,17.3946758405633,48.9764534653355,17.8688247239913,195.594612166557,190.847114979072,1989.25522520765,1994.00272239514,1927800000,western_Europe,western_Europe
662,663,2.782267291228,49.3149781887573,16.7126944669933,49.3247073642331,16.8948593469722,194.455528072027,191.673260780799,1990.08137100938,1992.86363830061,1927800000,western_Europe,western_Europe
662,664,3.588524067282,49.3149781887573,16.7126944669933,49.3934209519789,16.6861336027421,195.261784848081,191.673260780799,1990.08137100938,1993.66989507666,1927800000,western_Europe,western_Europe
663,244,1.947954054099,49.3247073642331,16.8948593469722,49.1575369146807,16.7056398894308,196.403482126126,194.455528072027,1992.86363830061,1994.81159235471,1927800000,western_Europe,western_Europe
663,245,1.571024532829,49.3247073642331,16.8948593469722,49.4277682913172,16.8401363178585,196.026552604856,194.455528072027,1992.86363830061,1994.43466283344,1927800000,western_Europe,western_Europe
664,247,0.8080805376959,49.3934209519789,16.6861336027421,49.3981017294554,16.4394257747284,196.069865385777,195.261784848081,1993.66989507666,1994.47797561436,1927800000,western_Europe,western_Europe
664,246,1.934831101567,49.3934209519789,16.6861336027421,49.2193546923405,16.72909801546,197.196615949648,195.261784848081,1993.66989507666,1995.60472617823,1927800000,western_Europe,western_Europe
665,249,0.1749676416798,49.6499840558608,13.3112992250712,49.6420812801961,13.3649947292498,211.685893448805,211.510925807125,2009.91903603571,2010.09400367739,1927800000,western_Europe,western_Europe
665,248,0.2474001762802,49.6499840558608,13.3112992250712,49.7757673406691,13.2516661978983,211.758325983405,211.510925807125,2009.91903603571,2010.16643621199,1927800000,western_Europe,western_Europe
666,668,6.991973034366,48.8479461981723,15.5988672216821,48.8258010975705,15.4220950238932,195.944258416512,188.952285382146,1987.36039561073,1994.35236864509,1927800000,western_Europe,western_Europe
666,667,6.625421518417,48.8479461981723,15.5988672216821,48.4362318245135,17.2523399905999,195.577706900563,188.952285382146,1987.36039561073,1993.98581712914,1927800000,western_Europe,western_Europe
667,250,0.3760045846034,48.4362318245135,17.2523399905999,48.0329547740334,17.180361964857,195.953711485166,195.577706900563,1993.98581712914,1994.36182171375,1927800000,western_Europe,western_Europe
667,251,0.6334433031251,48.4362318245135,17.2523399905999,48.4032545339367,17.2482712082613,196.211150203688,195.577706900563,1993.98581712914,1994.61926043227,1927800000,western_Europe,western_Europe
668,252,1.497476803743,48.8258010975705,15.4220950238932,48.3967374731689,13.9016393850213,197.441735220255,195.944258416512,1994.35236864509,1995.84984544884,1927800000,western_Europe,western_Europe
668,669,3.90090726838,48.8258010975705,15.4220950238932,48.584107768877,15.2395173069993,199.845165684892,195.944258416512,1994.35236864509,1998.25327591347,1927800000,western_Europe,western_Europe
669,254,10.63717973268,48.584107768877,15.2395173069993,48.8187594889694,15.5960609007054,210.482345417572,199.845165684892,1998.25327591347,2008.89045564615,1927800000,western_Europe,western_Europe
669,253,10.18020912606,48.584107768877,15.2395173069993,48.6459882181163,15.2966575943862,210.025374810952,199.845165684892,1998.25327591347,2008.43348503953,1927800000,western_Europe,western_Europe
670,255,39.07105725254,49.1944790403405,16.3012882298111,49.54,17.33,216.844872223116,177.773814970576,1976.18192519916,2015.2529824517,1927800000,western_Europe,western_Europe
670,671,16.21469043331,49.1944790403405,16.3012882298111,48.2251008072596,14.0293650281429,193.988505403886,177.773814970576,1976.18192519916,1992.39661563247,1927800000,western_Europe,western_Europe
671,256,2.66433896383,48.2251008072596,14.0293650281429,48.2552721130839,14.0228329703387,196.652844367716,193.988505403886,1992.39661563247,1995.0609545963,1927800000,western_Europe,western_Europe
671,672,0.2750947528021,48.2251008072596,14.0293650281429,48.1932486171863,14.0675699322621,194.263600156688,193.988505403886,1992.39661563247,1992.67171038527,1927800000,western_Europe,western_Europe
672,258,2.886868310135,48.1932486171863,14.0675699322621,48.2078860822397,13.8707051415953,197.150468466823,194.263600156688,1992.67171038527,1995.5585786954,1927800000,western_Europe,western_Europe
672,257,3.237829235235,48.1932486171863,14.0675699322621,48.2830268558689,14.1969639042481,197.501429391923,194.263600156688,1992.67171038527,1995.9095396205,1927800000,western_Europe,western_Europe
673,675,6.121570853428,49.7821029947682,12.4027420373898,49.8112511703157,12.4589178870767,161.726786612937,155.605215759509,1954.01332598809,1960.13489684152,1927800000,western_Europe,western_Europe
673,674,12.65291026809,49.7821029947682,12.4027420373898,47.1805147465935,7.7133062169344,168.258126027599,155.605215759509,1954.01332598809,1966.66623625618,1927800000,western_Europe,western_Europe
674,259,50.26914538184,47.1805147465935,7.7133062169344,47.11,7.597,218.527271409439,168.258126027599,1966.66623625618,2016.93538163802,1927800000,western_Europe,western_Europe
674,260,42.42984864008,47.1805147465935,7.7133062169344,46.8181,8.2275,210.687974667679,168.258126027599,1966.66623625618,2009.09608489626,1927800000,western_Europe,western_Europe
675,718,6.672598872989,49.8112511703157,12.4589178870767,49.7004750114756,12.2480314848563,168.399385485926,161.726786612937,1960.13489684152,1966.80749571451,1927800000,western_Europe,western_Europe
675,676,38.39615342278,49.8112511703157,12.4589178870767,50.3251155941304,12.1130767132785,200.122940035717,161.726786612937,1960.13489684152,1998.5310502643,1927800000,western_Europe,western_Europe
676,715,5.132513368904,50.3251155941304,12.1130767132785,50.5433188959357,8.78621574372294,205.255453404621,200.122940035717,1998.5310502643,2003.6635636332,1927800000,western_Europe,western_Europe
676,677,8.681815966163,50.3251155941304,12.1130767132785,50.1066846471469,12.0779606210861,208.80475600188,200.122940035717,1998.5310502643,2007.21286623046,1927800000,western_Europe,western_Europe
677,710,5.312550276861,50.1066846471469,12.0779606210861,50.0693616005801,12.0120696893777,214.117306278741,208.80475600188,2007.21286623046,2012.52541650732,1927800000,western_Europe,western_Europe
677,678,0.1775470292583,50.1066846471469,12.0779606210861,50.0954273339785,12.0293644650195,208.982303031138,208.80475600188,2007.21286623046,2007.39041325972,1927800000,western_Europe,western_Europe
678,261,6.752953314997,50.0954273339785,12.0293644650195,50.0962612500828,12.3046059392699,215.735256346135,208.982303031138,2007.39041325972,2014.14336657472,1927800000,western_Europe,western_Europe
678,679,2.498084212347,50.0954273339785,12.0293644650195,50.1273915286511,11.9421846996863,211.480387243485,208.982303031138,2007.39041325972,2009.88849747207,1927800000,western_Europe,western_Europe
679,680,0.354077435705,50.1273915286511,11.9421846996863,50.1035289700311,11.9270116845563,211.83446467919,211.480387243485,2009.88849747207,2010.24257490777,1927800000,western_Europe,western_Europe
679,681,1.201046299294,50.1273915286511,11.9421846996863,50.1527372994925,11.9512409963209,212.681433542779,211.480387243485,2009.88849747207,2011.08954377136,1927800000,western_Europe,western_Europe
680,263,3.817953393311,50.1035289700311,11.9270116845563,50.19249,11.87774,215.652418072501,211.83446467919,2010.24257490777,2014.06052830108,1927800000,western_Europe,western_Europe
680,262,4.724122014927,50.1035289700311,11.9270116845563,50.20995,11.72279,216.558586694117,211.83446467919,2010.24257490777,2014.9666969227,1927800000,western_Europe,western_Europe
681,706,1.518367220684,50.1527372994925,11.9512409963209,49.9983531612293,11.9369485091545,214.199800763463,212.681433542779,2011.08954377136,2012.60791099204,1927800000,western_Europe,western_Europe
681,682,1.106840815029,50.1527372994925,11.9512409963209,50.0702469201216,12.0059428611372,213.788274357808,212.681433542779,2011.08954377136,2012.19638458639,1927800000,western_Europe,western_Europe
682,683,0.226458926036,50.0702469201216,12.0059428611372,50.0403708440178,11.9799350802879,214.014733283844,213.788274357808,2012.19638458639,2012.42284351243,1927800000,western_Europe,western_Europe
682,685,0.1031475267396,50.0702469201216,12.0059428611372,50.0719386779774,12.01990879055,213.891421884548,213.788274357808,2012.19638458639,2012.29953211313,1927800000,western_Europe,western_Europe
683,684,1.28686254534,50.0403708440178,11.9799350802879,49.9456099021218,12.0024291691806,215.301595829184,214.014733283844,2012.42284351243,2013.70970605777,1927800000,western_Europe,western_Europe
683,264,1.975717955303,50.0403708440178,11.9799350802879,50.094478535179,11.8586927340528,215.990451239147,214.014733283844,2012.42284351243,2014.39856146773,1927800000,western_Europe,western_Europe
684,265,2.49736030596,49.9456099021218,12.0024291691806,50.712,13.586,217.798956135144,215.301595829184,2013.70970605777,2016.20706636373,1927800000,western_Europe,western_Europe
684,266,0.6296578423068,49.9456099021218,12.0024291691806,49.9760698778223,11.9693433736628,215.931253671491,215.301595829184,2013.70970605777,2014.33936390007,1927800000,western_Europe,western_Europe
685,704,0.4509639523412,50.0719386779774,12.01990879055,50.0296552412714,12.0390476289722,214.342385836889,213.891421884548,2012.29953211313,2012.75049606547,1927800000,western_Europe,western_Europe
685,686,0.6570830350315,50.0719386779774,12.01990879055,50.0584370747031,11.9747092455172,214.548504919579,213.891421884548,2012.29953211313,2012.95661514816,1927800000,western_Europe,western_Europe
686,687,0.7176658575625,50.0584370747031,11.9747092455172,50.0397917373661,12.0604294927579,215.266170777142,214.548504919579,2012.95661514816,2013.67428100572,1927800000,western_Europe,western_Europe
686,688,0.5026339123592,50.0584370747031,11.9747092455172,50.0384576204282,12.0281540935558,215.051138831938,214.548504919579,2012.95661514816,2013.45924906052,1927800000,western_Europe,western_Europe
687,267,1.517625178657,50.0397917373661,12.0604294927579,50.05793,12.12818,216.783795955799,215.266170777142,2013.67428100572,2015.19190618438,1927800000,western_Europe,western_Europe
687,268,0.7044063966727,50.0397917373661,12.0604294927579,50.0615396712834,11.8097937390265,215.970577173814,215.266170777142,2013.67428100572,2014.3786874024,1927800000,western_Europe,western_Europe
688,269,2.981075097373,50.0384576204282,12.0281540935558,49.156,12.427,218.032213929311,215.051138831938,2013.45924906052,2016.44032415789,1927800000,western_Europe,western_Europe
688,689,0.3646851522044,50.0384576204282,12.0281540935558,49.9991416338725,12.0338251584813,215.415823984143,215.051138831938,2013.45924906052,2013.82393421272,1927800000,western_Europe,western_Europe
689,692,0.02277478451222,49.9991416338725,12.0338251584813,49.9983388639309,12.0270144110983,215.438598768655,215.415823984143,2013.82393421272,2013.84670899724,1927800000,western_Europe,western_Europe
689,690,0.2674171979685,49.9991416338725,12.0338251584813,50.0252809343647,12.0419298026782,215.683241182111,215.415823984143,2013.82393421272,2014.09135141069,1927800000,western_Europe,western_Europe
690,272,1.192466154955,50.0252809343647,12.0419298026782,50.0450039756727,12.0694278344531,216.875707337066,215.683241182111,2014.09135141069,2015.28381756565,1927800000,western_Europe,western_Europe
690,691,0.5189424901803,50.0252809343647,12.0419298026782,50.0786586993096,12.1781656759734,216.202183672292,215.683241182111,2014.09135141069,2014.61029390087,1927800000,western_Europe,western_Europe
691,270,0.9830966101851,50.0786586993096,12.1781656759734,50.1360534059257,11.9291835216809,217.185280282477,216.202183672292,2014.61029390087,2015.59339051106,1927800000,western_Europe,western_Europe
691,271,1.091050701682,50.0786586993096,12.1781656759734,50.0496654654525,12.3359503632892,217.293234373974,216.202183672292,2014.61029390087,2015.70134460256,1927800000,western_Europe,western_Europe
692,693,0.02308685649229,49.9983388639309,12.0270144110983,49.9993685191624,12.0216251690335,215.461685625147,215.438598768655,2013.84670899724,2013.86979585373,1927800000,western_Europe,western_Europe
692,703,1.365125622515,49.9983388639309,12.0270144110983,50.0852253745647,11.9728818156464,216.80372439117,215.438598768655,2013.84670899724,2015.21183461975,1927800000,western_Europe,western_Europe
693,695,0.4445396401893,49.9993685191624,12.0216251690335,49.8008348270372,12.1130557130121,215.906225265337,215.461685625147,2013.86979585373,2014.31433549392,1927800000,western_Europe,western_Europe
693,694,2.217674921266,49.9993685191624,12.0216251690335,49.8333646394497,12.7557940361015,217.679360546413,215.461685625147,2013.86979585373,2016.087470775,1927800000,western_Europe,western_Europe
694,273,0.5650777009199,49.8333646394497,12.7557940361015,49.983,12.943,218.244438247333,217.679360546413,2016.087470775,2016.65254847592,1927800000,western_Europe,western_Europe
694,274,0.3151987181189,49.8333646394497,12.7557940361015,49.839,12.764,217.994559264532,217.679360546413,2016.087470775,2016.40266949311,1927800000,western_Europe,western_Europe
695,697,0.969416947494,49.8008348270372,12.1130557130121,49.3732720528935,12.7188429603394,216.875642212831,215.906225265337,2014.31433549392,2015.28375244141,1927800000,western_Europe,western_Europe
695,696,0.6887785698113,49.8008348270372,12.1130557130121,49.8182086994911,12.0202586155762,216.595003835148,215.906225265337,2014.31433549392,2015.00311406373,1927800000,western_Europe,western_Europe
696,276,0.06063317565715,49.8182086994911,12.0202586155762,49.8267698556448,12.0109286296651,216.655637010805,216.595003835148,2015.00311406373,2015.06374723939,1927800000,western_Europe,western_Europe
696,275,0.2906290410748,49.8182086994911,12.0202586155762,49.813756037681,12.0336453347738,216.885632876223,216.595003835148,2015.00311406373,2015.2937431048,1927800000,western_Europe,western_Europe
697,698,0.267081043529,49.3732720528935,12.7188429603394,49.3975290821611,12.7455844919278,217.14272325636,216.875642212831,2015.28375244141,2015.55083348494,1927800000,western_Europe,western_Europe
697,701,0.5333082506113,49.3732720528935,12.7188429603394,49.3906656584853,12.7423925378615,217.408950463442,216.875642212831,2015.28375244141,2015.81706069202,1927800000,western_Europe,western_Europe
698,280,0.7313025871024,49.3975290821611,12.7455844919278,49.489,12.742,217.874025843462,217.14272325636,2015.55083348494,2016.28213607204,1927800000,western_Europe,western_Europe
698,699,0.2165812655418,49.3975290821611,12.7455844919278,49.3607904880282,12.816205089781,217.359304521901,217.14272325636,2015.55083348494,2015.76741475048,1927800000,western_Europe,western_Europe
699,277,0.7741440955679,49.3607904880282,12.816205089781,49.369,12.931,218.133448617469,217.359304521901,2015.76741475048,2016.54155884605,1927800000,western_Europe,western_Europe
699,700,0.2638825188945,49.3607904880282,12.816205089781,49.1438309567274,12.7830094227844,217.623187040796,217.359304521901,2015.76741475048,2016.03129726938,1927800000,western_Europe,western_Europe
700,278,0.2633957361683,49.1438309567274,12.7830094227844,49.147,12.789,217.886582776964,217.623187040796,2016.03129726938,2016.29469300555,1927800000,western_Europe,western_Europe
700,279,0.6020689637858,49.1438309567274,12.7830094227844,49.258,12.854,218.225256004582,217.623187040796,2016.03129726938,2016.63336623316,1927800000,western_Europe,western_Europe
701,283,0.5662873270713,49.3906656584853,12.7423925378615,49.496,12.247,217.975237790513,217.408950463442,2015.81706069202,2016.3833480191,1927800000,western_Europe,western_Europe
701,702,0.2675429229223,49.3906656584853,12.7423925378615,49.3851099353392,12.6908670479124,217.676493386364,217.408950463442,2015.81706069202,2016.08460361495,1927800000,western_Europe,western_Europe
702,281,0.08791671559981,49.3851099353392,12.6908670479124,49.816,12.831,217.764410101964,217.676493386364,2016.08460361495,2016.17252033055,1927800000,western_Europe,western_Europe
702,282,0.4493408397219,49.3851099353392,12.6908670479124,49.389,12.741,218.125834226086,217.676493386364,2016.08460361495,2016.53394445467,1927800000,western_Europe,western_Europe
703,284,0.2165075189162,50.0852253745647,11.9728818156464,50.0793,12.12818,217.020231910086,216.80372439117,2015.21183461975,2015.42834213867,1927800000,western_Europe,western_Europe
703,285,1.334202555751,50.0852253745647,11.9728818156464,49.963,12.521,218.137926946921,216.80372439117,2015.21183461975,2016.5460371755,1927800000,western_Europe,western_Europe
704,288,1.347952101446,50.0296552412714,12.0390476289722,49.9427964274212,12.2031754653657,215.690337938335,214.342385836889,2012.75049606547,2014.09844816692,1927800000,western_Europe,western_Europe
704,705,0.9054867378392,50.0296552412714,12.0390476289722,50.175487937292,12.2474327529843,215.247872574728,214.342385836889,2012.75049606547,2013.65598280331,1927800000,western_Europe,western_Europe
705,286,2.15685594622,50.175487937292,12.2474327529843,50.03103,12.12949,217.404728520948,215.247872574728,2013.65598280331,2015.81283874953,1927800000,western_Europe,western_Europe
705,287,0.4295858903265,50.175487937292,12.2474327529843,50.0927822810799,12.2607550398891,215.677458465055,215.247872574728,2013.65598280331,2014.08556869364,1927800000,western_Europe,western_Europe
706,707,1.042229748738,49.9983531612293,11.9369485091545,50.2862916525357,12.0754444645418,215.242030512201,214.199800763463,2012.60791099204,2013.65014074078,1927800000,western_Europe,western_Europe
706,708,0.5395746463976,49.9983531612293,11.9369485091545,50.148771053836,12.1300898575656,214.739375409861,214.199800763463,2012.60791099204,2013.14748563844,1927800000,western_Europe,western_Europe
707,290,1.254063753284,50.2862916525357,12.0754444645418,50.2755208116658,12.0982599636009,216.496094265485,215.242030512201,2013.65014074078,2014.90420449407,1927800000,western_Europe,western_Europe
707,289,0.7360963284443,50.2862916525357,12.0754444645418,50.431039772326,11.8637176855223,215.978126840645,215.242030512201,2013.65014074078,2014.38623706923,1927800000,western_Europe,western_Europe
708,293,2.259674855936,50.148771053836,12.1300898575656,50.19365,12.13274,216.999050265797,214.739375409861,2013.14748563844,2015.40716049438,1927800000,western_Europe,western_Europe
708,709,0.5464999462658,50.148771053836,12.1300898575656,50.0968051014451,11.860572107403,215.285875356126,214.739375409861,2013.14748563844,2013.69398558471,1927800000,western_Europe,western_Europe
709,292,0.5133820073918,50.0968051014451,11.860572107403,50.19569,12.93982,215.799257363518,215.285875356126,2013.69398558471,2014.2073675921,1927800000,western_Europe,western_Europe
709,291,0.9921272048643,50.0968051014451,11.860572107403,50.0482676949031,11.7814694378466,216.278002560991,215.285875356126,2013.69398558471,2014.68611278957,1927800000,western_Europe,western_Europe
710,711,0.3663628416127,50.0693616005801,12.0120696893777,50.0746012482046,11.9599251869352,214.483669120353,214.117306278741,2012.52541650732,2012.89177934894,1927800000,western_Europe,western_Europe
710,712,0.7215022271101,50.0693616005801,12.0120696893777,50.0358756066107,12.0764844569342,214.838808505851,214.117306278741,2012.52541650732,2013.24691873443,1927800000,western_Europe,western_Europe
711,294,1.971043179904,50.0746012482046,11.9599251869352,49.9817582468277,12.0008968193072,216.454712300257,214.483669120353,2012.89177934894,2014.86282252884,1927800000,western_Europe,western_Europe
711,295,1.407869974327,50.0746012482046,11.9599251869352,50.2737917161146,11.8301168223884,215.89153909468,214.483669120353,2012.89177934894,2014.29964932326,1927800000,western_Europe,western_Europe
712,713,0.834971816249,50.0358756066107,12.0764844569342,50.0408052797804,12.0547739478319,215.6737803221,214.838808505851,2013.24691873443,2014.08189055068,1927800000,western_Europe,western_Europe
712,714,0.01596765769298,50.0358756066107,12.0764844569342,50.0259062800887,12.0960349618093,214.854776163544,214.838808505851,2013.24691873443,2013.26288639213,1927800000,western_Europe,western_Europe
713,297,0.7183957316721,50.0408052797804,12.0547739478319,49.9671110159915,12.2112481064771,216.392176053772,215.6737803221,2014.08189055068,2014.80028628235,1927800000,western_Europe,western_Europe
713,296,0.5696388397241,50.0408052797804,12.0547739478319,49.9972194665429,12.0266528566528,216.243419161824,215.6737803221,2014.08189055068,2014.65152939041,1927800000,western_Europe,western_Europe
714,299,1.569588428783,50.0259062800887,12.0960349618093,49.830689842022,11.9247470110766,216.424364592327,214.854776163544,2013.26288639213,2014.83247482091,1927800000,western_Europe,western_Europe
714,298,2.012463990655,50.0259062800887,12.0960349618093,50.04,12.168,216.867240154199,214.854776163544,2013.26288639213,2015.27535038278,1927800000,western_Europe,western_Europe
715,717,3.11148124207,50.5433188959357,8.78621574372294,50.4045563190794,8.97450299215543,208.366934646691,205.255453404621,2003.6635636332,2006.77504487527,1927800000,western_Europe,western_Europe
715,716,0.973741107775,50.5433188959357,8.78621574372294,50.5080095544523,8.76022496654728,206.229194512396,205.255453404621,2003.6635636332,2004.63730474098,1927800000,western_Europe,western_Europe
716,301,2.772011761521,50.5080095544523,8.76022496654728,50.6175,9.90282,209.001206273917,206.229194512396,2004.63730474098,2007.4093165025,1927800000,western_Europe,western_Europe
716,300,3.197067908652,50.5080095544523,8.76022496654728,50.5494959709647,8.87145382109591,209.426262421048,206.229194512396,2004.63730474098,2007.83437264963,1927800000,western_Europe,western_Europe
717,303,0.2606741098876,50.4045563190794,8.97450299215543,50.5229830098514,8.83345827785971,208.627608756578,208.366934646691,2006.77504487527,2007.03571898516,1927800000,western_Europe,western_Europe
717,302,0.455861713869,50.4045563190794,8.97450299215543,50.4528090304669,9.2499499565041,208.82279636056,208.366934646691,2006.77504487527,2007.23090658914,1927800000,western_Europe,western_Europe
718,785,10.74955853285,49.7004750114756,12.2480314848563,49.7840295804481,5.77843704097291,179.148944018776,168.399385485926,1966.80749571451,1977.55705424736,1927800000,western_Europe,western_Europe
718,719,4.324380268389,49.7004750114756,12.2480314848563,49.34757982971,11.8576929591258,172.723765754315,168.399385485926,1966.80749571451,1971.1318759829,1927800000,western_Europe,western_Europe
719,304,26.76118139694,49.34757982971,11.8576929591258,49.7201,11.9066,199.484947151255,172.723765754315,1971.1318759829,1997.89305737984,1927800000,western_Europe,western_Europe
719,720,2.22429097905,49.34757982971,11.8576929591258,49.3507977424276,11.8712054367308,174.948056733365,172.723765754315,1971.1318759829,1973.35616696195,1927800000,western_Europe,western_Europe
720,721,1.359437994699,49.3507977424276,11.8712054367308,48.4130673781066,9.26350356174423,176.307494728064,174.948056733365,1973.35616696195,1974.71560495665,1927800000,western_Europe,western_Europe
720,734,2.472132504634,49.3507977424276,11.8712054367308,49.6405111951693,12.5058173245402,177.420189237999,174.948056733365,1973.35616696195,1975.82829946658,1927800000,western_Europe,western_Europe
721,732,30.75573736773,48.4130673781066,9.26350356174423,48.0745435459027,8.86712102752208,207.063232095794,176.307494728064,1974.71560495665,2005.47134232438,1927800000,western_Europe,western_Europe
721,722,12.05421852738,48.4130673781066,9.26350356174423,48.5479486460776,9.4478388885119,188.361713255444,176.307494728064,1974.71560495665,1986.76982348403,1927800000,western_Europe,western_Europe
722,723,8.103606796161,48.5479486460776,9.4478388885119,48.9257142505297,9.18120398557003,196.465320051605,188.361713255444,1986.76982348403,1994.87343028019,1927800000,western_Europe,western_Europe
722,731,6.193480885733,48.5479486460776,9.4478388885119,48.4975452079535,9.63644835440502,194.555194141177,188.361713255444,1986.76982348403,1992.96330436976,1927800000,western_Europe,western_Europe
723,313,5.108927591383,48.9257142505297,9.18120398557003,48.875,9.3971,201.574247642988,196.465320051605,1994.87343028019,1999.98235787157,1927800000,western_Europe,western_Europe
723,724,2.707462071827,48.9257142505297,9.18120398557003,49.0346313987316,8.96373889687616,199.172782123432,196.465320051605,1994.87343028019,1997.58089235201,1927800000,western_Europe,western_Europe
724,730,0.008901066571507,49.0346313987316,8.96373889687616,49.0153353484022,8.96894620712195,199.181683190003,199.172782123432,1997.58089235201,1997.58979341859,1927800000,western_Europe,western_Europe
724,725,7.43669515054,49.0346313987316,8.96373889687616,48.8440665259697,9.13661708741747,206.609477273972,199.172782123432,1997.58089235201,2005.01758750255,1927800000,western_Europe,western_Europe
725,729,5.050602705742,48.8440665259697,9.13661708741747,48.8530845775079,9.16206685057483,211.660079979714,206.609477273972,2005.01758750255,2010.0681902083,1927800000,western_Europe,western_Europe
725,726,3.174499245277,48.8440665259697,9.13661708741747,48.8685726131183,9.00119759008872,209.783976519249,206.609477273972,2005.01758750255,2008.19208674783,1927800000,western_Europe,western_Europe
726,308,3.295308377909,48.8685726131183,9.00119759008872,48.807112616233,8.71563445255426,213.079284897158,209.783976519249,2008.19208674783,2011.48739512574,1927800000,western_Europe,western_Europe
726,727,1.758521036719,48.8685726131183,9.00119759008872,48.8369479108703,8.99032834731731,211.542497555968,209.783976519249,2008.19208674783,2009.95060778455,1927800000,western_Europe,western_Europe
727,305,0.3485944029857,48.8369479108703,8.99032834731731,48.8536661886885,9.0760356204951,211.891091958953,211.542497555968,2009.95060778455,2010.29920218754,1927800000,western_Europe,western_Europe
727,728,0.182214220214,48.8369479108703,8.99032834731731,48.8748920510523,8.99958556514786,211.724711776182,211.542497555968,2009.95060778455,2010.13282200476,1927800000,western_Europe,western_Europe
728,306,1.836266792326,48.8748920510523,8.99958556514786,48.8886347799532,9.12182311408334,213.560978568508,211.724711776182,2010.13282200476,2011.96908879709,1927800000,western_Europe,western_Europe
728,307,1.089652429509,48.8748920510523,8.99958556514786,48.9507375315141,8.93357500719811,212.814364205691,211.724711776182,2010.13282200476,2011.22247443427,1927800000,western_Europe,western_Europe
729,309,0.278766084387,48.8530845775079,9.16206685057483,48.8526842749921,9.17543997936152,211.938846064101,211.660079979714,2010.0681902083,2010.34695629268,1927800000,western_Europe,western_Europe
729,310,1.927969596501,48.8530845775079,9.16206685057483,48.9932453762602,9.02783259496473,213.588049576215,211.660079979714,2010.0681902083,2011.9961598048,1927800000,western_Europe,western_Europe
730,312,12.75985241882,49.0153353484022,8.96894620712195,49.0619902467755,8.78938984264917,211.941535608823,199.181683190003,1997.58979341859,2010.34964583741,1927800000,western_Europe,western_Europe
730,311,13.5653479946,49.0153353484022,8.96894620712195,49.8614,8.5676,212.747031184603,199.181683190003,1997.58979341859,2011.15514141319,1927800000,western_Europe,western_Europe
731,314,6.740790137395,48.4975452079535,9.63644835440502,48.5617,9.6236,201.295984278572,194.555194141177,1992.96330436976,1999.70409450715,1927800000,western_Europe,western_Europe
731,315,6.665912181376,48.4975452079535,9.63644835440502,48.4972,9.5116,201.221106322553,194.555194141177,1992.96330436976,1999.62921655113,1927800000,western_Europe,western_Europe
732,318,2.528884385852,48.0745435459027,8.86712102752208,48.0258197544169,8.9024904461184,209.592116481646,207.063232095794,2005.47134232438,2008.00022671023,1927800000,western_Europe,western_Europe
732,733,1.8953044572,48.0745435459027,8.86712102752208,47.9991902751171,8.9353576502839,208.958536552994,207.063232095794,2005.47134232438,2007.36664678158,1927800000,western_Europe,western_Europe
733,316,1.238420623416,47.9991902751171,8.9353576502839,47.9526559310533,8.94648756896273,210.19695717641,208.958536552994,2007.36664678158,2008.60506740499,1927800000,western_Europe,western_Europe
733,317,1.540778287172,47.9991902751171,8.9353576502839,47.7873713039375,8.89963379380271,210.499314840166,208.958536552994,2007.36664678158,2008.90742506875,1927800000,western_Europe,western_Europe
734,777,14.27699005454,49.6405111951693,12.5058173245402,48.678192955231,11.3002548763559,191.697179292539,177.420189237999,1975.82829946658,1990.10528952112,1927800000,western_Europe,western_Europe
734,735,23.37457844421,49.6405111951693,12.5058173245402,49.2350018242145,12.8720139585092,200.794767682209,177.420189237999,1975.82829946658,1999.20287791079,1927800000,western_Europe,western_Europe
735,736,9.190260688035,49.2350018242145,12.8720139585092,48.9975788115774,12.5757133227584,209.985028370244,200.794767682209,1999.20287791079,2008.39313859883,1927800000,western_Europe,western_Europe
735,765,5.204119562142,49.2350018242145,12.8720139585092,49.1250125576423,12.9745997703953,205.998887244351,200.794767682209,1999.20287791079,2004.40699747293,1927800000,western_Europe,western_Europe
736,348,2.057743178239,48.9975788115774,12.5757133227584,49.0039580788141,12.5795229937322,212.042771548483,209.985028370244,2008.39313859883,2010.45088177706,1927800000,western_Europe,western_Europe
736,737,2.040887519692,48.9975788115774,12.5757133227584,49.0959971465788,12.5733966710428,212.025915889936,209.985028370244,2008.39313859883,2010.43402611852,1927800000,western_Europe,western_Europe
737,741,1.472194259061,49.0959971465788,12.5733966710428,49.0724199194845,12.5856107986017,213.498110148997,212.025915889936,2010.43402611852,2011.90622037758,1927800000,western_Europe,western_Europe
737,738,3.690281086893,49.0959971465788,12.5733966710428,49.0940625512843,12.60863218662,215.716196976829,212.025915889936,2010.43402611852,2014.12430720541,1927800000,western_Europe,western_Europe
738,740,0.8102561611141,49.0940625512843,12.60863218662,49.0938481867731,12.5229574122993,216.526453137943,215.716196976829,2014.12430720541,2014.93456336652,1927800000,western_Europe,western_Europe
738,739,0.683816538487,49.0940625512843,12.60863218662,49.0865492087257,12.701259863181,216.400013515316,215.716196976829,2014.12430720541,2014.8081237439,1927800000,western_Europe,western_Europe
739,320,0.2721973892568,49.0865492087257,12.701259863181,49.0831451134605,12.7355609497006,216.672210904573,216.400013515316,2014.8081237439,2015.08032113315,1927800000,western_Europe,western_Europe
739,319,1.09621863645,49.0865492087257,12.701259863181,49.040169012597,12.6336163097149,217.496232151766,216.400013515316,2014.8081237439,2015.90434238035,1927800000,western_Europe,western_Europe
740,321,0.3912270221372,49.0938481867731,12.5229574122993,49.0858803369988,12.5333342739186,216.91768016008,216.526453137943,2014.93456336652,2015.32579038866,1927800000,western_Europe,western_Europe
740,322,0.6526395527755,49.0938481867731,12.5229574122993,49.3425418881283,12.5772013027117,217.179092690718,216.526453137943,2014.93456336652,2015.5872029193,1927800000,western_Europe,western_Europe
741,742,1.05121425972,49.0724199194845,12.5856107986017,49.0791068828171,12.6686385651536,214.549324408717,213.498110148997,2011.90622037758,2012.9574346373,1927800000,western_Europe,western_Europe
741,756,0.04039258667998,49.0724199194845,12.5856107986017,49.0499683285103,12.5637149767138,213.538502735677,213.498110148997,2011.90622037758,2011.94661296426,1927800000,western_Europe,western_Europe
742,744,0.5903395688439,49.0791068828171,12.6686385651536,49.0765207206977,12.6313317090652,215.139663977561,214.549324408717,2012.9574346373,2013.54777420614,1927800000,western_Europe,western_Europe
742,743,2.347155522868,49.0791068828171,12.6686385651536,49.3842244011584,12.6704459226024,216.896479931585,214.549324408717,2012.9574346373,2015.30459016017,1927800000,western_Europe,western_Europe
743,323,0.2339904549469,49.3842244011584,12.6704459226024,49.3829398136973,12.6887875158132,217.130470386532,216.896479931585,2015.30459016017,2015.53858061511,1927800000,western_Europe,western_Europe
743,324,0.3114069219722,49.3842244011584,12.6704459226024,49.4056384971725,12.6528988607624,217.207886853557,216.896479931585,2015.30459016017,2015.61599708214,1927800000,western_Europe,western_Europe
744,337,2.323953185085,49.0765207206977,12.6313317090652,49.1474168755796,12.7840375205384,217.463617162646,215.139663977561,2013.54777420614,2015.87172739123,1927800000,western_Europe,western_Europe
744,745,0.4612187734383,49.0765207206977,12.6313317090652,49.2604841335762,12.7131905493969,215.600882750999,215.139663977561,2013.54777420614,2014.00899297958,1927800000,western_Europe,western_Europe
745,749,0.1256301035875,49.2604841335762,12.7131905493969,49.264592853866,12.6820962127758,215.726512854586,215.600882750999,2014.00899297958,2014.13462308317,1927800000,western_Europe,western_Europe
745,746,0.8094861417549,49.2604841335762,12.7131905493969,49.3217106961115,12.7043675565767,216.410368892754,215.600882750999,2014.00899297958,2014.81847912134,1927800000,western_Europe,western_Europe
746,747,0.5299503009355,49.3217106961115,12.7043675565767,49.2944395240758,12.8745084228805,216.940319193689,216.410368892754,2014.81847912134,2015.34842942227,1927800000,western_Europe,western_Europe
746,325,0.2612575659769,49.3217106961115,12.7043675565767,49.3160062716202,12.7202679589119,216.671626458731,216.410368892754,2014.81847912134,2015.07973668731,1927800000,western_Europe,western_Europe
747,326,0.5090333123516,49.2944395240758,12.8745084228805,49.300297864964,12.8267234158502,217.449352506041,216.940319193689,2015.34842942227,2015.85746273462,1927800000,western_Europe,western_Europe
747,748,0.7298864909587,49.2944395240758,12.8745084228805,50.7098361371634,13.3390240865305,217.670205684648,216.940319193689,2015.34842942227,2016.07831591323,1927800000,western_Europe,western_Europe
748,327,0.1332078744861,50.7098361371634,13.3390240865305,50.444,13.743,217.803413559134,217.670205684648,2016.07831591323,2016.21152378772,1927800000,western_Europe,western_Europe
748,328,0.4674544808381,50.7098361371634,13.3390240865305,50.689,13.317,218.137660165486,217.670205684648,2016.07831591323,2016.54577039407,1927800000,western_Europe,western_Europe
749,336,1.587648519007,49.264592853866,12.6820962127758,49.3557870750733,12.6662352085233,217.314161373593,215.726512854586,2014.13462308317,2015.72227160218,1927800000,western_Europe,western_Europe
749,750,0.07079206727666,49.264592853866,12.6820962127758,49.2579717372089,12.647362321738,215.797304921863,215.726512854586,2014.13462308317,2014.20541515045,1927800000,western_Europe,western_Europe
750,753,0.2811961415826,49.2579717372089,12.647362321738,49.3156777201635,12.8069938858877,216.078501063446,215.797304921863,2014.20541515045,2014.48661129203,1927800000,western_Europe,western_Europe
750,751,0.707555916951,49.2579717372089,12.647362321738,49.0712550062162,12.646137330988,216.504860838814,215.797304921863,2014.20541515045,2014.9129710674,1927800000,western_Europe,western_Europe
751,331,1.061273310033,49.0712550062162,12.646137330988,48.958101384404,12.77313499775,217.566134148847,216.504860838814,2014.9129710674,2015.97424437743,1927800000,western_Europe,western_Europe
751,752,0.6732628151625,49.0712550062162,12.646137330988,49.0997040477213,12.6220628083467,217.178123653977,216.504860838814,2014.9129710674,2015.58623388256,1927800000,western_Europe,western_Europe
752,329,0.2815641183941,49.0997040477213,12.6220628083467,49.0833975814905,12.7338240537122,217.459687772371,217.178123653977,2015.58623388256,2015.86779800095,1927800000,western_Europe,western_Europe
752,330,0.1938357888207,49.0997040477213,12.6220628083467,48.9615378513026,12.4847969640603,217.371959442797,217.178123653977,2015.58623388256,2015.78006967138,1927800000,western_Europe,western_Europe
753,755,0.2288535545709,49.3156777201635,12.8069938858877,49.3099792436528,12.7981121449306,216.307354618017,216.078501063446,2014.48661129203,2014.7154648466,1927800000,western_Europe,western_Europe
753,754,0.05552366226743,49.3156777201635,12.8069938858877,49.349826152967,12.8193201110221,216.134024725713,216.078501063446,2014.48661129203,2014.5421349543,1927800000,western_Europe,western_Europe
754,332,1.516035038704,49.349826152967,12.8193201110221,49.357,12.963,217.650059764417,216.134024725713,2014.5421349543,2016.058169993,1927800000,western_Europe,western_Europe
754,333,0.6218023010791,49.349826152967,12.8193201110221,49.1304196825281,12.6083527021686,216.755827026792,216.134024725713,2014.5421349543,2015.16393725537,1927800000,western_Europe,western_Europe
755,335,1.703310191723,49.3099792436528,12.7981121449306,49.753,12.158,218.01066480974,216.307354618017,2014.7154648466,2016.41877503832,1927800000,western_Europe,western_Europe
755,334,0.3427500059745,49.3099792436528,12.7981121449306,48.9559069329311,12.6409274191122,216.650104623991,216.307354618017,2014.7154648466,2015.05821485257,1927800000,western_Europe,western_Europe
756,764,2.318133249343,49.0499683285103,12.5637149767138,49.0797616402924,12.8296564137403,215.85663598502,213.538502735677,2011.94661296426,2014.2647462136,1927800000,western_Europe,western_Europe
756,757,0.9148377668815,49.0499683285103,12.5637149767138,49.0277468184201,12.4855229671073,214.453340502558,213.538502735677,2011.94661296426,2012.86145073114,1927800000,western_Europe,western_Europe
757,760,0.9263607436356,49.0277468184201,12.4855229671073,49.0652446594296,12.550648756635,215.379701246194,214.453340502558,2012.86145073114,2013.78781147478,1927800000,western_Europe,western_Europe
757,758,0.2261726370881,49.0277468184201,12.4855229671073,50.2519685369415,13.9827777673856,214.679513139646,214.453340502558,2012.86145073114,2013.08762336823,1927800000,western_Europe,western_Europe
758,759,1.934774958457,50.2519685369415,13.9827777673856,50.38589350198,13.4438188100038,216.614288098103,214.679513139646,2013.08762336823,2015.02239832669,1927800000,western_Europe,western_Europe
758,340,3.797335743061,50.2519685369415,13.9827777673856,50.222,13.987,218.476848882707,214.679513139646,2013.08762336823,2016.88495911129,1927800000,western_Europe,western_Europe
759,339,1.397900404859,50.38589350198,13.4438188100038,50.456,13.654,218.012188502962,216.614288098103,2015.02239832669,2016.42029873154,1927800000,western_Europe,western_Europe
759,338,1.866026501938,50.38589350198,13.4438188100038,50.742,13.123,218.480314600041,216.614288098103,2015.02239832669,2016.88842482862,1927800000,western_Europe,western_Europe
760,761,0.9187566223392,49.0652446594296,12.550648756635,49.1416259229265,12.6495539995883,216.298457868533,215.379701246194,2013.78781147478,2014.70656809711,1927800000,western_Europe,western_Europe
760,341,1.253648253876,49.0652446594296,12.550648756635,49.0119421078761,12.5264195948471,216.63334950007,215.379701246194,2013.78781147478,2015.04145972865,1927800000,western_Europe,western_Europe
761,762,0.2155552660062,49.1416259229265,12.6495539995883,49.1654044653761,12.523382650757,216.514013134539,216.298457868533,2014.70656809711,2014.92212336312,1927800000,western_Europe,western_Europe
761,345,0.4747107776887,49.1416259229265,12.6495539995883,49.1486637218828,12.7201686000201,216.773168646222,216.298457868533,2014.70656809711,2015.1812788748,1927800000,western_Europe,western_Europe
762,763,0.6749142638312,49.1654044653761,12.523382650757,49.4199285082108,12.6279405274127,217.18892739837,216.514013134539,2014.92212336312,2015.59703762695,1927800000,western_Europe,western_Europe
762,342,0.8674918975109,49.1654044653761,12.523382650757,49.1906063257044,12.5397459587379,217.38150503205,216.514013134539,2014.92212336312,2015.78961526063,1927800000,western_Europe,western_Europe
763,343,0.1332006930525,49.4199285082108,12.6279405274127,49.4187615079889,12.6523184664892,217.322128091423,217.18892739837,2015.59703762695,2015.73023832,1927800000,western_Europe,western_Europe
763,344,0.5575147453127,49.4199285082108,12.6279405274127,50.956,13.742,217.746442143683,217.18892739837,2015.59703762695,2016.15455237227,1927800000,western_Europe,western_Europe
764,346,0.8794731320063,49.0797616402924,12.8296564137403,49.1675196679019,12.8613571736779,216.736109117026,215.85663598502,2014.2647462136,2015.14421934561,1927800000,western_Europe,western_Europe
764,347,1.150288194651,49.0797616402924,12.8296564137403,49.3747348500978,12.5513200238639,217.006924179671,215.85663598502,2014.2647462136,2015.41503440825,1927800000,western_Europe,western_Europe
765,776,6.420269827976,49.1250125576423,12.9745997703953,49.062489581405,12.9234652615706,212.419157072327,205.998887244351,2004.40699747293,2010.82726730091,1927800000,western_Europe,western_Europe
765,766,1.807495471506,49.1250125576423,12.9745997703953,49.0401055325285,12.8850323731013,207.806382715857,205.998887244351,2004.40699747293,2006.21449294444,1927800000,western_Europe,western_Europe
766,767,9.125921301145,49.0401055325285,12.8850323731013,50.6172813619665,13.7812846684283,216.932304017002,207.806382715857,2006.21449294444,2015.34041424558,1927800000,western_Europe,western_Europe
766,769,2.271595558761,49.0401055325285,12.8850323731013,49.2657541660691,12.756251192126,210.077978274618,207.806382715857,2006.21449294444,2008.4860885032,1927800000,western_Europe,western_Europe
767,768,0.6906741886704,50.6172813619665,13.7812846684283,50.5981083957355,13.7681780726327,217.622978205672,216.932304017002,2015.34041424558,2016.03108843425,1927800000,western_Europe,western_Europe
767,349,1.308566695252,50.6172813619665,13.7812846684283,50.438,13.658,218.240870712254,216.932304017002,2015.34041424558,2016.64898094084,1927800000,western_Europe,western_Europe
768,350,0.8530208017711,50.5981083957355,13.7681780726327,50.843,13.945,218.475999007443,217.622978205672,2016.03108843425,2016.88410923603,1927800000,western_Europe,western_Europe
768,351,0.3473688335737,50.5981083957355,13.7681780726327,50.478,13.346,217.970347039246,217.622978205672,2016.03108843425,2016.37845726783,1927800000,western_Europe,western_Europe
769,772,1.459238550173,49.2657541660691,12.756251192126,49.2204386182271,12.6971182377623,211.537216824791,210.077978274618,2008.4860885032,2009.94532705337,1927800000,western_Europe,western_Europe
769,770,1.821324045694,49.2657541660691,12.756251192126,49.2118335464108,12.4922348910263,211.899302320312,210.077978274618,2008.4860885032,2010.30741254889,1927800000,western_Europe,western_Europe
770,354,0.4942004708632,49.2118335464108,12.4922348910263,49.2581747367599,12.5596375465725,212.393502791175,211.899302320312,2010.30741254889,2010.80161301976,1927800000,western_Europe,western_Europe
770,771,3.68133550008,49.2118335464108,12.4922348910263,49.1429707262058,12.4600689314185,215.580637820392,211.899302320312,2010.30741254889,2013.98874804897,1927800000,western_Europe,western_Europe
771,353,2.819761074896,49.1429707262058,12.4600689314185,50.412,13.321,218.400398895288,215.580637820392,2013.98874804897,2016.80850912387,1927800000,western_Europe,western_Europe
771,352,2.297655719105,49.1429707262058,12.4600689314185,49.07825,12.38813,217.878293539497,215.580637820392,2013.98874804897,2016.28640376808,1927800000,western_Europe,western_Europe
772,773,0.2307077552063,49.2204386182271,12.6971182377623,49.2320394051253,12.6833783620496,211.767924579997,211.537216824791,2009.94532705337,2010.17603480858,1927800000,western_Europe,western_Europe
772,774,0.2949392283328,49.2204386182271,12.6971182377623,49.1761977536363,12.5244016184146,211.832156053124,211.537216824791,2009.94532705337,2010.24026628171,1927800000,western_Europe,western_Europe
773,356,0.3624419285539,49.2320394051253,12.6833783620496,49.3032049379876,12.6518379238187,212.130366508551,211.767924579997,2010.17603480858,2010.53847673713,1927800000,western_Europe,western_Europe
773,355,0.3565577487906,49.2320394051253,12.6833783620496,49.2178997101513,12.6940703289474,212.124482328788,211.767924579997,2010.17603480858,2010.53259255737,1927800000,western_Europe,western_Europe
774,775,0.1077604419152,49.1761977536363,12.5244016184146,49.1464186251645,12.5205968776964,211.939916495039,211.832156053124,2010.24026628171,2010.34802672362,1927800000,western_Europe,western_Europe
774,359,0.06839693954257,49.1761977536363,12.5244016184146,49.1521158861373,12.5225847900524,211.900552992666,211.832156053124,2010.24026628171,2010.30866322125,1927800000,western_Europe,western_Europe
775,357,0.4508704411642,49.1464186251645,12.5205968776964,49.1388075542656,12.3161345477353,212.390786936203,211.939916495039,2010.34802672362,2010.79889716478,1927800000,western_Europe,western_Europe
775,358,5.382469976174,49.1464186251645,12.5205968776964,49.10988,12.52538,217.322386471213,211.939916495039,2010.34802672362,2015.73049669979,1927800000,western_Europe,western_Europe
776,360,0.08091518800562,49.062489581405,12.9234652615706,49.06841,12.93167,212.500072260332,212.419157072327,2010.82726730091,2010.90818248891,1927800000,western_Europe,western_Europe
776,361,5.928075859096,49.062489581405,12.9234652615706,49.852,12.413,218.347232931423,212.419157072327,2010.82726730091,2016.75534316,1927800000,western_Europe,western_Europe
777,778,18.67513994263,48.678192955231,11.3002548763559,48.2209893897496,10.2917510517423,210.372319235169,191.697179292539,1990.10528952112,2008.78042946375,1927800000,western_Europe,western_Europe
777,370,23.80966400807,48.678192955231,11.3002548763559,49.3689,11.6059,215.506843300609,191.697179292539,1990.10528952112,2013.91495352919,1927800000,western_Europe,western_Europe
778,779,1.809778385467,48.2209893897496,10.2917510517423,48.1677486775308,10.460124477998,212.182097620636,210.372319235169,2008.78042946375,2010.59020784922,1927800000,western_Europe,western_Europe
778,780,1.919333990116,48.2209893897496,10.2917510517423,48.3226341810555,10.5842394163584,212.291653225285,210.372319235169,2008.78042946375,2010.69976345387,1927800000,western_Europe,western_Europe
779,362,1.463744333919,48.1677486775308,10.460124477998,48.0501523635285,10.5966041213735,213.645841954555,212.182097620636,2010.59020784922,2012.05395218314,1927800000,western_Europe,western_Europe
779,363,1.875383962579,48.1677486775308,10.460124477998,48.3922732057334,10.482779859362,214.057481583215,212.182097620636,2010.59020784922,2012.4655918118,1927800000,western_Europe,western_Europe
780,781,0.108197576068,48.3226341810555,10.5842394163584,48.7436589716079,9.45978321990717,212.399850801353,212.291653225285,2010.69976345387,2010.80796102993,1927800000,western_Europe,western_Europe
780,369,1.603270150318,48.3226341810555,10.5842394163584,48.332594133349,10.5553552445638,213.894923375603,212.291653225285,2010.69976345387,2012.30303360418,1927800000,western_Europe,western_Europe
781,782,0.2019854840254,48.7436589716079,9.45978321990717,48.7637826882225,9.42913377319881,212.601836285378,212.399850801353,2010.80796102993,2011.00994651396,1927800000,western_Europe,western_Europe
781,784,1.820776833263,48.7436589716079,9.45978321990717,48.7742187710007,9.44322777315615,214.220627634616,212.399850801353,2010.80796102993,2012.6287378632,1927800000,western_Europe,western_Europe
782,364,1.465178645212,48.7637826882225,9.42913377319881,48.6559354194288,9.28376705048572,214.06701493059,212.601836285378,2011.00994651396,2012.47512515917,1927800000,western_Europe,western_Europe
782,783,0.338218601688,48.7637826882225,9.42913377319881,48.7283709817683,9.39939014557995,212.940054887066,212.601836285378,2011.00994651396,2011.34816511565,1927800000,western_Europe,western_Europe
783,365,1.308723646157,48.7283709817683,9.39939014557995,48.7890840123342,9.24855277084752,214.248778533223,212.940054887066,2011.34816511565,2012.65688876181,1927800000,western_Europe,western_Europe
783,366,0.6818788674964,48.7283709817683,9.39939014557995,48.7002668928548,9.32651625122054,213.621933754563,212.940054887066,2011.34816511565,2012.03004398314,1927800000,western_Europe,western_Europe
784,367,0.3240968487665,48.7742187710007,9.44322777315615,48.8187123288759,9.44066922089834,214.544724483382,214.220627634616,2012.6287378632,2012.95283471196,1927800000,western_Europe,western_Europe
784,368,0.1742423913151,48.7742187710007,9.44322777315615,48.7709469436755,9.3909056627287,214.394870025931,214.220627634616,2012.6287378632,2012.80298025451,1927800000,western_Europe,western_Europe
785,790,19.40138413073,49.7840295804481,5.77843704097291,49.9846425015457,6.43815707441479,198.550328149506,179.148944018776,1977.55705424736,1996.95843837809,1927800000,western_Europe,western_Europe
785,786,0.6459774512448,49.7840295804481,5.77843704097291,49.7831571719984,5.73986901679281,179.794921470021,179.148944018776,1977.55705424736,1978.2030316986,1927800000,western_Europe,western_Europe
786,787,14.64819791182,49.7831571719984,5.73986901679281,49.7821261389489,5.88634576130955,194.443119381841,179.794921470021,1978.2030316986,1992.85122961042,1927800000,western_Europe,western_Europe
786,375,37.06917417816,49.7831571719984,5.73986901679281,48.736,3.1943,216.864095648181,179.794921470021,1978.2030316986,2015.27220587676,1927800000,western_Europe,western_Europe
787,789,18.93993772664,49.7821261389489,5.88634576130955,49.8259693166984,6.15015209654786,213.383057108481,194.443119381841,1992.85122961042,2011.79116733706,1927800000,western_Europe,western_Europe
787,788,6.601646052534,49.7821261389489,5.88634576130955,49.8204220252995,6.02228263093158,201.044765434375,194.443119381841,1992.85122961042,1999.45287566296,1927800000,western_Europe,western_Europe
788,372,12.59579451873,49.8204220252995,6.02228263093158,48.3181,7.4416,213.640559953105,201.044765434375,1999.45287566296,2012.04867018169,1927800000,western_Europe,western_Europe
788,371,13.21722390092,49.8204220252995,6.02228263093158,50.3569,7.5891,214.261989335295,201.044765434375,1999.45287566296,2012.67009956388,1927800000,western_Europe,western_Europe
789,374,0.7456766849844,49.8259693166984,6.15015209654786,49.9822923923533,6.27394754130596,214.128733793465,213.383057108481,2011.79116733706,2012.53684402205,1927800000,western_Europe,western_Europe
789,373,0.9000018641266,49.8259693166984,6.15015209654786,49.7320884514108,6.16784326408891,214.283058972607,213.383057108481,2011.79116733706,2012.69116920119,1927800000,western_Europe,western_Europe
790,791,11.68910455148,49.9846425015457,6.43815707441479,52.0018105872349,8.97494145333343,210.239432700986,198.550328149506,1996.95843837809,2008.64754292957,1927800000,western_Europe,western_Europe
790,793,14.05761919443,49.9846425015457,6.43815707441479,50.542808057117,5.52790953591471,212.607947343936,198.550328149506,1996.95843837809,2011.01605757252,1927800000,western_Europe,western_Europe
791,376,2.073170412368,52.0018105872349,8.97494145333343,52.0870427116114,9.03080576786511,212.312603113354,210.239432700986,2008.64754292957,2010.72071334194,1927800000,western_Europe,western_Europe
791,792,1.146011315273,52.0018105872349,8.97494145333343,51.9774467282928,9.01402123561693,211.385444016259,210.239432700986,2008.64754292957,2009.79355424484,1927800000,western_Europe,western_Europe
792,377,0.8153789764247,51.9774467282928,9.01402123561693,51.8419992646432,8.88992559324215,212.200822992683,211.385444016259,2009.79355424484,2010.60893322127,1927800000,western_Europe,western_Europe
792,378,0.2211455702453,51.9774467282928,9.01402123561693,52.1153270939066,8.88173522977925,211.606589586504,211.385444016259,2009.79355424484,2010.01469981509,1927800000,western_Europe,western_Europe
793,380,3.82076364828,50.542808057117,5.52790953591471,50.5115,5.482279,216.428710992216,212.607947343936,2011.01605757252,2014.8368212208,1927800000,western_Europe,western_Europe
793,379,3.24199171824,50.542808057117,5.52790953591471,50.5036,5.4932,215.849939062176,212.607947343936,2011.01605757252,2014.25804929076,1927800000,western_Europe,western_Europe
