node1,node2,length,startLat,startLon,endLat,endLon,endNodeL,startNodeL,startYear,endYear,treeID
291,292,250.845517531226,10.5905031720433,-7.1367961929573,10.5973527512271,-7.15180530516963,842.728663716332,591.883146185106,1641.99381788256,1892.83933541379,1322200000
291,298,114.041438987535,10.5905031720433,-7.1367961929573,10.5871042212349,-7.03782506463842,705.924585172641,591.883146185106,1641.99381788256,1756.0352568701,1322200000
292,297,80.8671981528778,10.5973527512271,-7.15180530516963,10.3830684462571,-7.15626767494189,923.59586186921,842.728663716332,1892.83933541379,1973.70653356666,1322200000
292,293,99.7963885775208,10.5973527512271,-7.15180530516963,10.5853105296119,-7.15608835042959,942.525052293853,842.728663716332,1892.83933541379,1992.63572399131,1322200000
293,294,6.92231650693229,10.5853105296119,-7.15608835042959,10.5879324846486,-7.15758614625792,949.447368800785,942.525052293853,1992.63572399131,1999.55804049824,1322200000
293,39,19.5335927240163,10.5853105296119,-7.15608835042959,10.592701417886,-7.15932412940942,962.058645017869,942.525052293853,1992.63572399131,2012.16931671532,1322200000
294,295,6.09274914243248,10.5879324846486,-7.15758614625792,10.5877148278197,-7.15861112986227,955.540117943217,949.447368800785,1999.55804049824,2005.65078964067,1322200000
294,35,10.1756364018786,10.5879324846486,-7.15758614625792,10.5911081068885,-7.15207826216229,959.623005202664,949.447368800785,1999.55804049824,2009.73367690012,1322200000
295,38,3.70783640692139,10.5877148278197,-7.15861112986227,10.5911805693205,-7.15407836132515,959.247954350139,955.540117943217,2005.65078964067,2009.35862604759,1322200000
295,296,3.32795868372268,10.5877148278197,-7.15861112986227,10.5883461575153,-7.15926696693258,958.86807662694,955.540117943217,2005.65078964067,2008.97874832439,1322200000
296,37,3.1905683909289,10.5883461575153,-7.15926696693258,10.6164,-7.1583,962.058645017869,958.86807662694,2008.97874832439,2012.16931671532,1322200000
296,36,0.921388031367391,10.5883461575153,-7.15926696693258,10.5843747490015,-7.15969482309035,959.789464658307,958.86807662694,2008.97874832439,2009.90013635576,1322200000
297,41,38.5245574037138,10.3830684462571,-7.15626767494189,10.3831,-7.1517,962.120419272923,923.59586186921,1973.70653356666,2012.23109097038,1322200000
297,40,38.4766951585459,10.3830684462571,-7.15626767494189,10.397222,-7.259167,962.072557027755,923.59586186921,1973.70653356666,2012.18322872521,1322200000
298,299,65.6155539155938,10.5871042212349,-7.03782506463842,9.9969552524639,-10.4789079494295,771.540139088235,705.924585172641,1756.0352568701,1821.65081078569,1322200000
298,351,127.090161362948,10.5871042212349,-7.03782506463842,6.98307603936871,-9.48377566566834,833.014746535589,705.924585172641,1756.0352568701,1883.12541823304,1322200000
299,300,48.1587681651989,9.9969552524639,-10.4789079494295,8.20841873322814,-11.0818689665287,819.698907253434,771.540139088235,1821.65081078569,1869.80957895089,1322200000
299,42,182.072553647284,9.9969552524639,-10.4789079494295,10.059767,-10.58615,953.612692735519,771.540139088235,1821.65081078569,2003.72336443297,1322200000
300,345,24.7334477644933,8.20841873322814,-11.0818689665287,8.20638885733333,-11.0846674460795,844.432355017927,819.698907253434,1869.80957895089,1894.54302671538,1322200000
300,301,18.2912680279152,8.20841873322814,-11.0818689665287,8.25272266541254,-11.0743955212964,837.990175281349,819.698907253434,1869.80957895089,1888.1008469788,1322200000
301,337,17.4356175412636,8.25272266541254,-11.0743955212964,7.86384398423766,-11.7043413242574,855.425792822613,837.990175281349,1888.1008469788,1905.53646452007,1322200000
301,302,61.2184084163637,8.25272266541254,-11.0743955212964,8.18244017040162,-11.1263035377569,899.208583697713,837.990175281349,1888.1008469788,1949.31925539517,1322200000
302,303,1.64489664891312,8.18244017040162,-11.1263035377569,8.18384483147605,-11.1265449249464,900.853480346626,899.208583697713,1949.31925539517,1950.96415204408,1322200000
302,309,12.2115248748237,8.18244017040162,-11.1263035377569,8.19083471328986,-11.1264889806153,911.420108572536,899.208583697713,1949.31925539517,1961.53078026999,1322200000
303,49,24.3068940967516,8.18384483147605,-11.1265449249464,7.99984241915399,-10.9471662379946,925.160374443378,900.853480346626,1950.96415204408,1975.27104614083,1322200000
303,304,5.77587087113902,8.18384483147605,-11.1265449249464,8.1755029260669,-11.1240111617796,906.629351217765,900.853480346626,1950.96415204408,1956.74002291522,1322200000
304,307,21.0826846367972,8.1755029260669,-11.1240111617796,8.1538856433807,-11.1557696613583,927.712035854562,906.629351217765,1956.74002291522,1977.82270755202,1322200000
304,305,24.7823361720236,8.1755029260669,-11.1240111617796,8.17240641157612,-11.1180310480334,931.411687389789,906.629351217765,1956.74002291522,1981.52235908724,1322200000
305,43,28.5213943374148,8.17240641157612,-11.1180310480334,8.18614700554421,-11.131898185359,959.933081727203,931.411687389789,1981.52235908724,2010.04375342466,1322200000
305,306,2.09018060974005,8.17240641157612,-11.1180310480334,8.01761093242525,-10.9245846839276,933.501867999529,931.411687389789,1981.52235908724,1983.61253969698,1322200000
306,44,27.6175150975378,8.01761093242525,-10.9245846839276,7.99594102996626,-10.9481469448308,961.119383097066,933.501867999529,1983.61253969698,2011.23005479452,1322200000
306,45,28.8655201877391,8.01761093242525,-10.9245846839276,7.8578520245654,-11.1936305656815,962.367388187268,933.501867999529,1983.61253969698,2012.47805988472,1322200000
307,308,26.8674836784984,8.1538856433807,-11.1557696613583,7.85616510389231,-11.1993054801994,954.579519533061,927.712035854562,1977.82270755202,2004.69019123051,1322200000
307,46,34.4231118955472,8.1538856433807,-11.1557696613583,7.925974,-11.054267,962.135147750109,927.712035854562,1977.82270755202,2012.24581944756,1322200000
308,47,8.73438411195098,7.85616510389231,-11.1993054801994,7.65,-11.133333,963.313903645012,954.579519533061,2004.69019123051,2013.42457534247,1322200000
308,48,8.83849370099215,7.85616510389231,-11.1993054801994,7.86437021801599,-11.194405137972,963.418013234053,954.579519533061,2004.69019123051,2013.52868493151,1322200000
309,325,4.35354413095352,8.19083471328986,-11.1264889806153,8.19406980559131,-11.1179410928977,915.77365270349,911.420108572536,1961.53078026999,1965.88432440094,1322200000
309,310,8.52833577064513,8.19083471328986,-11.1264889806153,8.18507316378218,-11.1279162311278,919.948444343182,911.420108572536,1961.53078026999,1970.05911604064,1322200000
310,314,0.240729789948524,8.18507316378218,-11.1279162311278,8.1848067499228,-11.1284904444643,920.18917413313,919.948444343182,1970.05911604064,1970.29984583058,1322200000
310,311,18.1405187552185,8.18507316378218,-11.1279162311278,8.18822554245106,-11.1278562225251,938.0889630984,919.948444343182,1970.05911604064,1988.19963479585,1322200000
311,312,13.2943443384442,8.18822554245106,-11.1278562225251,8.18845418002831,-11.1284314582467,951.383307436844,938.0889630984,1988.19963479585,2001.4939791343,1322200000
311,53,25.2961734233239,8.18822554245106,-11.1278562225251,8.18813373839985,-11.1310740400258,963.385136521724,938.0889630984,1988.19963479585,2013.49580821918,1322200000
312,52,11.3338075263797,8.18845418002831,-11.1284314582467,7.86519293065456,-11.7055462645325,962.717114963224,951.383307436844,2001.4939791343,2012.82778666068,1322200000
312,313,7.16134200573237,8.18845418002831,-11.1284314582467,8.18389440278001,-11.1390505618415,958.544649442577,951.383307436844,2001.4939791343,2008.65532114003,1322200000
313,51,1.11445968188687,8.18389440278001,-11.1390505618415,8.38727,-11.0879,959.659109124464,958.544649442577,2008.65532114003,2009.76978082192,1322200000
313,50,3.45388628567472,8.18389440278001,-11.1390505618415,8.18364246477303,-11.1379415035979,961.998535728251,958.544649442577,2008.65532114003,2012.10920742571,1322200000
314,316,13.4194260136911,8.1848067499228,-11.1284904444643,8.18230088602341,-11.1399708046734,933.608600146821,920.18917413313,1970.29984583058,1983.71927184428,1322200000
314,315,9.42406947539044,8.1848067499228,-11.1284904444643,8.17932733736328,-11.1369972474616,929.613243608521,920.18917413313,1970.29984583058,1979.72391530597,1322200000
315,55,33.043762065086,8.17932733736328,-11.1369972474616,8.355083,-11.324278,962.657005673607,929.613243608521,1979.72391530597,2012.76767737106,1322200000
315,54,30.4321668858061,8.17932733736328,-11.1369972474616,8.1855030157835,-11.1360014713224,960.045410494327,929.613243608521,1979.72391530597,2010.15608219178,1322200000
316,318,6.65877897963693,8.18230088602341,-11.1399708046734,8.18267588904238,-11.1428862044067,940.267379126458,933.608600146821,1983.71927184428,1990.37805082391,1322200000
316,317,22.1435363585442,8.18230088602341,-11.1399708046734,8.04830600323062,-11.1100043101087,955.752136505365,933.608600146821,1983.71927184428,2005.86280820282,1322200000
317,56,6.10149316704353,8.04830600323062,-11.1100043101087,8.0470567056,-11.1136381440805,961.853629672409,955.752136505365,2005.86280820282,2011.96430136986,1322200000
317,57,5.57820549581054,8.04830600323062,-11.1100043101087,8.04546810314645,-11.1055024662381,961.330342001176,955.752136505365,2005.86280820282,2011.44101369863,1322200000
318,319,0.971575588128964,8.18267588904238,-11.1428862044067,8.18206193633957,-11.1428103591438,941.238954714587,940.267379126458,1990.37805082391,1991.34962641204,1322200000
318,322,1.42636295106057,8.18267588904238,-11.1428862044067,8.18993623507621,-11.1384829848382,941.693742077519,940.267379126458,1990.37805082391,1991.80441377497,1322200000
319,320,15.9122613264737,8.18206193633957,-11.1428103591438,8.13296570904765,-11.1676709326482,957.151216041061,941.238954714587,1991.34962641204,2007.26188773852,1322200000
319,321,7.92830668200869,8.18206193633957,-11.1428103591438,8.21205003000332,-11.1179068782163,949.167261396596,941.238954714587,1991.34962641204,1999.27793309405,1322200000
320,58,2.6750163710741,8.13296570904765,-11.1676709326482,8.154893,-11.171735,959.826232412135,957.151216041061,2007.26188773852,2009.93690410959,1322200000
320,59,4.97300274729981,8.13296570904765,-11.1676709326482,7.85998109222801,-11.1955175371644,962.124218788361,957.151216041061,2007.26188773852,2012.23489048581,1322200000
321,60,12.8039519272839,8.21205003000332,-11.1179068782163,8.1978275,-11.0803252,961.97121332388,949.167261396596,1999.27793309405,2012.08188502133,1322200000
321,61,12.0069162210185,8.21205003000332,-11.1179068782163,7.85723222765554,-11.1980350301359,961.174177617614,949.167261396596,1999.27793309405,2011.28484931507,1322200000
322,323,9.23383752750822,8.18993623507621,-11.1384829848382,8.1892122080358,-11.1367184851141,950.927579605027,941.693742077519,1991.80441377497,2001.03825130248,1322200000
322,65,21.6092026633832,8.18993623507621,-11.1384829848382,8.18834650129145,-11.1371562331531,963.302944740902,941.693742077519,1991.80441377497,2013.41361643836,1322200000
323,64,12.0822144509436,8.1892122080358,-11.1367184851141,8.18705581876913,-11.1348828224725,963.009794055971,950.927579605027,2001.03825130248,2013.12046575342,1322200000
323,324,2.1686447138314,8.1892122080358,-11.1367184851141,8.18280031516355,-11.1356674885382,953.096224318858,950.927579605027,2001.03825130248,2003.20689601631,1322200000
324,63,9.350398841087,8.18280031516355,-11.1356674885382,7.86097482647732,-11.1993026789952,962.446623159945,953.096224318858,2003.20689601631,2012.5572948574,1322200000
324,62,8.85313108152413,8.18280031516355,-11.1356674885382,8.116599,-11.174797,961.949355400383,953.096224318858,2003.20689601631,2012.06002709784,1322200000
325,326,0.459469579091611,8.19406980559131,-11.1179410928977,8.19408301171011,-11.1186434304646,916.233122282582,915.77365270349,1965.88432440094,1966.34379398004,1322200000
325,336,32.1910540545961,8.19406980559131,-11.1179410928977,8.31962107202487,-11.3118138443423,947.964706758086,915.77365270349,1965.88432440094,1998.07537845554,1322200000
326,327,22.506484133038,8.19408301171011,-11.1186434304646,8.18430352411018,-11.1205692821323,938.73960641562,916.233122282582,1966.34379398004,1988.85027811307,1322200000
326,331,4.73011659692963,8.19408301171011,-11.1186434304646,8.191928919359,-11.1100676220106,920.963238879511,916.233122282582,1966.34379398004,1971.07391057697,1322200000
327,328,17.5112435470587,8.18430352411018,-11.1205692821323,8.21808870518625,-11.0600707430572,956.250849962678,938.73960641562,1988.85027811307,2006.36152166013,1322200000
327,66,23.0729273663782,8.18430352411018,-11.1205692821323,8.18630872111592,-11.1372254649085,961.812533781998,938.73960641562,1988.85027811307,2011.92320547945,1322200000
328,329,2.18658409447215,8.21808870518625,-11.0600707430572,8.21867233113421,-11.059753893,958.437434057151,956.250849962678,2006.36152166013,2008.5481057546,1322200000
328,67,5.09593039466197,8.21808870518625,-11.0600707430572,8.21654631975472,-11.0615418347289,961.34678035734,956.250849962678,2006.36152166013,2011.45745205479,1322200000
329,330,0.553532332345151,8.21867233113421,-11.059753893,8.22180117330185,-11.0576777763223,958.990966389496,958.437434057151,2008.5481057546,2009.10163808695,1322200000
329,68,1.10660657416251,8.21867233113421,-11.059753893,8.21966060254575,-11.0611965695348,959.544040631313,958.437434057151,2008.5481057546,2009.65471232877,1322200000
330,69,0.89827972126939,8.22180117330185,-11.0576777763223,8.22241435967181,-11.0576008778275,959.889246110765,958.990966389496,2009.10163808695,2009.99991780822,1322200000
330,70,1.00238931031056,8.22180117330185,-11.0576777763223,7.874519,-11.342483,959.993355699806,958.990966389496,2009.10163808695,2010.10402739726,1322200000
331,334,2.44933548152231,8.191928919359,-11.1100676220106,8.19326979746559,-11.1118021638628,923.412574361034,920.963238879511,1971.07391057697,1973.52324605849,1322200000
331,332,9.39349608052162,8.191928919359,-11.1100676220106,8.20447664279096,-11.0632134221129,930.356734960033,920.963238879511,1971.07391057697,1980.46740665749,1322200000
332,71,28.8585385479924,8.20447664279096,-11.0632134221129,8.21510762199788,-11.0639896294776,959.215273508025,930.356734960033,1980.46740665749,2009.32594520548,1322200000
332,333,3.54452555886558,8.20447664279096,-11.0632134221129,8.19590782138733,-11.0560329859813,933.901260518899,930.356734960033,1980.46740665749,1984.01193221635,1322200000
333,73,25.3112732630995,8.19590782138733,-11.0560329859813,7.85913224313084,-11.1953226556757,959.212533781998,933.901260518899,1984.01193221635,2009.32320547945,1322200000
333,72,27.8619581946063,8.19590782138733,-11.0560329859813,8.21154,-11.05124,961.763218713505,933.901260518899,1984.01193221635,2011.87389041096,1322200000
334,335,23.5904488849681,8.19326979746559,-11.1118021638628,8.17525559640395,-11.1162502721073,947.003023246002,923.412574361034,1973.52324605849,1997.11369494346,1322200000
334,76,38.5914258480921,8.19326979746559,-11.1118021638628,8.18,-11.08,962.004000209126,923.412574361034,1973.52324605849,2012.11467190658,1322200000
335,75,14.7875927277771,8.17525559640395,-11.1162502721073,7.86746362836799,-11.7055249962084,961.790615973779,947.003023246002,1997.11369494346,2011.90128767123,1322200000
335,74,14.7656749195578,8.17525559640395,-11.1162502721073,8.18231285801774,-11.1357280204281,961.768698165559,947.003023246002,1997.11369494346,2011.87936986301,1322200000
336,78,15.0204297636377,8.31962107202487,-11.3118138443423,8.3188107,-11.3151104,962.985136521724,947.964706758086,1998.07537845554,2013.09580821918,1322200000
336,77,13.6122105855556,8.31962107202487,-11.3118138443423,7.8631693432464,-11.1932620052616,961.576917343642,947.964706758086,1998.07537845554,2011.6875890411,1322200000
337,338,11.0126902837743,7.86384398423766,-11.7043413242574,7.86172214431961,-11.7036553882709,866.438483106387,855.425792822613,1905.53646452007,1916.54915480384,1322200000
337,79,106.714819408371,7.86384398423766,-11.7043413242574,7.87139007131237,-11.7077825844272,962.140612230984,855.425792822613,1905.53646452007,2012.25128392844,1322200000
338,80,95.606500709296,7.86172214431961,-11.7036553882709,7.86977061454131,-11.7088585264236,962.044983815683,866.438483106387,1916.54915480384,2012.15565551314,1322200000
338,339,17.5613707734042,7.86172214431961,-11.7036553882709,7.86339536291618,-11.7047832101174,883.999853879791,866.438483106387,1916.54915480384,1934.11052557725,1322200000
339,341,61.9765297238906,7.86339536291618,-11.7047832101174,7.86597658452349,-11.7101902052117,945.976383603682,883.999853879791,1934.11052557725,1996.08705530114,1322200000
339,340,64.9651424531831,7.86339536291618,-11.7047832101174,7.87096876742064,-11.7089913154161,948.964996332974,883.999853879791,1934.11052557725,1999.07566803043,1322200000
340,81,14.4584963531331,7.87096876742064,-11.7089913154161,7.666711,-11.859363,963.423492686107,948.964996332974,1999.07566803043,2013.53416438356,1322200000
340,82,12.0886333394346,7.87096876742064,-11.7089913154161,7.86734667706941,-11.7077256360758,961.053629672409,948.964996332974,1999.07566803043,2011.16430136986,1322200000
341,83,16.4729717967006,7.86597658452349,-11.7101902052117,7.87092962962908,-11.7044158886431,962.449355400383,945.976383603682,1996.08705530114,2012.56002709784,1322200000
341,342,2.42636186581042,7.86597658452349,-11.7101902052117,7.86731141641464,-11.7123068258841,948.402745469492,945.976383603682,1996.08705530114,1998.51341716695,1322200000
342,84,13.9701071986497,7.86731141641464,-11.7123068258841,7.891162,-12.086255,962.372852668142,948.402745469492,1998.51341716695,2012.4835243656,1322200000
342,343,1.33597224238997,7.86731141641464,-11.7123068258841,7.86726045500673,-11.7108564194243,949.738717711882,948.402745469492,1998.51341716695,1999.84938940934,1322200000
343,85,12.1915120054401,7.86726045500673,-11.7108564194243,7.86578192903884,-11.7137480809784,961.930229717322,949.738717711882,1999.84938940934,2012.04090141478,1322200000
343,344,2.73872636756065,7.86726045500673,-11.7108564194243,7.86853079535488,-11.7088017504994,952.477444079443,949.738717711882,1999.84938940934,2002.5881157769,1322200000
344,87,10.04841405318,7.86853079535488,-11.7088017504994,7.8698018514884,-11.7080584948319,962.525858132623,952.477444079443,2002.5881157769,2012.63652983008,1322200000
344,86,10.9953636751576,7.86853079535488,-11.7088017504994,7.9538763,-11.7132483,963.472807754601,952.477444079443,2002.5881157769,2013.58347945205,1322200000
345,346,88.8968193568936,8.20638885733333,-11.0846674460795,9.87259749310955,-12.4302282257595,933.329174374821,844.432355017927,1894.54302671538,1983.43984607228,1322200000
345,94,116.508945887358,8.20638885733333,-11.0846674460795,8.21414777561973,-11.0624511358112,960.941300905286,844.432355017927,1894.54302671538,2011.05197260274,1322200000
346,347,5.21276569874269,9.87259749310955,-12.4302282257595,9.87249974233785,-12.4308800087402,938.541940073564,933.329174374821,1983.43984607228,1988.65261177102,1322200000
346,93,30.9080169414235,9.87259749310955,-12.4302282257595,9.86691647435993,-12.4340185198284,964.237191316244,933.329174374821,1983.43984607228,2014.3478630137,1322200000
347,348,1.9425623378503,9.87249974233785,-12.4308800087402,9.86901488009438,-12.429271671691,940.484502411414,938.541940073564,1988.65261177102,1990.59517410887,1322200000
347,350,8.98741338228573,9.87249974233785,-12.4308800087402,9.87552659709751,-12.4310532316818,947.529353455849,938.541940073564,1988.65261177102,1997.6400251533,1322200000
348,88,23.7581683568855,9.86901488009438,-12.429271671691,9.8739349429013,-12.4288494323836,964.242670768299,940.484502411414,1990.59517410887,2014.35334246575,1322200000
348,349,23.5424870722126,9.86901488009438,-12.429271671691,9.86933551120967,-12.431767111167,964.026989483626,940.484502411414,1990.59517410887,2014.13766118108,1322200000
349,90,0.212941558645292,9.86933551120967,-12.431767111167,9.86853383216205,-12.4325449912547,964.239931042272,964.026989483626,2014.13766118108,2014.35060273973,1322200000
349,89,0.210201832617934,9.86933551120967,-12.431767111167,9.87099727058273,-12.4282607175669,964.237191316244,964.026989483626,2014.13766118108,2014.3478630137,1322200000
350,91,16.7105775864225,9.87552659709751,-12.4310532316818,9.87317425745466,-12.4268514163369,964.239931042272,947.529353455849,1997.6400251533,2014.35060273973,1322200000
350,92,16.7105775864225,9.87552659709751,-12.4310532316818,9.87151761227794,-12.4266791230247,964.239931042272,947.529353455849,1997.6400251533,2014.35060273973,1322200000
351,352,71.4051495612572,6.98307603936871,-9.48377566566834,6.98902212691202,-9.47546957365219,904.419896096846,833.014746535589,1883.12541823304,1954.5305677943,1322200000
351,353,114.034294823401,6.98307603936871,-9.48377566566834,6.99267098876426,-9.48271459250929,947.04904135899,833.014746535589,1883.12541823304,1997.15971305644,1322200000
352,96,62.8063363152886,6.98902212691202,-9.47546957365219,6.99330043557003,-9.47235332866745,967.226232412135,904.419896096846,1954.5305677943,2017.33690410959,1322200000
352,95,61.750770778946,6.98902212691202,-9.47546957365219,7.24306,-8.87194,966.170666875792,904.419896096846,1954.5305677943,2016.28133857325,1322200000
353,100,13.9771910531452,6.99267098876426,-9.48271459250929,6.98986,-9.580031,961.026232412135,947.04904135899,1997.15971305644,2011.13690410959,1322200000
353,354,5.62962019479042,6.99267098876426,-9.48271459250929,6.9920753026213,-9.47640724866334,952.67866155378,947.04904135899,1997.15971305644,2002.78933325123,1322200000
354,99,14.328392776163,6.9920753026213,-9.47640724866334,6.99145975919694,-9.47232719199173,967.007054329943,952.67866155378,2002.78933325123,2017.1177260274,1322200000
354,355,2.28659240901029,6.9920753026213,-9.47640724866334,6.99894967786647,-9.47563596930926,954.96525396279,952.67866155378,2002.78933325123,2005.07592566024,1322200000
355,97,11.0769976124555,6.99894967786647,-9.47563596930926,6.99892183899031,-9.46771644448498,966.042251575246,954.96525396279,2005.07592566024,2016.1529232727,1322200000
355,98,6.20618392879647,6.99894967786647,-9.47563596930926,6.99744413380113,-9.47603488543918,961.171437891587,954.96525396279,2005.07592566024,2011.28210958904,1322200000
259,260,373.425213673032,7.65898730450609,4.60852832358901,8.05264924171019,5.32280753305361,901.707676101535,528.282462428503,1578.39313412596,1951.81834779899,1322200000
259,4,433.808969474612,7.65898730450609,4.60852832358901,7.6833,4.6167,962.091431903115,528.282462428503,1578.39313412596,2012.20210360057,1322200000
260,2,64.2170891349134,8.05264924171019,5.32280753305361,7.845422,5.182916,965.924765236448,901.707676101535,1951.81834779899,2016.0354369339,1322200000
260,3,67.2254056256687,8.05264924171019,5.32280753305361,7.525829,5.762072,968.933081727203,901.707676101535,1951.81834779899,2019.04375342466,1322200000
356,357,76.560174174248,6.03887199238329,7.78881212444814,6.04248713168966,7.79912857775783,785.838048335773,709.277874161525,1759.38854585898,1835.94872003323,1322200000
356,507,97.0981695742899,6.03887199238329,7.78881212444814,6.05696905008637,7.8092129853487,806.376043735815,709.277874161525,1759.38854585898,1856.48671543327,1322200000
357,496,116.665263440155,6.04248713168966,7.79912857775783,5.96490770523069,7.77504307793461,902.503311775927,785.838048335773,1835.94872003323,1952.61398347338,1322200000
357,358,48.7907605479571,6.04248713168966,7.79912857775783,6.18644495499768,6.77057992276645,834.62880888373,785.838048335773,1835.94872003323,1884.73948058118,1322200000
358,359,65.0596222481029,6.18644495499768,6.77057992276645,6.17424639190918,6.77769088860002,899.688431131833,834.62880888373,1884.73948058118,1949.79910282929,1322200000
358,364,53.8595588343486,6.18644495499768,6.77057992276645,6.1978968861255,6.7452533889439,888.488367718078,834.62880888373,1884.73948058118,1938.59903941553,1322200000
359,106,24.3025856327458,6.17424639190918,6.77769088860002,6.166667,6.783333,923.991016764578,899.688431131833,1949.79910282929,1974.10168846203,1322200000
359,360,8.69837907279882,6.17424639190918,6.77769088860002,8.88623843958114,11.4032267483904,908.386810204631,899.688431131833,1949.79910282929,1958.49748190209,1322200000
360,363,34.3667739221214,8.88623843958114,11.4032267483904,8.88959206107306,11.4038503900761,942.753584126753,908.386810204631,1958.49748190209,1992.86425582421,1322200000
360,361,16.0920877361383,8.88623843958114,11.4032267483904,8.88945012848579,11.3508239387416,924.47889794077,908.386810204631,1958.49748190209,1974.58956963822,1322200000
361,101,38.5856906357487,8.88945012848579,11.3508239387416,8.88872538594294,11.3543917175827,963.064588576518,924.47889794077,1974.58956963822,2013.17526027397,1322200000
361,362,6.90956147922872,8.88945012848579,11.3508239387416,8.89083829431912,11.3524653431146,931.388459419998,924.47889794077,1974.58956963822,1981.49913111745,1322200000
362,103,30.6046118273785,8.89083829431912,11.3524653431146,8.89088031098822,11.3567319293518,961.993071247377,931.388459419998,1981.49913111745,2012.10374294483,1322200000
362,102,36.5939373756981,8.89083829431912,11.3524653431146,8.89608884961453,11.3583498585335,967.982396795697,931.388459419998,1981.49913111745,2018.09306849315,1322200000
363,105,23.146590945761,8.88959206107306,11.4038503900761,7.251211,9.976395,965.900175072514,942.753584126753,1992.86425582421,2016.01084676997,1322200000
363,104,19.2449516014987,8.88959206107306,11.4038503900761,8.89682324940253,11.3606046137754,961.998535728251,942.753584126753,1992.86425582421,2012.10920742571,1322200000
364,365,59.7839587609294,6.1978968861255,6.7452533889439,6.18766597484406,6.73238814534235,948.272326479008,888.488367718078,1938.59903941553,1998.38299817646,1322200000
364,367,11.4734984874236,6.1978968861255,6.7452533889439,6.20129763945537,6.74592385046879,899.961866205502,888.488367718078,1938.59903941553,1950.07253790296,1322200000
365,366,13.8048075679099,6.18766597484406,6.73238814534235,6.19468542205142,6.73125224092017,962.077134046918,948.272326479008,1998.38299817646,2012.18780574437,1322200000
365,109,20.6580155221683,6.18766597484406,6.73238814534235,7.272099,6.346321,968.930342001176,948.272326479008,1998.38299817646,2019.04101369863,1322200000
366,108,5.95183809124468,6.19468542205142,6.73125224092017,6.20065876643408,6.72877717816011,968.028972138162,962.077134046918,2012.18780574437,2018.13964383562,1322200000
366,107,5.94087918713502,6.19468542205142,6.73125224092017,6.19729023140339,6.72890796979721,968.018013234053,962.077134046918,2012.18780574437,2018.12868493151,1322200000
367,368,36.0131088375748,6.20129763945537,6.74592385046879,6.19462385542444,6.74048314694328,935.974975043077,899.961866205502,1950.07253790296,1986.08564674053,1322200000
367,369,12.9213707433193,6.20129763945537,6.74592385046879,6.20245797376365,6.74128510100173,912.883236948821,899.961866205502,1950.07253790296,1962.99390864628,1322200000
368,110,32.9197505197429,6.19462385542444,6.74048314694328,6.65507881498782,6.38060772574976,968.89472556282,935.974975043077,1986.08564674053,2019.00539726027,1322200000
368,111,33.0731751772772,6.19462385542444,6.74048314694328,6.19600398118291,6.73225881862522,969.048150220354,935.974975043077,1986.08564674053,2019.15882191781,1322200000
369,370,0.644337177893405,6.20245797376365,6.74128510100173,6.20377414020631,6.73970352197531,913.527574126715,912.883236948821,1962.99390864628,1963.63824582417,1322200000
369,374,7.02945415400048,6.20245797376365,6.74128510100173,6.73581776903594,6.22801185129651,919.912691102822,912.883236948821,1962.99390864628,1970.02336280028,1322200000
370,371,22.5157972884257,6.20377414020631,6.73970352197531,6.20481735691713,6.7325939618941,936.04337141514,913.527574126715,1963.63824582417,1986.15404311259,1322200000
370,373,16.0817680508409,6.20377414020631,6.73970352197531,6.65137549323906,6.38282662151583,929.609342177556,913.527574126715,1963.63824582417,1979.72001387501,1322200000
371,114,26.2502462803241,6.20481735691713,6.7325939618941,6.2005248123172,6.73155160773482,962.293617695464,936.04337141514,1986.15404311259,2012.40428939292,1322200000
371,372,17.3988979187926,6.20481735691713,6.7325939618941,6.45194330457853,6.72981347916802,953.442269333933,936.04337141514,1986.15404311259,2003.55294103139,1322200000
372,112,14.5236891055993,6.45194330457853,6.72981347916802,6.452245,6.728375,967.965958439532,953.442269333933,2003.55294103139,2018.07663013699,1322200000
372,113,14.5620452699828,6.45194330457853,6.72981347916802,6.452608,6.726605,968.004314603916,953.442269333933,2003.55294103139,2018.11498630137,1322200000
373,116,38.3292190017026,6.65137549323906,6.38282662151583,7.098654,6.678859,967.938561179258,929.609342177556,1979.72001387501,2018.04923287671,1322200000
373,115,38.3483970838944,6.65137549323906,6.38282662151583,6.65577560891479,6.38353171857904,967.95773926145,929.609342177556,1979.72001387501,2018.0684109589,1322200000
374,375,1.55296818608925,6.73581776903594,6.22801185129651,6.73583881381109,6.22982870812324,921.465659288911,919.912691102822,1970.02336280028,1971.57633098637,1322200000
374,397,2.34094094440763,6.73581776903594,6.22801185129651,6.73455329189865,6.2268308345843,922.253632047229,919.912691102822,1970.02336280028,1972.36430374468,1322200000
375,385,11.4448919943028,6.73583881381109,6.22982870812324,6.74390756611115,6.23220227501388,932.910551283214,921.465659288911,1971.57633098637,1983.02122298067,1322200000
375,376,0.830098480706987,6.73583881381109,6.22982870812324,6.73571047861446,6.23066657884215,922.295757769618,921.465659288911,1971.57633098637,1972.40642946707,1322200000
376,383,9.31922062477842,6.73571047861446,6.23066657884215,7.06261353108691,6.26143995977299,931.614978394396,922.295757769618,1972.40642946707,1981.72565009185,1322200000
376,377,18.6962963053143,6.73571047861446,6.23066657884215,6.83001210568518,6.16374307400163,940.992054074932,922.295757769618,1972.40642946707,1991.10272577239,1322200000
377,117,28.0643153235041,6.83001210568518,6.16374307400163,7.20179738725049,5.58419055681976,969.056369398436,940.992054074932,1991.10272577239,2019.16704109589,1322200000
377,378,4.09088207400208,6.83001210568518,6.16374307400163,6.76121975694296,6.13648827625088,945.082936148934,940.992054074932,1991.10272577239,1995.19360784639,1322200000
378,381,15.8670096464823,6.76121975694296,6.13648827625088,6.76164697015172,6.13735915713765,960.949945795417,945.082936148934,1995.19360784639,2011.06061749287,1322200000
378,379,7.11143478329213,6.76121975694296,6.13648827625088,6.74322185569744,6.14099777386393,952.194370932226,945.082936148934,1995.19360784639,2002.30504262968,1322200000
379,380,6.57877578097581,6.74322185569744,6.14099777386393,6.74945879264272,6.13623910366399,958.773146713202,952.194370932226,2002.30504262968,2008.88381841066,1322200000
379,118,15.8674779182646,6.74322185569744,6.14099777386393,6.75467132333868,6.13730624936553,968.061848850491,952.194370932226,2002.30504262968,2018.17252054795,1322200000
380,119,5.18185282222022,6.74945879264272,6.13623910366399,6.75229484148239,6.21998296020853,963.954999535423,958.773146713202,2008.88381841066,2014.06567123288,1322200000
380,120,10.1818528222202,6.74945879264272,6.13623910366399,6.74968059658363,6.13210422265742,968.954999535423,958.773146713202,2008.88381841066,2019.06567123288,1322200000
381,121,7.06258798658132,6.76164697015172,6.13735915713765,7.113571,6.327094,968.012533781998,960.949945795417,2011.06061749287,2018.12320547945,1322200000
381,382,6.02993778902352,6.76164697015172,6.13735915713765,6.75430960202344,6.13091492152019,966.97988358444,960.949945795417,2011.06061749287,2017.09055528189,1322200000
382,122,1.00525293728376,6.75430960202344,6.13091492152019,6.75393416530124,6.13097176905984,967.985136521724,966.97988358444,2017.09055528189,2018.09580821918,1322200000
382,123,0.977855677009736,6.75430960202344,6.13091492152019,6.7533168927775,6.12931849930105,967.95773926145,966.97988358444,2017.09055528189,2018.0684109589,1322200000
383,384,7.04011183482906,7.06261353108691,6.26143995977299,7.06430542775742,6.26713687135747,938.655090229225,931.614978394396,1981.72565009185,1988.76576192668,1322200000
383,126,37.4468704560947,7.06261353108691,6.26143995977299,7.06334200472262,6.26572955106024,969.061848850491,931.614978394396,1981.72565009185,2019.17252054795,1322200000
384,125,29.2560736897587,7.06430542775742,6.26713687135747,7.0623117792244,6.26657420199458,967.911163918984,938.655090229225,1988.76576192668,2018.02183561644,1322200000
384,124,29.3437449226355,7.06430542775742,6.26713687135747,7.06837929412392,6.26592951250065,967.998835151861,938.655090229225,1988.76576192668,2018.10950684932,1322200000
385,386,2.23182111700623,6.74390756611115,6.23220227501388,6.74028171314414,6.22799598323117,935.14237240022,932.910551283214,1983.02122298067,1985.25304409767,1322200000
385,388,5.8370447190086,6.74390756611115,6.23220227501388,6.70925680380026,6.33443423031224,938.747596002222,932.910551283214,1983.02122298067,1988.85826769968,1322200000
386,387,12.8342153338455,6.74028171314414,6.22799598323117,6.75741790375919,6.23827219764953,947.976587734065,935.14237240022,1985.25304409767,1998.08725943152,1322200000
386,129,33.8345449434219,6.74028171314414,6.22799598323117,6.73466100940397,6.22634135490977,968.976917343642,935.14237240022,1985.25304409767,2019.0875890411,1322200000
387,128,18.0356091963716,6.75741790375919,6.23827219764953,6.751025446131,6.21831871989634,966.012196930437,947.976587734065,1998.08725943152,2016.12286862789,1322200000
387,127,20.9318364588912,6.75741790375919,6.23827219764953,6.70946560600327,6.3332608629304,968.908424192957,947.976587734065,1998.08725943152,2019.01909589041,1322200000
388,394,10.4834241516197,6.70925680380026,6.33443423031224,6.7105504932239,6.33311362597524,949.231020153842,938.747596002222,1988.85826769968,1999.3416918513,1322200000
388,389,7.13967927226043,6.70925680380026,6.33443423031224,6.70762388736168,6.33164338876682,945.887275274483,938.747596002222,1988.85826769968,1995.99794697194,1322200000
389,393,15.0342170594067,6.70762388736168,6.33164338876682,6.71261634205056,6.32948835718441,960.921492333889,945.887275274483,1995.99794697194,2011.03216403134,1322200000
389,390,11.0777538983953,6.70762388736168,6.33164338876682,6.71048030417925,6.33370073762711,956.965029172878,945.887275274483,1995.99794697194,2007.07570087033,1322200000
390,391,9.64571567431542,6.71048030417925,6.33370073762711,6.70575118375343,6.33095293698003,966.610744847193,956.965029172878,2007.07570087033,2016.72141654465,1322200000
390,392,2.83603334959039,6.71048030417925,6.33370073762711,6.70988927579315,6.33349015524303,959.801062522468,956.965029172878,2007.07570087033,2009.91173421992,1322200000
391,131,1.41548756494149,6.70575118375343,6.33095293698003,6.7140879103136,6.32657902249463,968.026232412135,966.610744847193,2016.72141654465,2018.13690410959,1322200000
391,130,1.38261085261274,6.70575118375343,6.33095293698003,6.70824658989737,6.3307006021358,967.993355699806,966.610744847193,2016.72141654465,2018.10402739726,1322200000
392,133,9.13201920473501,6.70988927579315,6.33349015524303,6.71523551630728,6.32582323818771,968.933081727203,959.801062522468,2009.91173421992,2019.04375342466,1322200000
392,132,9.26626578007734,6.70988927579315,6.33349015524303,6.71244039161996,6.32952846572544,969.067328302546,959.801062522468,2009.91173421992,2019.178,1322200000
393,134,7.06638391386175,6.71261634205056,6.32948835718441,6.71334707301718,6.32858269032628,967.987876247751,960.921492333889,2011.03216403134,2018.09854794521,1322200000
393,135,7.09926062619049,6.71261634205056,6.32948835718441,6.71433227269789,6.32565155854892,968.02075296008,960.921492333889,2011.03216403134,2018.13142465753,1322200000
394,136,19.8116506144573,6.7105504932239,6.33311362597524,7.07021123817855,6.27109523189423,969.042670768299,949.231020153842,1999.3416918513,2019.15334246575,1322200000
394,395,15.381033114169,6.7105504932239,6.33311362597524,6.71078719378311,6.32926370696449,964.612053268011,949.231020153842,1999.3416918513,2014.72272496547,1322200000
395,139,3.46075448658966,6.71078719378311,6.32926370696449,6.70804390342761,6.33317537879883,968.072807754601,964.612053268011,2014.72272496547,2018.18347945206,1322200000
395,396,2.41766197428209,6.71078719378311,6.32926370696449,6.71029812890392,6.32970192147633,967.029715242293,964.612053268011,2014.72272496547,2017.14038693975,1322200000
396,137,1.04035278628021,6.71029812890392,6.32970192147633,6.71094780252779,6.32976866092619,968.070068028573,967.029715242293,2017.14038693975,2018.18073972603,1322200000
396,138,1.94994182737605,6.71029812890392,6.32970192147633,6.71656950759657,6.33277898832234,968.979657069669,967.029715242293,2017.14038693975,2019.09032876712,1322200000
397,454,1.28584049250522,6.73455329189865,6.2268308345843,6.73421423937871,6.22802306898649,923.539472539735,922.253632047229,1972.36430374468,1973.65014423719,1322200000
397,398,0.269292004815377,6.73455329189865,6.2268308345843,6.73444376547581,6.22672166076424,922.522924052045,922.253632047229,1972.36430374468,1972.6335957495,1322200000
398,399,2.7247984241269,6.73444376547581,6.22672166076424,6.73340686527963,6.22317174695649,925.247722476172,922.522924052045,1972.6335957495,1975.35839417363,1322200000
398,196,45.4101576751587,6.73444376547581,6.22672166076424,7.80207,6.74365,967.933081727203,922.522924052045,1972.6335957495,2018.04375342466,1322200000
399,428,6.46205765616098,6.73340686527963,6.22317174695649,6.73869651661527,6.22368794924227,931.709780132333,925.247722476172,1975.35839417363,1981.82045182979,1322200000
399,400,3.06608709848265,6.73340686527963,6.22317174695649,6.72516943088576,6.20289221933843,928.313809574654,925.247722476172,1975.35839417363,1978.42448127211,1322200000
400,401,1.16857888552066,6.72516943088576,6.20289221933843,6.86138923448268,5.76473744665638,929.482388460175,928.313809574654,1978.42448127211,1979.59306015763,1322200000
400,426,3.93930462244019,6.72516943088576,6.20289221933843,6.73120257535584,6.18166516897239,932.253114197094,928.313809574654,1978.42448127211,1982.36378589455,1322200000
401,406,0.792646914037284,6.86138923448268,5.76473744665638,6.86543295005158,5.76812501752041,930.275035374212,929.482388460175,1979.59306015763,1980.38570707167,1322200000
401,402,25.4741413370811,6.86138923448268,5.76473744665638,6.92100638380728,5.77575656888345,954.956529797256,929.482388460175,1979.59306015763,2005.06720149471,1322200000
402,144,13.0286067244678,6.92100638380728,5.77575656888345,6.92467812225638,5.77591638821476,967.985136521724,954.956529797256,2005.06720149471,2018.09580821918,1322200000
402,403,3.0843133520138,6.92100638380728,5.77575656888345,6.8229839025771,5.58588938403198,958.04084314927,954.956529797256,2005.06720149471,2008.15151484672,1322200000
403,404,0.761332881551088,6.8229839025771,5.58588938403198,6.78256447093573,5.59081063001573,958.802176030821,958.04084314927,2008.15151484672,2008.91284772828,1322200000
403,140,10.0100467971115,6.8229839025771,5.58588938403198,6.33618744734847,5.62277581666933,968.050889946381,958.04084314927,2008.15151484672,2018.16156164384,1322200000
404,405,1.33563488466373,6.78256447093573,5.59081063001573,6.78263546194196,5.59024016525054,960.137810915485,958.802176030821,2008.91284772828,2010.24848261294,1322200000
404,141,5.66789199775225,6.78256447093573,5.59081063001573,6.78255079575478,5.59336020637418,964.470068028573,958.802176030821,2008.91284772828,2014.58073972603,1322200000
405,142,8.7541749213077,6.78263546194196,5.59024016525054,6.77948864575629,5.59361206480629,968.891985836792,960.137810915485,2010.24848261294,2019.00265753425,1322200000
405,143,4.12403793500641,6.78263546194196,5.59024016525054,6.78378758316774,5.59117229829529,964.261848850491,960.137810915485,2010.24848261294,2014.37252054795,1322200000
406,423,17.2867317400851,6.86543295005158,5.76812501752041,6.87370584449233,5.74537086225598,947.561767114297,930.275035374212,1980.38570707167,1997.67243881175,1322200000
406,407,0.66105940710041,6.86543295005158,5.76812501752041,7.08918090439714,6.28143322364425,930.936094781313,930.275035374212,1980.38570707167,1981.04676647877,1322200000
407,408,24.0098268440689,7.08918090439714,6.28143322364425,7.08926263377566,6.27995656027313,954.945921625382,930.936094781313,1981.04676647877,2005.05659332284,1322200000
407,410,2.47035758079743,7.08918090439714,6.28143322364425,7.08432104347242,6.28729564057625,933.40645236211,930.936094781313,1981.04676647877,1983.51712405956,1322200000
408,409,4.82457135751422,7.08926263377566,6.27995656027313,7.0960720791515,6.28052469334228,959.770492982896,954.945921625382,2005.05659332284,2009.88116468035,1322200000
408,145,13.995379279904,7.08926263377566,6.27995656027313,7.08703466799818,6.27911043494636,968.941300905285,954.945921625382,2005.05659332284,2019.05197260274,1322200000
409,146,9.22286271691047,7.0960720791515,6.28052469334228,7.06507612260383,6.26523777485824,968.993355699806,959.770492982896,2009.88116468035,2019.10402739726,1322200000
409,147,8.15984901828034,7.0960720791515,6.28052469334228,7.20173502351048,5.59044805787802,967.930342001176,959.770492982896,2009.88116468035,2018.04101369863,1322200000
410,418,2.55787884582334,7.08432104347242,6.28729564057625,7.08681683916904,6.28708541361238,935.964331207933,933.40645236211,1983.51712405956,1986.07500290539,1322200000
410,411,0.444625903464718,7.08432104347242,6.28729564057625,7.08549439285199,6.28812697479234,933.851078265575,933.40645236211,1983.51712405956,1983.96174996303,1322200000
411,412,0.898166160485516,7.08549439285199,6.28812697479234,7.08599736524978,6.28771551885675,934.74924442606,933.851078265575,1983.96174996303,1984.85991612351,1322200000
411,148,32.0463645665016,7.08549439285199,6.28812697479234,6.75468752084555,6.22017992371867,965.897442832076,933.851078265575,1983.96174996303,2016.00811452953,1322200000
412,415,0.321709194268685,7.08599736524978,6.28771551885675,7.08614840257181,6.28865502218248,935.070953620329,934.74924442606,1984.85991612351,1985.18162531778,1322200000
412,413,6.47271988932421,7.08599736524978,6.28771551885675,7.07082574926503,6.28061718930564,941.221964315384,934.74924442606,1984.85991612351,1991.33263601284,1322200000
413,414,11.9105738772346,7.07082574926503,6.28061718930564,7.06597375344319,6.26377744832892,953.132538192619,941.221964315384,1991.33263601284,2003.24320989007,1322200000
413,149,26.3047986824165,7.07082574926503,6.28061718930564,7.088383,6.290372,967.526762997801,941.221964315384,1991.33263601284,2017.63743469526,1322200000
414,150,15.8553380551322,7.06597375344319,6.26377744832892,7.06386404147309,6.26306227773901,968.987876247751,953.132538192619,2003.24320989007,2019.09854794521,1322200000
414,151,15.811502438694,7.06597375344319,6.26377744832892,7.06271227408243,6.26876793434739,968.944040631313,953.132538192619,2003.24320989007,2019.05471232877,1322200000
415,417,15.7930189678553,7.08614840257181,6.28865502218248,7.08346848841526,6.28400788531356,950.863972588184,935.070953620329,1985.18162531778,2000.97464428564,1322200000
415,416,28.4367402822773,7.08614840257181,6.28865502218248,7.0738377124462,6.28189714880513,963.507693902606,935.070953620329,1985.18162531778,2013.61836560006,1322200000
416,152,4.44730563281622,7.0738377124462,6.28189714880513,7.0798142117915,6.2873778345267,967.954999535423,963.507693902606,2013.61836560006,2018.06567123288,1322200000
416,153,5.53497686569302,7.0738377124462,6.28189714880513,7.07904239837763,6.28037200737254,969.042670768299,963.507693902606,2013.61836560006,2019.15334246575,1322200000
417,154,18.1841776321698,7.08346848841526,6.28400788531356,7.08428158842933,6.28288690094011,969.048150220354,950.863972588184,2000.97464428564,2019.15882191781,1322200000
417,155,18.0718488650466,7.08346848841526,6.28400788531356,7.06467573391672,6.26900047558229,968.935821453231,950.863972588184,2000.97464428564,2019.04649315069,1322200000
418,419,6.87658948258913,7.08681683916904,6.28708541361238,7.08464808934399,6.28404418832745,942.840920690522,935.964331207933,1986.07500290539,1992.95159238798,1322200000
418,420,12.2373810746882,7.08681683916904,6.28708541361238,7.08488157142538,6.29266773163185,948.201712282622,935.964331207933,1986.07500290539,1998.31238398008,1322200000
419,157,25.1990103517494,7.08464808934399,6.28404418832745,7.06271063579991,6.26439392514661,968.039931042272,942.840920690522,1992.95159238798,2018.15060273973,1322200000
419,156,25.1853117216124,7.08464808934399,6.28404418832745,7.218593,6.334514,968.026232412135,942.840920690522,1992.95159238798,2018.13690410959,1322200000
420,161,20.7505475267736,7.08488157142538,6.29266773163185,7.08715158092637,6.28526327155292,968.952259809395,948.201712282622,1998.31238398008,2019.06293150685,1322200000
420,421,2.65821424383388,7.08488157142538,6.29266773163185,7.08248993580774,6.28313103341406,950.859926526455,948.201712282622,1998.31238398008,2000.97059822391,1322200000
421,160,18.0704154747206,7.08248993580774,6.28313103341406,7.08463701592936,6.28567407291832,968.930342001176,950.859926526455,2000.97059822391,2019.04101369863,1322200000
421,422,9.1469445350066,7.08248993580774,6.28313103341406,7.07920011248247,6.28092747937427,960.006871061462,950.859926526455,2000.97059822391,2010.11754275892,1322200000
422,158,8.92073121368642,7.07920011248247,6.28092747937427,7.08764331447751,6.28241165200751,968.927602275149,960.006871061462,2010.11754275892,2019.0382739726,1322200000
422,159,8.89059422738526,7.07920011248247,6.28092747937427,7.08164612219633,6.28614802603344,968.897465288847,960.006871061462,2010.11754275892,2019.0081369863,1322200000
423,424,17.4982200032475,6.87370584449233,5.74537086225598,6.87472153729167,5.74800591000655,965.059987117545,947.561767114297,1997.67243881175,2015.170658815,1322200000
423,425,3.40026409957204,6.87370584449233,5.74537086225598,7.18227657544833,5.58276618739538,950.962031213869,947.561767114297,1997.67243881175,2001.07270291132,1322200000
424,162,3.87309460965858,6.87472153729167,5.74800591000655,6.92724656319168,5.77374653779867,968.933081727203,965.059987117545,2015.170658815,2019.04375342466,1322200000
424,163,1.02871254513266,6.87472153729167,5.74800591000655,7.08545957172603,4.79601666143291,966.088699662678,965.059987117545,2015.170658815,2016.19937136013,1322200000
425,165,16.9546121571697,7.18227657544833,5.58276618739538,7.182869,5.581471,967.916643371039,950.962031213869,2001.07270291132,2018.02731506849,1322200000
425,164,17.9244751708683,7.18227657544833,5.58276618739538,7.19731072976323,5.58787918731846,968.886506384738,950.962031213869,2001.07270291132,2018.99717808219,1322200000
426,427,19.4856029866947,6.73120257535584,6.18166516897239,6.73144128102089,6.16734968142165,951.738717183789,932.253114197094,1982.36378589455,2001.84938888124,1322200000
426,166,36.688186708191,6.73120257535584,6.18166516897239,6.754196,6.054167,968.941300905286,932.253114197094,1982.36378589455,2019.05197260274,1322200000
427,167,17.2792960502635,6.73144128102089,6.16734968142165,6.74285775284606,6.22125116268021,969.018013234053,951.738717183789,2001.84938888124,2019.12868493151,1322200000
427,168,17.1779261872499,6.73144128102089,6.16734968142165,6.74804632518215,6.12973517952285,968.916643371039,951.738717183789,2001.84938888124,2019.02731506849,1322200000
428,429,0.997762541998149,6.73869651661527,6.22368794924227,6.73937235935982,6.22381730920281,932.707542674331,931.709780132333,1981.82045182979,1982.81821437178,1322200000
428,441,3.90396142658985,6.73869651661527,6.22368794924227,6.73867827814847,6.22518796205374,935.613741558922,931.709780132333,1981.82045182979,1985.72441325638,1322200000
429,432,0.3651909936873,6.73937235935982,6.22381730920281,6.73946038145065,6.2202776023116,933.072733668018,932.707542674331,1982.81821437178,1983.18340536547,1322200000
429,430,1.20665333078383,6.73937235935982,6.22381730920281,6.78516714418376,6.21652374635185,933.914196005114,932.707542674331,1982.81821437178,1984.02486770257,1322200000
430,171,34.0134062700339,6.78516714418376,6.21652374635185,7.20162868634326,5.59103370197219,967.927602275149,933.914196005114,1984.02486770257,2018.0382739726,1322200000
430,431,1.15730931217118,6.78516714418376,6.21652374635185,6.74769035270747,6.21801519163877,935.071505317286,933.914196005114,1984.02486770257,1985.18217701474,1322200000
431,170,32.0697955879998,6.74769035270747,6.21801519163877,6.75116546447333,6.21959899334208,967.141300905286,935.071505317286,1985.18217701474,2017.25197260274,1322200000
431,169,32.9711654510136,6.74769035270747,6.21801519163877,6.713854,6.154398,968.042670768299,935.071505317286,1985.18217701474,2018.15334246575,1322200000
432,433,5.38874215708222,6.73946038145065,6.2202776023116,6.74254476917967,6.22880968186969,938.4614758251,933.072733668018,1983.18340536547,1988.57214752255,1322200000
432,435,4.2099849851495,6.73946038145065,6.2202776023116,6.74291517172378,6.2227605723869,937.282718653168,933.072733668018,1983.18340536547,1987.39339035062,1322200000
433,434,2.61846684626659,6.74254476917967,6.22880968186969,6.94761664070842,5.98884522548153,941.079942671367,938.4614758251,1988.57214752255,1991.19061436882,1322200000
433,174,29.5428387788154,6.74254476917967,6.22880968186969,6.33050736698032,5.62720499639124,968.004314603916,938.4614758251,1988.57214752255,2018.11498630137,1322200000
434,172,27.8750568640557,6.94761664070842,5.98884522548153,6.94209543256071,5.98571356461745,968.954999535423,941.079942671367,1991.19061436882,2019.06567123288,1322200000
434,173,26.9572486448775,6.94761664070842,5.98884522548153,6.93732686596056,5.98888996265268,968.037191316244,941.079942671367,1991.19061436882,2018.1478630137,1322200000
435,436,0.816431819316094,6.74291517172378,6.2227605723869,6.68775011281161,6.12681732326015,938.099150472484,937.282718653168,1987.39339035062,1988.20982216994,1322200000
435,439,0.329543684587374,6.74291517172378,6.2227605723869,6.74221667497297,6.22264161217356,937.612262337755,937.282718653168,1987.39339035062,1987.72293403521,1322200000
436,178,29.8366709807472,6.68775011281161,6.12681732326015,6.997077,5.904454,967.935821453231,938.099150472484,1988.20982216994,2018.04649315069,1322200000
436,437,2.02716354125969,6.68775011281161,6.12681732326015,6.68322329353538,6.12145685273602,940.126314013743,938.099150472484,1988.20982216994,1990.2369857112,1322200000
437,438,22.7372818157659,6.68322329353538,6.12145685273602,6.75053581926649,6.13198088811918,962.863595829509,940.126314013743,1990.2369857112,2012.97426752696,1322200000
437,177,27.9136170285286,6.68322329353538,6.12145685273602,6.615948,5.986347,968.039931042272,940.126314013743,1990.2369857112,2018.15060273973,1322200000
438,176,6.04208863742015,6.75053581926649,6.13198088811918,6.74980639282831,6.13242777870838,968.905684466929,962.863595829509,2012.97426752696,2019.01635616438,1322200000
438,175,5.16537630865305,6.75053581926649,6.13198088811918,6.74743865128725,6.13054215049201,968.028972138162,962.863595829509,2012.97426752696,2018.13964383562,1322200000
439,179,20.3906979164642,6.74221667497297,6.22264161217356,6.74321956251889,6.22545004495174,958.002960254219,937.612262337755,1987.72293403521,2008.11363195167,1322200000
439,440,14.9462122823881,6.74221667497297,6.22264161217356,7.08709578262383,6.26538967168362,952.558474620143,937.612262337755,1987.72293403521,2002.6691463176,1322200000
440,180,16.4239221755535,7.08709578262383,6.26538967168362,7.06239858536181,6.2671301146712,968.982396795697,952.558474620143,2002.6691463176,2019.09306849315,1322200000
440,181,16.4129632714438,7.08709578262383,6.26538967168362,6.678119,3.51526,968.971437891587,952.558474620143,2002.6691463176,2019.08210958904,1322200000
441,442,12.1191977288192,6.73867827814847,6.22518796205374,6.73456408269685,6.22716706877208,947.732939287742,935.613741558922,1985.72441325638,1997.8436109852,1322200000
441,195,32.3385182504727,6.73867827814847,6.22518796205374,6.71568770023263,6.331453502306,967.952259809395,935.613741558922,1985.72441325638,2018.06293150685,1322200000
442,194,10.3193017833138,6.73456408269685,6.22716706877208,6.73640856818718,6.22380575292785,958.052241071055,947.732939287742,1997.8436109852,2008.16291276851,1322200000
442,443,0.152492721412269,6.73456408269685,6.22716706877208,7.20157920152021,5.58358727402348,947.885432009154,947.732939287742,1997.8436109852,1997.99610370661,1322200000
443,444,0.830985131472353,7.20157920152021,5.58358727402348,7.20189093843881,5.58472423952393,948.716417140626,947.885432009154,1997.99610370661,1998.82708883808,1322200000
443,450,3.62989368361515,7.20157920152021,5.58358727402348,7.20339395843428,5.5839600162325,951.515325692769,947.885432009154,1997.99610370661,2001.62599739022,1322200000
444,446,0.898727945585975,7.20189093843881,5.58472423952393,7.19927666022361,5.58796433091607,949.615145086212,948.716417140626,1998.82708883808,1999.72581678367,1322200000
444,445,1.15116721760844,7.20189093843881,5.58472423952393,7.20031026055817,5.58578193200236,949.867584358235,948.716417140626,1998.82708883808,1999.97825605569,1322200000
445,182,19.0682370949961,7.20031026055817,5.58578193200236,7.19558700783069,5.58817137374298,968.935821453231,949.867584358235,1999.97825605569,2019.04649315069,1322200000
445,183,19.1805658621193,7.20031026055817,5.58578193200236,6.85256751531468,5.59817483448513,969.048150220354,949.867584358235,1999.97825605569,2019.15882191781,1322200000
446,448,1.19413153017473,7.19927666022361,5.58796433091607,7.1977529409834,5.58545860233613,950.809276616387,949.615145086212,1999.72581678367,2000.91994831384,1322200000
446,447,3.29611905620047,7.19927666022361,5.58796433091607,6.92625060272153,5.76774172437223,952.911264142413,949.615145086212,1999.72581678367,2003.02193583987,1322200000
447,184,10.0190778587634,6.92625060272153,5.76774172437223,6.87224,5.75412,962.930342001176,952.911264142413,2003.02193583987,2013.04101369863,1322200000
447,185,10.0574340231468,6.92625060272153,5.76774172437223,6.93120173002071,5.77686443810564,962.96869816556,952.911264142413,2003.02193583987,2013.07936986301,1322200000
448,186,18.2470927820494,7.1977529409834,5.58545860233613,7.19635477474167,5.58644267735171,969.056369398436,950.809276616387,2000.91994831384,2019.16704109589,1322200000
448,449,16.6229169415163,7.1977529409834,5.58545860233613,6.85178984923533,5.77769838764363,967.432193557903,950.809276616387,2000.91994831384,2017.54286525536,1322200000
449,188,0.572121046012361,6.85178984923533,5.77769838764363,6.85193043971175,5.77845409230485,968.004314603916,967.432193557903,2017.54286525536,2018.11498630137,1322200000
449,187,1.47623063505349,6.85178984923533,5.77769838764363,6.85094175864151,5.77729449104756,968.908424192957,967.432193557903,2017.54286525536,2019.01909589041,1322200000
450,451,6.4547989765906,7.20339395843428,5.5839600162325,7.19333963949253,5.5830324011018,957.97012466936,951.515325692769,2001.62599739022,2008.08079636681,1322200000
450,189,14.4722810737336,7.20339395843428,5.5839600162325,6.92879666017206,5.77401085388108,965.987606766503,951.515325692769,2001.62599739022,2016.09827846396,1322200000
451,190,10.9574776057888,7.19333963949253,5.5830324011018,7.20201659531702,5.58495069377593,968.927602275149,957.97012466936,2008.08079636681,2019.0382739726,1322200000
451,452,2.69491697330205,7.19333963949253,5.5830324011018,7.19705433047968,5.58922050652663,960.665041642662,957.97012466936,2008.08079636681,2010.77571334012,1322200000
452,453,5.93048457526674,7.19705433047968,5.58922050652663,7.19519235177272,5.58786548559178,966.595526217928,960.665041642662,2010.77571334012,2016.70619791538,1322200000
452,193,7.26804008454171,7.19705433047968,5.58922050652663,7.20185971907732,5.58658708671465,967.933081727203,960.665041642662,2010.77571334012,2018.04375342466,1322200000
453,192,2.38139112571337,7.19519235177272,5.58786548559178,7.19330615500896,5.58284989884439,968.976917343642,966.595526217928,2016.70619791538,2019.0875890411,1322200000
453,191,1.41152811201476,7.19519235177272,5.58786548559178,7.19433682713304,5.58929930177461,968.007054329943,966.595526217928,2016.70619791538,2018.1177260274,1322200000
454,455,6.47106342696441,6.73421423937871,6.22802306898649,6.7265184940784,6.22943151703092,930.010535966699,923.539472539735,1973.65014423719,1980.12120766415,1322200000
454,456,2.10763196737076,6.73421423937871,6.22802306898649,6.88863820477116,6.25744162829299,925.647104507105,923.539472539735,1973.65014423719,1975.75777620456,1322200000
455,197,27.9857418284181,6.7265184940784,6.22943151703092,6.71067674043812,6.32495226557367,957.996277795117,930.010535966699,1980.12120766415,2008.10694949257,1322200000
455,198,37.9992580892716,6.7265184940784,6.22943151703092,6.947775,5.91429,968.009794055971,930.010535966699,1980.12120766415,2018.12046575342,1322200000
456,199,43.3654292748926,6.88863820477116,6.25744162829299,7.06314473772938,6.26421719562928,969.012533781998,925.647104507105,1975.75777620456,2019.12320547945,1322200000
456,457,13.351465841632,6.88863820477116,6.25744162829299,6.92224999452776,5.77613425221649,938.998570348737,925.647104507105,1975.75777620456,1989.10924204619,1322200000
457,458,1.04923629552154,6.92224999452776,5.77613425221649,6.92252543456561,5.77635005044964,940.047806644259,938.998570348737,1989.10924204619,1990.15847834171,1322200000
457,239,29.9125935702468,6.92224999452776,5.77613425221649,7.457113,5.799837,968.911163918984,938.998570348737,1989.10924204619,2019.02183561644,1322200000
458,460,2.6282411239113,6.92252543456561,5.77635005044964,6.92436149504317,5.77682492024342,942.67604776817,940.047806644259,1990.15847834171,1992.78671946562,1322200000
458,459,3.83305453769184,6.92252543456561,5.77635005044964,6.93295875219308,5.76990567370958,943.880861181951,940.047806644259,1990.15847834171,1993.9915328794,1322200000
459,200,21.85496027128,6.93295875219308,5.76990567370958,6.93029005379749,5.77362980348359,965.735821453231,943.880861181951,1993.9915328794,2015.84649315069,1322200000
459,201,24.1672890384033,6.93295875219308,5.76990567370958,6.85219831943157,5.60143705865019,968.048150220354,943.880861181951,1993.9915328794,2018.15882191781,1322200000
460,461,6.79874151915951,6.92436149504317,5.77682492024342,6.92787457095489,5.77191006577984,949.47478928733,942.67604776817,1992.78671946562,1999.58546098478,1322200000
460,463,5.93477701243356,6.92436149504317,5.77682492024342,7.19535810084791,5.5852380489453,948.610824780604,942.67604776817,1992.78671946562,1998.72149647806,1322200000
461,202,15.0199362754902,6.92787457095489,5.77191006577984,6.92770990373113,5.77876930795338,964.49472556282,949.47478928733,1999.58546098478,2014.60539726027,1322200000
461,462,17.5811358818922,6.92787457095489,5.77191006577984,6.92653146162236,5.77308543931468,967.055925169222,949.47478928733,1999.58546098478,2017.16659686668,1322200000
462,203,1.8908551881186,6.92653146162236,5.77308543931468,6.92237998208703,5.76964755366078,968.94678035734,967.055925169222,2017.16659686668,2019.05745205479,1322200000
462,204,0.945649708666432,6.92653146162236,5.77308543931468,6.92485726566036,5.7730367363357,968.001574877888,967.055925169222,2017.16659686668,2018.11224657534,1322200000
463,464,10.7230235589038,7.19535810084791,5.5852380489453,7.19547041946451,5.58671168900917,959.333848339507,948.610824780604,1998.72149647806,2009.44452003696,1322200000
463,479,3.99378973266987,7.19535810084791,5.5852380489453,7.19783188680445,5.59048996260946,952.604614513274,948.610824780604,1998.72149647806,2002.71528621073,1322200000
464,465,0.699019868423564,7.19547041946451,5.58671168900917,7.19487634509763,5.58661619197598,960.032868207931,959.333848339507,2009.44452003696,2010.14353990539,1322200000
464,478,0.717508929642003,7.19547041946451,5.58671168900917,7.19483712423236,5.59093225762542,960.051357269149,959.333848339507,2009.44452003696,2010.1620289666,1322200000
465,205,8.97144639598455,7.19487634509763,5.58661619197598,7.1975728827714,5.58641215858019,969.004314603916,960.032868207931,2010.14353990539,2019.11498630137,1322200000
465,466,0.297879570301637,7.19487634509763,5.58661619197598,7.19449816726099,5.58619830708246,960.330747778233,960.032868207931,2010.14353990539,2010.44141947569,1322200000
466,467,0.601042779262222,7.19449816726099,5.58619830708246,7.19603454929081,5.58718506466962,960.931790557495,960.330747778233,2010.44141947569,2011.04246225495,1322200000
466,476,3.37097263024391,7.19449816726099,5.58619830708246,7.19737043122928,5.58844594535655,963.701720408477,960.330747778233,2010.44141947569,2013.81239210593,1322200000
467,468,0.101889904005899,7.19603454929081,5.58718506466962,7.19608130429482,5.58708253801239,961.033680461501,960.931790557495,2011.04246225495,2011.14435215896,1322200000
467,473,0.123549557429106,7.19603454929081,5.58718506466962,7.19541607877828,5.58591131632959,961.055340114924,960.931790557495,2011.04246225495,2011.16601181238,1322200000
468,472,3.24579329155867,7.19608130429482,5.58708253801239,7.19600195757871,5.58578996743377,964.27947375306,961.033680461501,2011.14435215896,2014.39014545051,1322200000
468,469,0.529592470632481,7.19608130429482,5.58708253801239,7.19568215564377,5.58628898557379,961.563272932133,961.033680461501,2011.14435215896,2011.67394462959,1322200000
469,470,1.60097781579191,7.19568215564377,5.58628898557379,7.19585006716085,5.58598901262995,963.164250747925,961.563272932133,2011.67394462959,2013.27492244538,1322200000
469,206,7.38624715123448,7.19568215564377,5.58628898557379,7.19442936884528,5.58775334606547,968.949520083368,961.563272932133,2011.67394462959,2019.06019178082,1322200000
470,471,0.288979155447735,7.19585006716085,5.58598901262995,7.19580143527631,5.58605525332505,963.453229903373,963.164250747925,2013.27492244538,2013.56390160083,1322200000
470,209,5.82088577379868,7.19585006716085,5.58598901262995,7.19471202343731,5.58581905894364,968.985136521724,963.164250747925,2013.27492244538,2019.09580821918,1322200000
471,208,4.47985182383047,7.19580143527631,5.58605525332505,7.19759888116355,5.58241318280723,967.933081727203,963.453229903373,2013.56390160083,2018.04375342466,1322200000
471,207,2.14286552246051,7.19580143527631,5.58605525332505,7.19704647723057,5.58734482438409,965.596095425833,963.453229903373,2013.56390160083,2015.70676712329,1322200000
472,210,3.73306002893842,7.19600195757871,5.58578996743377,7.19937538485265,5.58328084524703,968.012533781998,964.27947375306,2014.39014545051,2018.12320547945,1322200000
472,211,3.73306002893842,7.19600195757871,5.58578996743377,7.19254156709298,5.58532579851862,968.012533781998,964.27947375306,2014.39014545051,2018.12320547945,1322200000
473,474,0.659481468088144,7.19541607877828,5.58591131632959,7.19533074209155,5.58468907366733,961.714821583012,961.055340114924,2011.16601181238,2011.82549328047,1322200000
473,212,6.95719366707388,7.19541607877828,5.58591131632959,7.62692,5.21561,968.012533781998,961.055340114924,2011.16601181238,2018.12320547945,1322200000
474,215,7.33332863734184,7.19533074209155,5.58468907366733,7.2017630040973,5.58990338571574,969.048150220354,961.714821583012,2011.82549328047,2019.15882191781,1322200000
474,475,0.216067385479532,7.19533074209155,5.58468907366733,7.19530085927099,5.58550558712134,961.930888968492,961.714821583012,2011.82549328047,2012.04156066595,1322200000
475,214,7.03506947104045,7.19530085927099,5.58550558712134,7.19847435932204,5.58318664595817,968.965958439532,961.930888968492,2012.04156066595,2019.07663013699,1322200000
475,213,7.13369960802668,7.19530085927099,5.58550558712134,7.19282821133646,5.59096418976147,969.064588576518,961.930888968492,2012.04156066595,2019.17526027397,1322200000
476,216,5.23410104475416,7.19737043122928,5.58844594535655,7.19798237580792,5.58971461237411,968.935821453231,963.701720408477,2013.81239210593,2019.04649315069,1322200000
476,477,0.245487598513453,7.19737043122928,5.58844594535655,7.19760645919588,5.58839200528143,963.94720800699,963.701720408477,2013.81239210593,2014.05787970444,1322200000
477,218,3.97217509007633,7.19760645919588,5.58839200528143,7.1957563690716,5.58898820578412,967.919383097066,963.94720800699,2014.05787970444,2018.03005479452,1322200000
477,217,4.04888741884348,7.19760645919588,5.58839200528143,7.19521713031357,5.58551549728122,967.996095425834,963.94720800699,2014.05787970444,2018.10676712329,1322200000
478,219,7.93377925257438,7.19483712423236,5.59093225762542,7.19346269224119,5.59131736351604,967.985136521724,960.051357269149,2010.1620289666,2018.09580821918,1322200000
478,220,7.94473815668404,7.19483712423236,5.59093225762542,7.19460507621637,5.58776652025799,967.996095425834,960.051357269149,2010.1620289666,2018.10676712329,1322200000
479,494,1.64938939428307,7.19783188680445,5.59048996260946,7.19754692054559,5.5900808413552,954.254003907557,952.604614513274,2002.71528621073,2004.36467560501,1322200000
479,480,1.10090506151581,7.19783188680445,5.59048996260946,7.19653188577696,5.59230404688939,953.705519574789,952.604614513274,2002.71528621073,2003.81619127224,1322200000
480,489,1.52195080601386,7.19653188577696,5.59230404688939,7.19825377425211,5.5921377431204,955.227470380803,953.705519574789,2003.81619127224,2005.33814207826,1322200000
480,481,0.0663352630630261,7.19653188577696,5.59230404688939,7.1966618120668,5.59213269623955,953.771854837852,953.705519574789,2003.81619127224,2003.88252653531,1322200000
481,229,14.1639666153783,7.1966618120668,5.59213269623955,8.84538,7.87839,967.935821453231,953.771854837852,2003.88252653531,2018.04649315069,1322200000
481,482,1.76509255897215,7.1966618120668,5.59213269623955,7.19689802287386,5.59239083846259,955.536947396825,953.771854837852,2003.88252653531,2005.64761909428,1322200000
482,483,1.75919574525989,7.19689802287386,5.59239083846259,7.0854811750588,4.80854879108843,957.296143142084,955.536947396825,2005.64761909428,2007.40681483954,1322200000
482,484,3.71678992632571,7.19689802287386,5.59239083846259,7.19850294803073,5.59264718982784,959.25373732315,955.536947396825,2005.64761909428,2009.3644090206,1322200000
483,222,11.7410481741599,7.0854811750588,4.80854879108843,7.08718066626886,4.79806503325777,969.037191316244,957.296143142084,2007.40681483954,2019.1478630137,1322200000
483,221,11.6424180371736,7.0854811750588,4.80854879108843,6.733367,5.401827,968.938561179258,957.296143142084,2007.40681483954,2019.04923287671,1322200000
484,486,0.726366413596061,7.19850294803073,5.59264718982784,7.19988887441137,5.59254902881405,959.980103736746,959.25373732315,2009.3644090206,2010.0907754342,1322200000
484,485,0.246706239671376,7.19850294803073,5.59264718982784,7.19969842700766,5.59089015230882,959.500443562822,959.25373732315,2009.3644090206,2009.61111526028,1322200000
485,224,6.55273697417296,7.19969842700766,5.59089015230882,7.1987548003697,5.59119095371506,966.053180536995,959.500443562822,2009.61111526028,2016.16385223445,1322200000
485,223,8.50661076712153,7.19969842700766,5.59089015230882,7.1970279646936,5.58344224855202,968.007054329943,959.500443562822,2009.61111526028,2018.1177260274,1322200000
486,488,1.1543028602434,7.19988887441137,5.59254902881405,7.20100579611467,5.59390249573724,961.13440659699,959.980103736746,2010.0907754342,2011.24507829444,1322200000
486,487,2.77211861440359,7.19988887441137,5.59254902881405,7.20066369554551,5.59170960719217,962.75222235115,959.980103736746,2010.0907754342,2012.8628940486,1322200000
487,225,4.18633882810819,7.20066369554551,5.59170960719217,7.19906286839396,5.58266652971255,966.938561179258,962.75222235115,2012.8628940486,2017.04923287671,1322200000
487,226,5.17537992399853,7.20066369554551,5.59170960719217,7.20046132329553,5.58458898353201,967.927602275149,962.75222235115,2012.8628940486,2018.0382739726,1322200000
488,227,7.82059293843275,7.20100579611467,5.59390249573724,7.20042016638878,5.59145797161772,968.954999535423,961.13440659699,2011.24507829444,2019.06567123288,1322200000
488,228,6.86990800692586,7.20100579611467,5.59390249573724,7.20119152221106,5.5815548228656,968.004314603916,961.13440659699,2011.24507829444,2018.11498630137,1322200000
489,492,1.49980781498441,7.19825377425211,5.5921377431204,7.19850316069067,5.59158802228886,956.727278195788,955.227470380803,2005.33814207826,2006.83794989324,1322200000
489,490,4.92281144603878,7.19825377425211,5.5921377431204,7.20150293651743,5.59027286098867,960.150281826842,955.227470380803,2005.33814207826,2010.2609535243,1322200000
490,491,0.8758821461824,7.20150293651743,5.59027286098867,7.20137765744998,5.59081454545558,961.026163973024,960.150281826842,2010.2609535243,2011.13683567048,1322200000
490,232,7.83211496885449,7.20150293651743,5.59027286098867,7.2013024703919,5.59143929412665,967.982396795697,960.150281826842,2010.2609535243,2018.09306849315,1322200000
491,231,7.92061638431599,7.20137765744998,5.59081454545558,7.19324843786922,5.58216125147295,968.94678035734,961.026163973024,2011.13683567048,2019.05745205479,1322200000
491,230,6.96445200075416,7.20137765744998,5.59081454545558,7.20082586462885,5.58298876639396,967.990615973779,961.026163973024,2011.13683567048,2018.10128767123,1322200000
492,493,10.2241967788079,7.19850316069067,5.59158802228886,7.19709804964262,5.59088609365301,966.951474974596,956.727278195788,2006.83794989324,2017.06214667205,1322200000
492,235,10.4825158601829,7.19850316069067,5.59158802228886,7.20202289527232,5.58666237850551,967.209794055971,956.727278195788,2006.83794989324,2017.32046575342,1322200000
493,233,1.05557935534761,7.19709804964262,5.59088609365301,7.19731460544324,5.59113992852252,968.007054329943,966.951474974596,2017.06214667205,2018.1177260274,1322200000
493,234,2.09941497178578,7.19709804964262,5.59088609365301,7.839884,5.857344,969.050889946381,966.951474974596,2017.06214667205,2019.16156164384,1322200000
494,238,14.7037353538932,7.19754692054559,5.5900808413552,7.19591926664257,5.59132048552401,968.95773926145,954.254003907557,2004.36467560501,2019.0684109589,1322200000
494,495,1.40119469738822,7.19754692054559,5.5900808413552,7.19873899107356,5.59095878637165,955.655198604945,954.254003907557,2004.36467560501,2005.7658703024,1322200000
495,236,13.2313077797928,7.19873899107356,5.59095878637165,7.19283989671271,5.58623407283444,968.886506384738,955.655198604945,2005.7658703024,2018.99717808219,1322200000
495,237,13.3052803825326,7.19873899107356,5.59095878637165,6.33444099945055,5.62609835515774,968.960478987477,955.655198604945,2005.7658703024,2019.07115068493,1322200000
496,240,65.4188110471664,5.96490770523069,7.77504307793461,5.967,7.867,967.922122823094,902.503311775927,1952.61398347338,2018.03279452055,1322200000
496,497,36.1830539738624,5.96490770523069,7.77504307793461,6.3504748998725,8.13413227900694,938.68636574979,902.503311775927,1952.61398347338,1988.79703744724,1322200000
497,498,4.91109388913778,6.3504748998725,8.13413227900694,6.33233368370028,8.10052345006126,943.597459638927,938.68636574979,1988.79703744724,1993.70813133638,1322200000
497,241,29.2686337856328,6.3504748998725,8.13413227900694,6.556183,8.303293,967.954999535423,938.68636574979,1988.79703744724,2018.06567123288,1322200000
498,499,6.20296544006651,6.33233368370028,8.10052345006126,6.33157258258359,8.10208426284646,949.800425078994,943.597459638927,1993.70813133638,1999.91109677645,1322200000
498,251,24.4068549649881,6.33233368370028,8.10052345006126,6.33268268209776,8.10421324746359,968.004314603916,943.597459638927,1993.70813133638,2018.11498630137,1322200000
499,500,4.18059797440035,6.33157258258359,8.10208426284646,6.33091968695613,8.10168146563853,953.981023053394,949.800425078994,1999.91109677645,2004.09169475085,1322200000
499,505,0.605667908438178,6.33157258258359,8.10208426284646,6.332620108553,8.10183948995565,950.406092987432,949.800425078994,1999.91109677645,2000.51676468489,1322200000
500,501,5.81882423100629,6.33091968695613,8.10168146563853,6.33147661926591,8.10341908036692,959.799847284401,953.981023053394,2004.09169475085,2009.91051898185,1322200000
500,247,14.0095929203843,6.33091968695613,8.10168146563853,6.1878,8.1189,967.990615973779,953.981023053394,2004.09169475085,2018.10128767123,1322200000
501,504,7.58382140590549,6.33147661926591,8.10341908036692,6.12112716436461,8.01318322611796,967.383668690306,959.799847284401,2009.91051898185,2017.49434038776,1322200000
501,502,1.62187658026227,6.33147661926591,8.10341908036692,6.33144812292187,8.0979300897773,961.421723864663,959.799847284401,2009.91051898185,2011.53239556212,1322200000
502,503,4.9125512802055,6.33144812292187,8.0979300897773,6.3316964615196,8.09588532493589,966.334275144868,961.421723864663,2011.53239556212,2016.44494684232,1322200000
502,242,6.5688921091157,6.33144812292187,8.0979300897773,6.33510758449873,8.10354604155226,967.990615973779,961.421723864663,2011.53239556212,2018.10128767123,1322200000
503,244,1.6645600069925,6.3316964615196,8.09588532493589,6.33104600078239,8.09675248847762,967.998835151861,966.334275144868,2016.44494684232,2018.10950684932,1322200000
503,243,1.63442302069111,6.3316964615196,8.09588532493589,6.340038,8.129261,967.96869816556,966.334275144868,2016.44494684232,2018.07936986301,1322200000
504,246,0.628865091691789,6.12112716436461,8.01318322611796,6.128725,8.00679,968.012533781998,967.383668690306,2017.49434038776,2018.12320547945,1322200000
504,245,1.63708426977386,6.12112716436461,8.01318322611796,5.889345,7.953555,969.02075296008,967.383668690306,2017.49434038776,2019.13142465753,1322200000
505,248,17.5434270959356,6.332620108553,8.10183948995565,6.032415,7.850118,967.949520083368,950.406092987432,2000.51676468489,2018.06019178082,1322200000
505,506,0.36380516703041,6.332620108553,8.10183948995565,6.33248984068219,8.10086198325882,950.769898154463,950.406092987432,2000.51676468489,2000.88056985192,1322200000
506,249,13.4837315179462,6.33248984068219,8.10086198325882,6.33407938874941,8.10330322874277,964.253629672409,950.769898154463,2000.88056985192,2014.36430136986,1322200000
506,250,12.1851013809599,6.33248984068219,8.10086198325882,6.33163049922557,8.09689972940909,962.954999535423,950.769898154463,2000.88056985192,2013.06567123288,1322200000
507,508,111.498481218888,6.05696905008637,7.8092129853487,6.03685713835856,7.80822123215928,917.874524954702,806.376043735815,1856.48671543327,1967.98519665216,1322200000
507,509,123.705362222943,6.05696905008637,7.8092129853487,6.50323271891419,7.65353642884712,930.081405958757,806.376043735815,1856.48671543327,1980.19207765621,1322200000
508,253,48.121278533112,6.03685713835856,7.80822123215928,6.0767,8.0701,965.995803487814,917.874524954702,1967.98519665216,2016.10647518527,1322200000
508,252,50.1051321149669,6.03685713835856,7.80822123215928,6.065463,7.81309,967.979657069669,917.874524954702,1967.98519665216,2018.09032876712,1322200000
509,255,32.8982511109118,6.50323271891419,7.65353642884712,6.452667,7.510333,962.979657069669,930.081405958757,1980.19207765621,2013.09032876712,1322200000
509,254,35.8788784033738,6.50323271891419,7.65353642884712,5.485,7.035,965.960284362131,930.081405958757,1980.19207765621,2016.07095605959,1322200000
262,263,259.940628629465,8.21761940259773,8.40494641638023,8.32874403889237,8.31034319593812,773.33659779594,513.395969166475,1563.50664086393,1823.44726949339,1322200000
262,290,309.378996988929,8.21761940259773,8.40494641638023,9.86772229459112,8.73458005554724,822.774966155403,513.395969166475,1563.50664086393,1872.88563785286,1322200000
263,5,192.610025364005,8.32874403889237,8.31034319593812,7.213958,10.183256,965.946623159945,773.33659779594,1823.44726949339,2016.0572948574,1322200000
263,264,22.0880156648442,8.32874403889237,8.31034319593812,8.3244923220426,8.35633517786247,795.424613460784,773.33659779594,1823.44726949339,1845.53528515824,1322200000
264,265,28.5123325992228,8.3244923220426,8.35633517786247,9.08760010345438,9.03190283494393,823.936946060007,795.424613460784,1845.53528515824,1874.04761775746,1322200000
264,277,35.8850263831506,8.3244923220426,8.35633517786247,8.32793630961189,8.34968397465393,831.309639843935,795.424613460784,1845.53528515824,1881.42031154139,1322200000
265,266,38.3995646688056,9.08760010345438,9.03190283494393,9.08743726338797,9.05730070494568,862.336510728813,823.936946060007,1874.04761775746,1912.44718242627,1322200000
265,274,63.8560588198679,9.08760010345438,9.03190283494393,9.75804031636875,9.55538150475853,887.793004879875,823.936946060007,1874.04761775746,1937.90367657733,1322200000
266,6,103.604647950258,9.08743726338797,9.05730070494568,8.87931,9.53879,965.941158679071,862.336510728813,1912.44718242627,2016.05183037653,1322200000
266,267,24.6674466690263,9.08743726338797,9.05730070494568,9.30182395553847,9.16644310755691,887.003957397839,862.336510728813,1912.44718242627,1937.11462909529,1322200000
267,7,78.8934854342374,9.30182395553847,9.16644310755691,9.383,9.133,965.897442832076,887.003957397839,1937.11462909529,2016.00811452953,1322200000
267,268,4.25125691901799,9.30182395553847,9.16644310755691,10.3202615819603,9.79802504718824,891.255214316857,887.003957397839,1937.11462909529,1941.36588601431,1322200000
268,269,8.28068147247006,10.3202615819603,9.79802504718824,10.3213261044543,9.85129146170274,899.535895789327,891.255214316857,1941.36588601431,1949.64656748678,1322200000
268,8,76.7381413829492,10.3202615819603,9.79802504718824,9.960813,9.502202,967.993355699806,891.255214316857,1941.36588601431,2018.10402739726,1322200000
269,270,30.6786790166296,10.3213261044543,9.85129146170274,10.3221596662742,9.85716293690966,930.214574805957,899.535895789327,1949.64656748678,1980.32524650341,1322200000
269,9,64.2465010063694,10.3213261044543,9.85129146170274,10.3187039537199,9.84675368873986,963.782396795697,899.535895789327,1949.64656748678,2013.89306849315,1322200000
270,273,11.9319005063461,10.3221596662742,9.85716293690966,10.3070558482863,9.8255935015229,942.146475312303,930.214574805957,1980.32524650341,1992.25714700976,1322200000
270,271,24.0532680293511,10.3221596662742,9.85716293690966,10.0988573880066,9.77634788519941,954.267842835308,930.214574805957,1980.32524650341,2004.37851453276,1322200000
271,12,13.6241430014846,10.0988573880066,9.77634788519941,10.0922539838213,9.77093387302643,967.891985836792,954.267842835308,2004.37851453276,2018.00265753425,1322200000
271,272,7.77855847611076,10.0988573880066,9.77634788519941,10.1014820365258,9.78098702541016,962.046401311419,954.267842835308,2004.37851453276,2012.15707300887,1322200000
272,10,4.00404698513877,10.1014820365258,9.78098702541016,10.675453,9.122348,966.050448296557,962.046401311419,2012.15707300887,2016.16111999401,1322200000
272,11,3.87289944415535,10.1014820365258,9.78098702541016,10.0918376862845,9.76376702333931,965.919300755574,962.046401311419,2012.15707300887,2016.02997245303,1322200000
273,14,23.0550995655855,10.3070558482863,9.8255935015229,9.595820427,9.617159843,965.201574877888,942.146475312303,1992.25714700976,2015.31224657534,1322200000
273,13,21.6770173738047,10.3070558482863,9.8255935015229,10.3111678608582,9.84327220492988,963.823492686108,942.146475312303,1992.25714700976,2013.93416438356,1322200000
274,275,31.9112036804293,9.75804031636875,9.55538150475853,9.76108273209553,9.5562300307823,919.704208560304,887.793004879875,1937.90367657733,1969.81488025776,1322200000
274,18,78.1618150013818,9.75804031636875,9.55538150475853,9.755908,9.553992,965.954819881257,887.793004879875,1937.90367657733,2016.06549157871,1322200000
275,17,49.2891471395019,9.76108273209553,9.5562300307823,7.336619,9.002272,968.993355699806,919.704208560304,1969.81488025776,2019.10402739726,1322200000
275,276,21.8096832990064,9.76108273209553,9.5562300307823,10.2774513652116,10.3318784324653,941.513891859311,919.704208560304,1969.81488025776,1991.62456355676,1322200000
276,15,24.4491247432577,10.2774513652116,10.3318784324653,10.2653272688057,10.3303928184369,965.963016602568,941.513891859311,1991.62456355676,2016.07368830002,1322200000
276,16,23.6465871281666,10.2774513652116,10.3318784324653,10.2686363273471,10.3295460823264,965.160478987477,941.513891859311,1991.62456355676,2015.27115068493,1322200000
277,283,103.46990610297,8.32793630961189,8.34968397465393,8.46786937268564,8.53466455031548,934.779545946905,831.309639843935,1881.42031154139,1984.89021764436,1322200000
277,278,69.5205193717819,8.32793630961189,8.34968397465393,8.31228335032529,8.34720759672956,900.830159215717,831.309639843935,1881.42031154139,1950.94083091317,1322200000
278,280,34.2929023286625,8.31228335032529,8.34720759672956,8.3522859305235,8.42488415757266,935.123061544379,900.830159215717,1950.94083091317,1985.23373324183,1322200000
278,279,5.23374941043934,8.31228335032529,8.34720759672956,8.30418427648644,8.33966720561367,906.063908626156,900.830159215717,1950.94083091317,1956.17458032361,1322200000
279,20,59.9783429490898,8.30418427648644,8.33966720561367,7.565864,7.917972,966.042251575246,906.063908626156,1956.17458032361,2016.1529232727,1322200000
279,19,61.874652553102,8.30418427648644,8.33966720561367,5.79449,7.03589,967.938561179258,906.063908626156,1956.17458032361,2018.04923287671,1322200000
280,281,24.5601982530114,8.3522859305235,8.42488415757266,7.62953188300688,8.39753410206864,959.683259797391,935.123061544379,1985.23373324183,2009.79393149485,1322200000
280,24,30.8645452221234,8.3522859305235,8.42488415757266,8.325363,8.450158,965.987606766503,935.123061544379,1985.23373324183,2016.09827846396,1322200000
281,23,3.03112292539621,7.62953188300688,8.39753410206864,7.63391160888006,8.40165399442606,962.714382722787,959.683259797391,2009.79393149485,2012.82505442024,1322200000
281,282,1.25562589414663,7.62953188300688,8.39753410206864,7.63015682194503,8.3984172984952,960.938885691537,959.683259797391,2009.79393149485,2011.04955738899,1322200000
282,22,0.758579597309957,7.63015682194503,8.3984172984952,7.63363739676226,8.39697275125557,961.697465288847,960.938885691537,2011.04955738899,2011.8081369863,1322200000
282,21,0.761319323337315,7.63015682194503,8.3984172984952,7.63048244074588,8.3988255205873,961.700205014875,960.938885691537,2011.04955738899,2011.81087671233,1322200000
283,32,15.3474050818928,8.46786937268564,8.53466455031548,9.91692405544008,8.89454039802612,950.126951028798,934.779545946905,1984.89021764436,2000.23762272625,1322200000
283,284,3.89424184769014,8.46786937268564,8.53466455031548,8.48003741336965,8.53220195423954,938.673787794595,934.779545946905,1984.89021764436,1988.78445949205,1322200000
284,289,4.2949392092521,8.48003741336965,8.53220195423954,8.48402348177689,8.54491055070212,942.968727003847,938.673787794595,1988.78445949205,1993.0793987013,1322200000
284,285,0.282402662611055,8.48003741336965,8.53220195423954,8.49397882485756,8.52869472225257,938.956190457206,938.673787794595,1988.78445949205,1989.06686215466,1322200000
285,286,4.92077101836711,8.49397882485756,8.52869472225257,8.49566575454248,8.51869591696825,943.876961475573,938.956190457206,1989.06686215466,1993.98763317303,1322200000
285,288,10.1473955188476,8.49397882485756,8.52869472225257,8.49383276143214,8.52682902870994,949.103585976054,938.956190457206,1989.06686215466,1999.21425767351,1322200000
286,25,22.1352354548639,8.49566575454248,8.51869591696825,8.49093394089794,8.51814460687556,966.012196930437,943.876961475573,1993.98763317303,2016.12286862789,1322200000
286,287,20.2357824254493,8.49566575454248,8.51869591696825,8.49465396918413,8.5192691014334,964.112743901023,943.876961475573,1993.98763317303,2014.22341559848,1322200000
287,26,2.83951590837265,8.49465396918413,8.5192691014334,8.49200422858583,8.52580567012689,966.952259809395,964.112743901023,2014.22341559848,2017.06293150685,1322200000
287,27,1.86666614416882,8.49465396918413,8.5192691014334,8.49348319524115,8.51766841575592,965.979410045191,964.112743901023,2014.22341559848,2016.09008174265,1322200000
288,29,16.9823814461867,8.49383276143214,8.52682902870994,8.49663803912223,8.52451547689467,966.08596742224,949.103585976054,1999.21425767351,2016.19663911969,1322200000
288,28,16.8375727030175,8.49383276143214,8.52682902870994,8.49508525903931,8.52347205782366,965.941158679071,949.103585976054,1999.21425767351,2016.05183037653,1322200000
289,30,22.9150396548632,8.48402348177689,8.54491055070212,8.4,8.55,965.88376665871,942.968727003847,1993.0793987013,2015.99443835616,1322200000
289,31,20.9725739014384,8.48402348177689,8.54491055070212,8.49642602061313,8.52446469938605,963.941300905286,942.968727003847,1993.0793987013,2014.05197260274,1322200000
290,33,120.279889565852,9.86772229459112,8.73458005554724,9.91845491564008,8.88674528216934,943.054855721255,822.774966155403,1872.88563785286,1993.16552741871,1322200000
290,34,143.259088698531,9.86772229459112,8.73458005554724,10.523056,7.440278,966.034054853935,822.774966155403,1872.88563785286,2016.14472655139,1322200000
