node1,node2,length,startLat,startLon,endLat,endLon,endNodeL,startNodeL,startYear,endYear,treeID
201,202,0.0312774501100002,41.2631066015555,-74.2070680896968,40.9257178497626,-74.0545367180399,0.0312774501100002,0,1998.17478672065,1998.20606417076,2610000
201,209,0.0263660270700008,41.2631066015555,-74.2070680896968,41.8884818897891,-72.2014450183318,0.0263660270700008,0,1998.17478672065,1998.20115274772,2610000
202,8,3.492535828,40.9257178497626,-74.0545367180399,41.0536,-73.6601,3.52381327811,0.0312774501100002,1998.20606417076,2001.69859999876,2610000
202,203,0.00211083639700149,40.9257178497626,-74.0545367180399,40.9258749725615,-74.0608161156007,0.0333882865070017,0.0312774501100002,1998.20606417076,1998.20817500716,2610000
203,204,1.635756017,40.9258749725615,-74.0608161156007,40.0667476455218,-74.2471486118905,1.669144303507,0.0333882865070017,1998.20817500716,1999.84393102416,2610000
203,205,0.0580240799899983,40.9258749725615,-74.0608161156007,41.4842078692395,-74.5866225187231,0.0914123664969999,0.0333882865070017,1998.20817500716,1998.26619908715,2610000
204,1,1.854668975,40.0667476455218,-74.2471486118905,40.1747,-75.8368,3.523813278507,1.669144303507,1999.84393102416,2001.69859999916,2610000
204,2,2.156068975,40.0667476455218,-74.2471486118905,40.5616,-76.0038,3.825213278507,1.669144303507,1999.84393102416,2001.99999999916,2610000
205,7,3.437900912,41.4842078692395,-74.5866225187231,41.995,-74.2042,3.529313278497,0.0914123664969999,1998.26619908715,2001.70409999915,2610000
205,206,1.708332075,41.4842078692395,-74.5866225187231,42.000704948317,-75.6246981635058,1.799744441497,0.0914123664969999,1998.26619908715,1999.97453116215,2610000
206,6,1.735068837,42.000704948317,-75.6246981635058,42.2478,-78.551,3.534813278497,1.799744441497,1999.97453116215,2001.70959999915,2610000
206,207,0.799571821299999,42.000704948317,-75.6246981635058,40.641543928616,-75.7259945867747,2.599316262797,1.799744441497,1999.97453116215,2000.77410298345,2610000
207,5,1.839597016,40.641543928616,-75.7259945867747,41.2513,-75.9435,4.438913278797,2.599316262797,2000.77410298345,2002.61369999945,2610000
207,208,0.0092817402419989,40.641543928616,-75.7259945867747,41.0943972176093,-76.0144497008069,2.608598003039,2.599316262797,2000.77410298345,2000.78338472369,2610000
208,3,2.846715276,41.0943972176093,-76.0144497008069,39.5988,-75.0413,5.455313279039,2.608598003039,2000.78338472369,2003.63009999969,2610000
208,4,0.8358152759,41.0943972176093,-76.0144497008069,40.9855,-76.5296,3.444413278939,2.608598003039,2000.78338472369,2001.61919999959,2610000
209,397,0.00102865834599797,41.8884818897891,-72.2014450183318,41.9522936495915,-72.2632900779385,0.0273946854159988,0.0263660270700008,1998.20115274772,1998.20218140607,2610000
209,210,0.977579261700001,41.8884818897891,-72.2014450183318,39.8160565357977,-71.1776935920628,1.00394528877,0.0263660270700008,1998.20115274772,1999.17873200942,2610000
210,211,0.6209485955,39.8160565357977,-71.1776935920628,35.5376371963214,-66.8171942199987,1.62489388427,1.00394528877,1999.17873200942,1999.79968060492,2610000
210,220,0.638591873999999,39.8160565357977,-71.1776935920628,40.2209973422893,-73.4721376918772,1.64253716277,1.00394528877,1999.17873200942,1999.81732388342,2610000
211,213,0.0709165280999997,35.5376371963214,-66.8171942199987,35.5923419696522,-66.511079612935,1.69581041237,1.62489388427,1999.79968060492,1999.87059713302,2610000
211,212,1.378710096,35.5376371963214,-66.8171942199987,31.4767060439827,-66.2602320553092,3.00360398027,1.62489388427,1999.79968060492,2001.17839070092,2610000
212,9,0.5586092984,31.4767060439827,-66.2602320553092,31.2705,-65.2541,3.56221327867,3.00360398027,2001.17839070092,2001.73699999932,2610000
212,10,0.5586092984,31.4767060439827,-66.2602320553092,29.5111,-68.8511,3.56221327867,3.00360398027,2001.17839070092,2001.73699999932,2610000
213,214,0.477905747099999,35.5923419696522,-66.511079612935,34.7770959472532,-66.4882830494702,2.17371615947,1.69581041237,1999.87059713302,2000.34850288012,2610000
213,18,2.828002866,35.5923419696522,-66.511079612935,31.9694,-65.4567,4.52381327837,1.69581041237,1999.87059713302,2002.69859999902,2610000
214,215,0.515854621099999,34.7770959472532,-66.4882830494702,34.909653651257,-66.999262148337,2.68957078057,2.17371615947,2000.34850288012,2000.86435750122,2610000
214,11,0.651497119,34.7770959472532,-66.4882830494702,31.345,-60.1502,2.82521327847,2.17371615947,2000.34850288012,2000.99999999912,2610000
215,216,0.0702980772800004,34.909653651257,-66.999262148337,33.9812561961669,-67.1200923861135,2.75986885785,2.68957078057,2000.86435750122,2000.9346555785,2610000
215,219,0.0695564382900002,34.909653651257,-66.999262148337,34.8200199513523,-66.890476637816,2.75912721886,2.68957078057,2000.86435750122,2000.93391393951,2610000
216,218,0.187254967199999,33.9812561961669,-67.1200923861135,34.8210208553891,-66.5587856549505,2.94712382505,2.75986885785,2000.9346555785,2001.1219105457,2610000
216,217,0.9721340111,33.9812561961669,-67.1200923861135,36.5286892941239,-67.6363780363657,3.73200286895,2.75986885785,2000.9346555785,2001.9067895896,2610000
217,12,1.093210409,36.5286892941239,-67.6363780363657,36.9535,-68.3297,4.82521327795,3.73200286895,2001.9067895896,2002.9999999986,2610000
217,13,1.879510409,36.5286892941239,-67.6363780363657,38.7187,-63.0773,5.61151327795,3.73200286895,2001.9067895896,2003.7862999986,2610000
218,15,0.708189453399999,34.8210208553891,-66.5587856549505,39.6624,-73.0914,3.65531327845,2.94712382505,2001.1219105457,2001.8300999991,2610000
218,14,0.634289453400001,34.8210208553891,-66.5587856549505,34.7989,-67.2155,3.58141327845,2.94712382505,2001.1219105457,2001.7561999991,2610000
219,17,0.764686059600001,34.8200199513523,-66.890476637816,26.1942,-56.5494,3.52381327846,2.75912721886,2000.93391393951,2001.69859999911,2610000
219,16,0.7674860596,34.8200199513523,-66.890476637816,35.2562,-64.6539,3.52661327846,2.75912721886,2000.93391393951,2001.70139999911,2610000
220,221,0.2977184175,40.2209973422893,-73.4721376918772,39.8995103670353,-73.446407865669,1.94025558027,1.64253716277,1999.81732388342,2000.11504230092,2610000
220,301,0.0244865693699978,40.2209973422893,-73.4721376918772,41.620953247314,-72.9207915834456,1.66702373214,1.64253716277,1999.81732388342,1999.84181045279,2610000
221,222,0.355058060699999,39.8995103670353,-73.446407865669,39.8367276873127,-73.2583891227663,2.29531364097,1.94025558027,2000.11504230092,2000.47010036162,2610000
221,297,0.394518977699999,39.8995103670353,-73.446407865669,42.2103938821344,-73.2297192514188,2.33477455797,1.94025558027,2000.11504230092,2000.50956127862,2610000
222,223,0.646685504399999,39.8367276873127,-73.2583891227663,39.6576690503212,-76.2607347663998,2.94199914537,2.29531364097,2000.47010036162,2001.11678586602,2610000
222,228,0.239772502399999,39.8367276873127,-73.2583891227663,40.7914693822911,-73.8410099505144,2.53508614337,2.29531364097,2000.47010036162,2000.70987286402,2610000
223,24,0.601014133200001,39.6576690503212,-76.2607347663998,40.1224,-76.7052,3.54301327857,2.94199914537,2001.11678586602,2001.71779999922,2610000
223,224,1.659872935,39.6576690503212,-76.2607347663998,38.2152719700794,-73.0524972695969,4.60187208037,2.94199914537,2001.11678586602,2002.77665880102,2610000
224,19,3.809641198,38.2152719700794,-73.0524972695969,39.974,-72.0269,8.41151327837,4.60187208037,2002.77665880102,2006.58629999902,2610000
224,225,2.41257418,38.2152719700794,-73.0524972695969,41.3673779776963,-74.1445951556792,7.01444626037,4.60187208037,2002.77665880102,2005.18923298102,2610000
225,20,2.528567018,41.3673779776963,-74.1445951556792,41.8055,-74.3351,9.54301327837,7.01444626037,2005.18923298102,2007.71779999902,2610000
225,226,0.7844517497,41.3673779776963,-74.1445951556792,41.8563836014359,-74.3018301304317,7.79889801007,7.01444626037,2005.18923298102,2005.97368473072,2610000
226,21,1.664715268,41.8563836014359,-74.3018301304317,43.1295,-74.4876,9.46361327807,7.79889801007,2005.97368473072,2007.63839999872,2610000
226,227,0.117387579499999,41.8563836014359,-74.3018301304317,41.5703848751539,-74.3661384713832,7.91628558957,7.79889801007,2005.97368473072,2006.09107231022,2610000
227,22,0.571927688800001,41.5703848751539,-74.3661384713832,41.4799,-74.2788,8.48821327837,7.91628558957,2006.09107231022,2006.66299999902,2610000
227,23,0.4760276888,41.5703848751539,-74.3661384713832,41.588,-74.4049,8.39231327837,7.91628558957,2006.09107231022,2006.56709999902,2610000
228,229,0.0200658330200003,40.7914693822911,-73.8410099505144,41.0181776978146,-74.0914357496561,2.55515197639,2.53508614337,2000.70987286402,2000.72993869704,2610000
228,286,0.0165843307800007,40.7914693822911,-73.8410099505144,41.484763929843,-74.3316958264206,2.55167047415,2.53508614337,2000.70987286402,2000.7264571948,2610000
229,230,0.0508606150399995,41.0181776978146,-74.0914357496561,40.8633608691586,-74.2506979307179,2.60601259143,2.55515197639,2000.72993869704,2000.78079931208,2610000
229,284,0.0668338623300002,41.0181776978146,-74.0914357496561,40.9636689083048,-74.9208733674813,2.62198583872,2.55515197639,2000.72993869704,2000.79677255937,2610000
230,270,0.00858862468900057,40.8633608691586,-74.2506979307179,40.732670256866,-74.4643460807729,2.614601216119,2.60601259143,2000.78079931208,2000.78938793677,2610000
230,231,0.0680283882299992,40.8633608691586,-74.2506979307179,40.6234576265055,-74.0879278109096,2.67404097966,2.60601259143,2000.78079931208,2000.84882770031,2610000
231,235,0.0437993357400011,40.6234576265055,-74.0879278109096,40.8743417952689,-73.8014506097132,2.7178403154,2.67404097966,2000.84882770031,2000.89262703605,2610000
231,232,0.122367028300001,40.6234576265055,-74.0879278109096,40.7581501240551,-74.2559934812645,2.79640800796,2.67404097966,2000.84882770031,2000.97119472861,2610000
232,25,2.549305271,40.7581501240551,-74.2559934812645,40.9952,-73.1769,5.34571327896,2.79640800796,2000.97119472861,2003.52049999961,2610000
232,233,0.5404274531,40.7581501240551,-74.2559934812645,41.217316014123,-75.2471697082448,3.33683546106,2.79640800796,2000.97119472861,2001.51162218171,2610000
233,234,4.539923613,41.217316014123,-75.2471697082448,41.4144511278144,-74.3403211209377,7.87675907406,3.33683546106,2001.51162218171,2006.05154579471,2610000
233,26,2.121277817,41.217316014123,-75.2471697082448,40.7987,-74.8421,5.45811327806,3.33683546106,2001.51162218171,2003.63289999871,2610000
234,28,1.608754204,41.4144511278144,-74.3403211209377,41.158,-74.0663,9.48551327806,7.87675907406,2006.05154579471,2007.66029999871,2610000
234,27,6.358254204,41.4144511278144,-74.3403211209377,36.5933,-41.7067,14.23501327806,7.87675907406,2006.05154579471,2012.40979999871,2610000
235,236,0.0280315554800001,40.8743417952689,-73.8014506097132,40.8640826559495,-74.0774180432886,2.74587187088,2.7178403154,2000.89262703605,2000.92065859153,2610000
235,29,2.607372963,40.8743417952689,-73.8014506097132,26.9223,-75.3852,5.3252132784,2.7178403154,2000.89262703605,2003.49999999905,2610000
236,237,0.0967429348299991,40.8640826559495,-74.0774180432886,41.1114327494735,-74.0291838858099,2.84261480571,2.74587187088,2000.92065859153,2001.01740152636,2610000
236,244,0.0860189485700005,40.8640826559495,-74.0774180432886,40.8748339430599,-74.0436654093662,2.83189081945,2.74587187088,2000.92065859153,2001.0066775401,2610000
237,241,4.149577499,41.1114327494735,-74.0291838858099,42.4011721484706,-75.8037165050158,6.99219230471,2.84261480571,2001.01740152636,2005.16697902536,2610000
237,238,0.0906116284500005,41.1114327494735,-74.0291838858099,41.5849376137055,-73.8470762796214,2.93322643416,2.84261480571,2001.01740152636,2001.10801315481,2610000
238,33,7.520386844,41.5849376137055,-73.8470762796214,41.1615,-74.3911,10.45361327816,2.93322643416,2001.10801315481,2008.62839999881,2610000
238,239,0.730475633999999,41.5849376137055,-73.8470762796214,41.4882641737795,-74.4788538195975,3.66370206816,2.93322643416,2001.10801315481,2001.83848878881,2610000
239,30,8.82451121,41.4882641737795,-74.4788538195975,41.2492,-73.7068,12.48821327816,3.66370206816,2001.83848878881,2010.66299999881,2610000
239,240,0.883096102900002,41.4882641737795,-74.4788538195975,39.9201480790182,-73.026719302172,4.54679817106,3.66370206816,2001.83848878881,2002.72158489171,2610000
240,32,0.278415107499999,39.9201480790182,-73.026719302172,41.4802,-79.3287,4.82521327856,4.54679817106,2002.72158489171,2002.99999999921,2610000
240,31,1.939615108,39.9201480790182,-73.026719302172,41.5973,-73.9534,6.48641327906,4.54679817106,2002.72158489171,2004.66119999971,2610000
241,34,1.435720974,42.4011721484706,-75.8037165050158,40.369,-73.9028,8.42791327871,6.99219230471,2005.16697902536,2006.60269999936,2610000
241,242,2.398377571,42.4011721484706,-75.8037165050158,41.1429536043925,-74.7823818667677,9.39056987571,6.99219230471,2005.16697902536,2007.56535659636,2610000
242,35,2.051043403,41.1429536043925,-74.7823818667677,41.0469,-73.8987,11.44161327871,9.39056987571,2007.56535659636,2009.61639999936,2610000
242,243,0.2199499313,41.1429536043925,-74.7823818667677,41.0231408057822,-74.085380912117,9.61051980701,9.39056987571,2007.56535659636,2007.78530652766,2610000
243,36,0.930493472,41.0231408057822,-74.085380912117,41.1077,-74.0057,10.54101327901,9.61051980701,2007.78530652766,2008.71579999966,2610000
243,37,0.889593472,41.0231408057822,-74.085380912117,40.8562,-73.8958,10.50011327901,9.61051980701,2007.78530652766,2008.67489999966,2610000
244,245,0.158619959099999,40.8748339430599,-74.0436654093662,41.027176990057,-73.5884340466742,2.99051077855,2.83189081945,2001.0066775401,2001.1652974992,2610000
244,64,0.848122459099999,40.8748339430599,-74.0436654093662,31.2284,-71.0339,3.68001327855,2.83189081945,2001.0066775401,2001.8547999992,2610000
245,246,1.077258886,41.027176990057,-73.5884340466742,35.4146530292079,-70.6312145048525,4.06776966455,2.99051077855,2001.1652974992,2002.2425563852,2610000
245,38,3.5041025,41.027176990057,-73.5884340466742,41.3993,-74.1564,6.49461327855,2.99051077855,2001.1652974992,2004.6693999992,2610000
246,247,0.4988956746,35.4146530292079,-70.6312145048525,35.1961235100682,-70.0107776244293,4.56666533915,4.06776966455,2002.2425563852,2002.7414520598,2610000
246,63,3.404043614,35.4146530292079,-70.6312145048525,41.5584,-33.9831,7.47181327855,4.06776966455,2002.2425563852,2005.6465999992,2610000
247,250,0.5492468514,35.1961235100682,-70.0107776244293,35.8754838067613,-73.0351477779664,5.11591219055,4.56666533915,2002.7414520598,2003.2906989112,2610000
247,248,0.0123640196300006,35.1961235100682,-70.0107776244293,35.3162667257608,-70.2298815119163,4.57902935878,4.56666533915,2002.7414520598,2002.75381607943,2610000
248,41,5.83908392,35.3162667257608,-70.2298815119163,34.217,-70.2395,10.41811327878,4.57902935878,2002.75381607943,2008.59289999943,2610000
248,249,0.0315002374699986,35.3162667257608,-70.2298815119163,35.3555854331535,-70.2662074998455,4.61052959625,4.57902935878,2002.75381607943,2002.7853163169,2610000
249,40,3.214683682,35.3555854331535,-70.2662074998455,51.1134,-40.1842,7.82521327825,4.61052959625,2002.7853163169,2005.9999999989,2610000
249,39,3.809183682,35.3555854331535,-70.2662074998455,34.0662,-69.7124,8.41971327825,4.61052959625,2002.7853163169,2006.5944999989,2610000
250,251,1.701940232,35.8754838067613,-73.0351477779664,35.7270194256185,-73.4396598992333,6.81785242255,5.11591219055,2003.2906989112,2004.9926391432,2610000
250,268,4.080139233,35.8754838067613,-73.0351477779664,34.8079081171881,-77.3750992651743,9.19605142355,5.11591219055,2003.2906989112,2007.3708381442,2610000
251,252,2.511012029,35.7270194256185,-73.4396598992333,35.7384664368361,-74.5970528167215,9.32886445155,6.81785242255,2004.9926391432,2007.5036511722,2610000
251,59,7.589360856,35.7270194256185,-73.4396598992333,34.4174,-76.099,14.40721327855,6.81785242255,2004.9926391432,2012.5819999992,2610000
252,257,0.0707459474200007,35.7384664368361,-74.5970528167215,35.7277987219952,-74.6164651347345,9.39961039897,9.32886445155,2007.5036511722,2007.57439711962,2610000
252,253,0.120947489000001,35.7384664368361,-74.5970528167215,36.0980220878635,-74.4624237349797,9.44981194055,9.32886445155,2007.5036511722,2007.6245986612,2610000
253,42,4.916401338,36.0980220878635,-74.4624237349797,35.8776,-74.4409,14.36621327855,9.44981194055,2007.6245986612,2012.5409999992,2610000
253,254,2.317455763,36.0980220878635,-74.4624237349797,34.1730359020117,-72.5894755452993,11.76726770355,9.44981194055,2007.6245986612,2009.9420544242,2610000
254,46,3.734645575,34.1730359020117,-72.5894755452993,33.757,-71.9536,15.50191327855,11.76726770355,2009.9420544242,2013.6766999992,2610000
254,255,0.0134289730999999,34.1730359020117,-72.5894755452993,34.0512682074456,-73.2907886312381,11.78069667665,11.76726770355,2009.9420544242,2009.9554833973,2610000
255,45,4.545916602,34.0512682074456,-73.2907886312381,34.2026,-74.4832,16.32661327865,11.78069667665,2009.9554833973,2014.5013999993,2610000
255,256,1.460130317,34.0512682074456,-73.2907886312381,33.5531716114054,-72.0672460591888,13.24082699365,11.78069667665,2009.9554833973,2011.4156137143,2610000
256,43,1.226486285,33.5531716114054,-72.0672460591888,33.4975,-71.6002,14.46731327865,13.24082699365,2011.4156137143,2012.6420999993,2610000
256,44,1.201886285,33.5531716114054,-72.0672460591888,33.5506,-71.8518,14.44271327865,13.24082699365,2011.4156137143,2012.6174999993,2610000
257,47,4.09140288,35.7277987219952,-74.6164651347345,33.9323,-71.6869,13.49101327897,9.39961039897,2007.57439711962,2011.66579999962,2610000
257,258,0.561949220400001,35.7277987219952,-74.6164651347345,40.4994806176964,-64.0885995848813,9.96155961937,9.39961039897,2007.57439711962,2008.13634634002,2610000
258,48,1.608853659,40.4994806176964,-64.0885995848813,34.4021,-70.9887,11.57041327837,9.96155961937,2008.13634634002,2009.74519999902,2610000
258,259,1.114717081,40.4994806176964,-64.0885995848813,40.4692811595023,-63.7994334904926,11.07627670037,9.96155961937,2008.13634634002,2009.25106342102,2610000
259,260,0.3161881885,40.4692811595023,-63.7994334904926,39.6204360703337,-63.9973169507281,11.39246488887,11.07627670037,2009.25106342102,2009.56725160952,2610000
259,262,0.0100028976799997,40.4692811595023,-63.7994334904926,40.2506420520838,-63.8391265438575,11.08627959805,11.07627670037,2009.25106342102,2009.2610663187,2610000
260,51,4.07384839,39.6204360703337,-63.9973169507281,39.9824,-64.1737,15.46631327887,11.39246488887,2009.56725160952,2013.64109999952,2610000
260,261,0.5617397596,39.6204360703337,-63.9973169507281,40.059707993694,-66.0106500405525,11.95420464847,11.39246488887,2009.56725160952,2010.12899136912,2610000
261,50,2.33270863,40.059707993694,-66.0106500405525,39.0962,-65.438,14.28691327847,11.95420464847,2010.12899136912,2012.46169999912,2610000
261,49,3.62440863,40.059707993694,-66.0106500405525,39.1959,-63.3374,15.57861327847,11.95420464847,2010.12899136912,2013.75339999912,2610000
262,263,0.8429291063,40.2506420520838,-63.8391265438575,41.2495940104055,-64.9527735463517,11.92920870435,11.08627959805,2009.2610663187,2010.103995425,2610000
262,264,0.532293923799999,40.2506420520838,-63.8391265438575,40.1516060412376,-63.3427542236252,11.61857352185,11.08627959805,2009.2610663187,2009.7933602425,2610000
263,53,2.396004575,41.2495940104055,-64.9527735463517,46.331,-59.3145,14.32521327935,11.92920870435,2010.103995425,2012.5,2610000
263,52,6.543504575,41.2495940104055,-64.9527735463517,44.4362,-58.4975,18.47271327935,11.92920870435,2010.103995425,2016.6475,2610000
264,265,0.3091310765,40.1516060412376,-63.3427542236252,40.2501426455728,-62.9166556954007,11.92770459835,11.61857352185,2009.7933602425,2010.102491319,2610000
264,266,0.1015269855,40.1516060412376,-63.3427542236252,40.0530613222279,-63.3560012972234,11.72010050735,11.61857352185,2009.7933602425,2009.894887228,2610000
265,54,3.60980868,40.2501426455728,-62.9166556954007,36.1876,-56.0626,15.53751327835,11.92770459835,2010.102491319,2013.712299999,2610000
265,55,3.47560868,40.2501426455728,-62.9166556954007,40.466,-62.3382,15.40331327835,11.92770459835,2010.102491319,2013.578099999,2610000
266,267,0.0368387482700001,40.0530613222279,-63.3560012972234,39.5261764420319,-64.5103345822405,11.75693925562,11.72010050735,2009.894887228,2009.93172597627,2610000
266,56,3.759912771,40.0530613222279,-63.3560012972234,41.2831,-62.7156,15.48001327835,11.72010050735,2009.894887228,2013.654799999,2610000
267,58,2.647474023,39.5261764420319,-64.5103345822405,38.8234,-65.6224,14.40441327862,11.75693925562,2009.93172597627,2012.57919999927,2610000
267,57,2.647474023,39.5261764420319,-64.5103345822405,40.1267,-69.4785,14.40441327862,11.75693925562,2009.93172597627,2012.57919999927,2610000
268,62,5.151061855,34.8079081171881,-77.3750992651743,34.4966,-81.3444,14.34711327855,9.19605142355,2007.3708381442,2012.5218999992,2610000
268,269,1.919582613,34.8079081171881,-77.3750992651743,35.3930440772636,-80.091398569373,11.11563403655,9.19605142355,2007.3708381442,2009.2904207572,2610000
269,61,2.262979242,35.3930440772636,-80.091398569373,35.9392,-80.4369,13.37861327855,11.11563403655,2009.2904207572,2011.5533999992,2610000
269,60,0.4163792424,35.3930440772636,-80.091398569373,35.4165,-80.0262,11.53201327895,11.11563403655,2009.2904207572,2009.7067999996,2610000
270,272,0.069802458469999,40.732670256866,-74.4643460807729,40.8586786081349,-74.2157690781171,2.684403674589,2.614601216119,2000.78938793677,2000.85919039524,2610000
270,271,0.1279990703,40.732670256866,-74.4643460807729,40.7624538527195,-74.4952832240133,2.742600286419,2.614601216119,2000.78938793677,2000.91738700707,2610000
271,66,5.731912992,40.7624538527195,-74.4952832240133,43.1473,-73.9572,8.474513278419,2.742600286419,2000.91738700707,2006.64929999907,2610000
271,65,1.816812992,40.7624538527195,-74.4952832240133,34.6356,-70.3807,4.559413278419,2.742600286419,2000.91738700707,2002.73419999907,2610000
272,273,0.0924400208900007,40.8586786081349,-74.2157690781171,40.7131984051108,-76.0042973533934,2.776843695479,2.684403674589,2000.85919039524,2000.95163041613,2610000
272,279,0.0522608684900003,40.8586786081349,-74.2157690781171,40.6163722038007,-74.2611846973722,2.736664543079,2.684403674589,2000.85919039524,2000.91145126373,2610000
273,275,1.04450433,40.7131984051108,-76.0042973533934,40.1264986828829,-74.3139551827277,3.821348025479,2.776843695479,2000.95163041613,2001.99613474613,2610000
273,274,1.147606549,40.7131984051108,-76.0042973533934,40.3505249363604,-76.4194686798832,3.924450244479,2.776843695479,2000.95163041613,2002.09923696513,2610000
274,67,4.900763034,40.3505249363604,-76.4194686798832,34.0787,-28.6,8.825213278479,3.924450244479,2002.09923696513,2006.99999999913,2610000
274,68,2.488163034,40.3505249363604,-76.4194686798832,35.3615,-69.6663,6.412613278479,3.924450244479,2002.09923696513,2004.58739999913,2610000
275,69,1.003865253,40.1264986828829,-74.3139551827277,39.9902,-77.9283,4.825213278479,3.821348025479,2001.99613474613,2002.99999999913,2610000
275,276,0.0506363140899992,40.1264986828829,-74.3139551827277,39.8199332156201,-75.1330783807999,3.871984339569,3.821348025479,2001.99613474613,2002.04677106022,2610000
276,73,3.591628939,39.8199332156201,-75.1330783807999,41.649,-73.7876,7.463613278569,3.871984339569,2002.04677106022,2005.63839999922,2610000
276,277,0.569900820699999,39.8199332156201,-75.1330783807999,42.0156871837461,-74.0520871859257,4.441885160269,3.871984339569,2002.04677106022,2002.61667188092,2610000
277,278,0.1255620614,42.0156871837461,-74.0520871859257,41.7698757304114,-74.134402978971,4.567447221669,4.441885160269,2002.61667188092,2002.74223394232,2610000
277,72,1.016228118,42.0156871837461,-74.0520871859257,41.7589,-73.8143,5.458113278269,4.441885160269,2002.61667188092,2003.63289999892,2610000
278,70,3.970066057,41.7698757304114,-74.134402978971,41.8022,-73.6996,8.537513278669,4.567447221669,2002.74223394232,2006.71229999932,2610000
278,71,0.9289660568,41.7698757304114,-74.134402978971,41.821,-73.8077,5.496413278469,4.567447221669,2002.74223394232,2003.67119999912,2610000
279,280,0.0906059687699994,40.6163722038007,-74.2611846973722,40.944339332338,-74.4174336334395,2.827270511849,2.736664543079,2000.91145126373,2001.0020572325,2610000
279,74,6.088548735,40.6163722038007,-74.2611846973722,4.7414,-77.0771,8.825213278079,2.736664543079,2000.91145126373,2006.99999999873,2610000
280,281,0.199103580800001,40.944339332338,-74.4174336334395,40.84479894673,-74.9612020801811,3.026374092649,2.827270511849,2001.0020572325,2001.2011608133,2610000
280,282,0.0119706824900003,40.944339332338,-74.4174336334395,40.8860422555195,-74.3875266687243,2.839241194339,2.827270511849,2001.0020572325,2001.01402791499,2610000
281,76,2.371439186,40.84479894673,-74.9612020801811,41.2591,-74.3285,5.397813278649,3.026374092649,2001.2011608133,2003.5725999993,2610000
281,75,4.382439186,40.84479894673,-74.9612020801811,40.1223,-72.9105,7.408813278649,3.026374092649,2001.2011608133,2005.5835999993,2610000
282,283,0.00235736888100035,40.8860422555195,-74.3875266687243,40.8828073413577,-74.3848169779329,2.84159856322,2.839241194339,2001.01402791499,2001.01638528387,2610000
282,79,4.616072084,40.8860422555195,-74.3875266687243,42.0637,-74.2863,7.455313278339,2.839241194339,2001.01402791499,2005.63009999899,2610000
283,77,8.608314715,40.8828073413577,-74.3848169779329,41.5255,-74.403,11.44991327822,2.84159856322,2001.01638528387,2009.62469999887,2610000
283,78,3.653014715,40.8828073413577,-74.3848169779329,41.6992,-73.7875,6.49461327822,2.84159856322,2001.01638528387,2004.66939999887,2610000
284,80,1.20322744,40.9636689083048,-74.9208733674813,41.4312,-76.3669,3.82521327872,2.62198583872,2000.79677255937,2001.99999999937,2610000
284,285,1.871869208,40.9636689083048,-74.9208733674813,41.5562049027423,-74.6720085093201,4.49385504672,2.62198583872,2000.79677255937,2002.66864176737,2610000
285,81,1.921558231,41.5562049027423,-74.6720085093201,41.4594,-74.4595,6.41541327772,4.49385504672,2002.66864176737,2004.59019999837,2610000
285,82,2.931358231,41.5562049027423,-74.6720085093201,41.9777,-73.9015,7.42521327772,4.49385504672,2002.66864176737,2005.59999999837,2610000
286,94,2.889942804,41.484763929843,-74.3316958264206,36.6488,-77.5456,5.44161327815,2.55167047415,2000.7264571948,2003.6163999988,2610000
286,287,0.00962106741999946,41.484763929843,-74.3316958264206,41.4501152734322,-74.3454851885219,2.56129154157,2.55167047415,2000.7264571948,2000.73607826222,2610000
287,292,0.111856060299999,41.4501152734322,-74.3454851885219,41.0720060010209,-74.0354089634597,2.67314760187,2.56129154157,2000.73607826222,2000.84793432252,2610000
287,288,0.278495616899999,41.4501152734322,-74.3454851885219,41.5067587720114,-73.7710531330911,2.83978715847,2.56129154157,2000.73607826222,2001.01457387912,2610000
288,289,1.048503753,41.5067587720114,-73.7710531330911,43.2820937158287,-69.2170374706692,3.88829091147,2.83978715847,2001.01457387912,2002.06307763212,2610000
288,87,3.40072612,41.5067587720114,-73.7710531330911,44.7357,-77.4644,6.24051327847,2.83978715847,2001.01457387912,2004.41529999912,2610000
289,290,0.186717794899998,43.2820937158287,-69.2170374706692,43.1008769873439,-68.9511715162961,4.07500870637,3.88829091147,2002.06307763212,2002.24979542702,2610000
289,291,1.728263212,43.2820937158287,-69.2170374706692,42.0344143712977,-70.133899308057,5.61655412347,3.88829091147,2002.06307763212,2003.79134084412,2610000
290,84,0.391304572300001,43.1008769873439,-68.9511715162961,41.3408,-64.2061,4.46631327867,4.07500870637,2002.24979542702,2002.64109999932,2610000
290,83,2.408704572,43.1008769873439,-68.9511715162961,42.7213,-66.1212,6.48371327837,4.07500870637,2002.24979542702,2004.65849999902,2610000
291,86,2.825059156,42.0344143712977,-70.133899308057,42.2577,-73.5216,8.44161327947,5.61655412347,2003.79134084412,2006.61640000012,2610000
291,85,3.789459156,42.0344143712977,-70.133899308057,42.4716,-73.7313,9.40601327947,5.61655412347,2003.79134084412,2007.58080000012,2610000
292,293,0.150760785100001,41.0720060010209,-74.0354089634597,40.448198934813,-73.1079319576859,2.82390838697,2.67314760187,2000.84793432252,2000.99869510762,2610000
292,295,0.152485497000001,41.0720060010209,-74.0354089634597,40.975831704765,-73.4979014167453,2.82563309887,2.67314760187,2000.84793432252,2001.00041981952,2610000
293,294,9.254266352,40.448198934813,-73.1079319576859,41.3406685219291,-74.1560317600835,12.07817473897,2.82390838697,2000.99869510762,2010.25296145962,2610000
293,90,1.617704892,40.448198934813,-73.1079319576859,36.7582,-64.6359,4.44161327897,2.82390838697,2000.99869510762,2002.61639999962,2610000
294,88,3.325138539,41.3406685219291,-74.1560317600835,41.4681,-73.6598,15.40331327797,12.07817473897,2010.25296145962,2013.57809999862,2610000
294,89,3.286738539,41.3406685219291,-74.1560317600835,41.4457,-73.9824,15.36491327797,12.07817473897,2010.25296145962,2013.53969999862,2610000
295,91,3.47228018,40.975831704765,-73.4979014167453,38.9876,-68.5942,6.29791327887,2.82563309887,2001.00041981952,2004.47269999952,2610000
295,296,2.813916116,40.975831704765,-73.4979014167453,41.06742084544,-73.5529251477127,5.63954921487,2.82563309887,2001.00041981952,2003.81433593552,2610000
296,93,0.712964063500001,41.06742084544,-73.5529251477127,41.2633,-73.9454,6.35251327837,5.63954921487,2003.81433593552,2004.52729999902,2610000
296,92,0.8851640635,41.06742084544,-73.5529251477127,41.0455,-73.8191,6.52471327837,5.63954921487,2003.81433593552,2004.69949999902,2610000
297,95,3.216438721,42.2103938821344,-73.2297192514188,42.8535,-76.4844,5.55121327897,2.33477455797,2000.50956127862,2003.72599999962,2610000
297,298,0.485080482200001,42.2103938821344,-73.2297192514188,41.5312885554503,-73.3082106826177,2.81985504017,2.33477455797,2000.50956127862,2000.99464176082,2610000
298,96,11.54905824,41.5312885554503,-73.3082106826177,-53.4204,6.3429,14.36891328017,2.81985504017,2000.99464176082,2012.54370000082,2610000
298,299,0.1052622985,41.5312885554503,-73.3082106826177,41.3531996995474,-73.7817666633276,2.92511733867,2.81985504017,2000.99464176082,2001.09990405932,2610000
299,300,1.674233786,41.3531996995474,-73.7817666633276,41.2556672977948,-73.622632713292,4.59935112467,2.92511733867,2001.09990405932,2002.77413784532,2610000
299,99,4.60689594,41.3531996995474,-73.7817666633276,41.7423,-73.6926,7.53201327867,2.92511733867,2001.09990405932,2005.70679999932,2610000
300,98,6.908062153,41.2556672977948,-73.622632713292,43.0698,-77.0972,11.50741327767,4.59935112467,2002.77413784532,2009.68219999832,2610000
300,97,5.742262153,41.2556672977948,-73.622632713292,40.8254,-73.6389,10.34161327767,4.59935112467,2002.77413784532,2008.51639999832,2610000
301,303,0.0174238785900016,41.620953247314,-72.9207915834456,41.5471885721781,-72.8004034788122,1.68444761073,1.66702373214,1999.84181045279,1999.85923433138,2610000
301,302,0.00897385962599984,41.620953247314,-72.9207915834456,41.3901110926386,-72.5828862215463,1.675997591766,1.66702373214,1999.84181045279,1999.85078431242,2610000
302,101,3.149215687,41.3901110926386,-72.5828862215463,63.6629,-121.0595,4.825213278766,1.675997591766,1999.85078431242,2002.99999999942,2610000
302,100,2.886215687,41.3901110926386,-72.5828862215463,40.4863,-72.52,4.562213278766,1.675997591766,1999.85078431242,2002.73699999942,2610000
303,304,0.0045121785449993,41.5471885721781,-72.8004034788122,41.5029876352829,-72.8121351639592,1.688959789275,1.68444761073,1999.85923433138,1999.86374650993,2610000
303,381,1.048915802,41.5471885721781,-72.8004034788122,60.5755985175552,-78.8721739534709,2.73336341273,1.68444761073,1999.85923433138,2000.90815013338,2610000
304,305,0.954396584200001,41.5029876352829,-72.8121351639592,41.505128255749,-73.6508544131349,2.643356373475,1.688959789275,1999.86374650993,2000.81814309412,2610000
304,317,0.427935573599999,41.5029876352829,-72.8121351639592,41.6324016836374,-73.4178774770326,2.116895362875,1.688959789275,1999.86374650993,2000.29168208353,2610000
305,306,0.0219994422799985,41.505128255749,-73.6508544131349,41.4774455939771,-73.7376327810536,2.665355815755,2.643356373475,2000.81814309412,2000.8401425364,2610000
305,313,0.0584261356999995,41.505128255749,-73.6508544131349,41.4982444687983,-73.7683981475875,2.701782509175,2.643356373475,2000.81814309412,2000.87656922983,2610000
306,309,0.178682605600001,41.4774455939771,-73.7376327810536,41.3543692121956,-74.4921256518715,2.844038421355,2.665355815755,2000.8401425364,2001.018825142,2610000
306,307,0.1338581533,41.4774455939771,-73.7376327810536,39.4215402765645,-74.8433951396439,2.799213969055,2.665355815755,2000.8401425364,2000.9740006897,2610000
307,308,0.0506722634500001,39.4215402765645,-74.8433951396439,39.37878501034,-74.8876988965744,2.849886232505,2.799213969055,2000.9740006897,2001.02467295316,2610000
307,102,4.691799309,39.4215402765645,-74.8433951396439,27.3591,-82.4033,7.491013278055,2.799213969055,2000.9740006897,2005.6657999987,2610000
308,103,1.610927046,39.37878501034,-74.8876988965744,35.564,-70.6334,4.460813278505,2.849886232505,2001.02467295316,2002.63559999916,2610000
308,104,2.586327046,39.37878501034,-74.8876988965744,41.2063,-73.8167,5.436213278505,2.849886232505,2001.02467295316,2003.61099999915,2610000
309,109,4.529074857,41.3543692121956,-74.4921256518715,41.959,-72.0291,7.373113278355,2.844038421355,2001.018825142,2005.547899999,2610000
309,310,1.695680849,41.3543692121956,-74.4921256518715,42.0493017993536,-73.679804442315,4.539719270355,2.844038421355,2001.018825142,2002.714505991,2610000
310,311,0.0614063498800004,42.0493017993536,-73.679804442315,41.5108575255041,-72.4193949412402,4.601125620235,4.539719270355,2002.714505991,2002.77591234089,2610000
310,105,2.885494008,42.0493017993536,-73.679804442315,40.9789,-73.1993,7.425213278355,4.539719270355,2002.714505991,2005.599999999,2610000
311,312,1.083389817,41.5108575255041,-72.4193949412402,40.6112668082402,-72.4746683677788,5.684515437235,4.601125620235,2002.77591234089,2003.85930215788,2610000
311,106,1.912587658,41.5108575255041,-72.4193949412402,41.3813,-74.7316,6.513713278235,4.601125620235,2002.77591234089,2004.68849999888,2610000
312,108,0.7472978412,40.6112668082402,-72.4746683677788,42.0001,-73.6521,6.431813278435,5.684515437235,2003.85930215788,2004.60659999909,2610000
312,107,0.8865978412,40.6112668082402,-72.4746683677788,40.8615,-74.2149,6.571113278435,5.684515437235,2003.85930215788,2004.74589999908,2610000
313,314,1.146623536,41.4982444687983,-73.7683981475875,40.9231849888774,-75.2446839184472,3.848406045175,2.701782509175,2000.87656922983,2002.02319276583,2610000
313,316,3.997222483,41.4982444687983,-73.7683981475875,39.7367917138427,-73.3434027712516,6.699004992175,2.701782509175,2000.87656922983,2004.87379171283,2610000
314,112,1.798707233,40.9231849888774,-75.2446839184472,41.3921,-74.4,5.647113278175,3.848406045175,2002.02319276583,2003.82189999883,2610000
314,315,0.0699378223300009,40.9231849888774,-75.2446839184472,40.4710583717079,-74.1663203272943,3.918343867505,3.848406045175,2002.02319276583,2002.09313058815,2610000
315,111,2.641869411,40.4710583717079,-74.1663203272943,36.8475,-67.6728,6.560213278505,3.918343867505,2002.09313058815,2004.73499999915,2610000
315,110,0.621969410799998,40.4710583717079,-74.1663203272943,40.6406,-73.7184,4.540313278305,3.918343867505,2002.09313058815,2002.71509999896,2610000
316,114,1.676908287,39.7367917138427,-73.3434027712516,40.0046,-73.0107,8.375913279175,6.699004992175,2004.87379171283,2006.55069999982,2610000
316,113,0.6358082866,39.7367917138427,-73.3434027712516,37.7947,-80.517,7.334813278775,6.699004992175,2004.87379171283,2005.50959999943,2610000
317,318,0.0760341599900016,41.6324016836374,-73.4178774770326,41.1354783886393,-73.7427024390831,2.192929522865,2.116895362875,2000.29168208353,2000.36771624352,2610000
317,366,0.1415654133,41.6324016836374,-73.4178774770326,41.631564728994,-75.3626948619709,2.258460776175,2.116895362875,2000.29168208353,2000.43324749683,2610000
318,353,0.4843310165,41.1354783886393,-73.7427024390831,40.7202217418423,-73.2826580447302,2.677260539365,2.192929522865,2000.36771624352,2000.85204726002,2610000
318,319,0.2039868102,41.1354783886393,-73.7427024390831,39.980849182302,-72.8352134649013,2.396916333065,2.192929522865,2000.36771624352,2000.57170305372,2610000
319,320,0.1897220255,39.980849182302,-72.8352134649013,39.9039818697158,-72.7081612723599,2.586638358565,2.396916333065,2000.57170305372,2000.76142507922,2610000
319,349,0.419416400599999,39.980849182302,-72.8352134649013,39.8420063343903,-72.2054185300622,2.816332733665,2.396916333065,2000.57170305372,2000.99111945432,2610000
320,321,0.2117528519,39.9039818697158,-72.7081612723599,38.7494271074452,-71.8999497254307,2.798391210465,2.586638358565,2000.76142507922,2000.97317793112,2610000
320,144,6.87697492,39.9039818697158,-72.7081612723599,39.5252,-71.6772,9.463613278565,2.586638358565,2000.76142507922,2007.63839999921,2610000
321,322,0.029299675339999,38.7494271074452,-71.8999497254307,38.8773121887728,-72.5364309271357,2.827690885805,2.798391210465,2000.97317793112,2001.00247760645,2610000
321,326,0.0837166412400006,38.7494271074452,-71.8999497254307,38.7450585940435,-71.9944621147738,2.882107851705,2.798391210465,2000.97317793112,2001.05689457236,2610000
322,323,0.201339452000001,38.8773121887728,-72.5364309271357,38.3606203668196,-72.8616969392252,3.029030337805,2.827690885805,2001.00247760645,2001.20381705846,2610000
322,119,9.608522393,38.8773121887728,-72.5364309271357,54.4864,-164.9513,12.436213278805,2.827690885805,2001.00247760645,2010.61099999946,2610000
323,324,0.7582607725,38.3606203668196,-72.8616969392252,37.6175555423619,-72.5171536673641,3.787291110305,3.029030337805,2001.20381705846,2001.96207783095,2610000
323,325,1.672856678,38.3606203668196,-72.8616969392252,38.3476106780105,-72.7213821316858,4.701887015805,3.029030337805,2001.20381705846,2002.87667373646,2610000
324,116,9.588622168,37.6175555423619,-72.5171536673641,36.544,-71.4448,13.375913278305,3.787291110305,2001.96207783095,2011.55069999895,2610000
324,115,3.037922168,37.6175555423619,-72.5171536673641,25.4838,-69.3406,6.825213278305,3.787291110305,2001.96207783095,2004.99999999895,2610000
325,118,1.697126262,38.3476106780105,-72.7213821316858,39.6495,-71.2941,6.399013277805,4.701887015805,2002.87667373646,2004.57379999846,2610000
325,117,5.123326262,38.3476106780105,-72.7213821316858,30.4411,-102.5677,9.825213277805,4.701887015805,2002.87667373646,2007.99999999845,2610000
326,327,0.90663786,38.7450585940435,-71.9944621147738,40.832548093744,-73.0467497237821,3.788745711705,2.882107851705,2001.05689457236,2001.96353243236,2610000
326,329,0.0812865895699986,38.7450585940435,-71.9944621147738,38.230977158029,-70.6610004774786,2.963394441275,2.882107851705,2001.05689457236,2001.13818116193,2610000
327,328,0.7567903144,40.832548093744,-73.0467497237821,34.5489375571329,-72.5380029547167,4.545536026105,3.788745711705,2001.96353243236,2002.72032274676,2610000
327,120,1.036467567,40.832548093744,-73.0467497237821,54.8711,-60.1596,4.825213278705,3.788745711705,2001.96353243236,2002.99999999935,2610000
328,122,0.279677252399999,34.5489375571329,-72.5380029547167,34.4983,-72.9168,4.825213278505,4.545536026105,2002.72032274676,2002.99999999916,2610000
328,121,0.279677252399999,34.5489375571329,-72.5380029547167,34.5485,-72.5238,4.825213278505,4.545536026105,2002.72032274676,2002.99999999916,2610000
329,332,0.456088277000001,38.230977158029,-70.6610004774786,37.5530906639214,-70.8656564879373,3.419482718275,2.963394441275,2001.13818116193,2001.59426943893,2610000
329,330,1.593294852,38.230977158029,-70.6610004774786,42.0890754823395,-69.6106807507024,4.556689293275,2.963394441275,2001.13818116193,2002.73147601392,2610000
330,331,0.0164059721800012,42.0890754823395,-69.6106807507024,42.5384333136784,-69.5569831532127,4.573095265455,4.556689293275,2002.73147601392,2002.7478819861,2610000
330,125,2.011723985,42.0890754823395,-69.6106807507024,62.8529,-75.5594,6.568413278275,4.556689293275,2002.73147601392,2004.74319999893,2610000
331,124,1.845018013,42.5384333136784,-69.5569831532127,39.8879,-58.2018,6.418113278455,4.573095265455,2002.7478819861,2004.5928999991,2610000
331,123,1.252118013,42.5384333136784,-69.5569831532127,29.7327,-33.3177,5.825213278455,4.573095265455,2002.7478819861,2003.9999999991,2610000
332,333,0.315067153699999,37.5530906639214,-70.8656564879373,37.3350859064023,-71.3331542931201,3.734549871975,3.419482718275,2001.59426943893,2001.90933659263,2610000
332,338,0.3323983743,37.5530906639214,-70.8656564879373,37.0263084696747,-69.755414910046,3.751881092575,3.419482718275,2001.59426943893,2001.92666781323,2610000
333,334,0.062761258450001,37.3350859064023,-71.3331542931201,37.1848244290388,-71.473694443324,3.797311130425,3.734549871975,2001.90933659263,2001.97209785107,2610000
333,337,0.8072448456,37.3350859064023,-71.3331542931201,35.1731360618856,-73.0693186845452,4.541794717575,3.734549871975,2001.90933659263,2002.71658143822,2610000
334,335,0.00498200270999938,37.1848244290388,-71.473694443324,37.3077670527457,-71.3050245397022,3.802293133135,3.797311130425,2001.97209785107,2001.97707985378,2610000
334,336,0.0172971228599987,37.1848244290388,-71.473694443324,37.3061876472101,-71.6815717873322,3.814608253285,3.797311130425,2001.97209785107,2001.98939497394,2610000
335,127,3.022920145,37.3077670527457,-71.3050245397022,42.0276,-53.2502,6.825213278135,3.802293133135,2001.97707985378,2004.99999999879,2610000
335,126,3.022920145,37.3077670527457,-71.3050245397022,37.6064,-71.089,6.825213278135,3.802293133135,2001.97707985378,2004.99999999879,2610000
336,129,1.010605025,37.3061876472101,-71.6815717873322,40.7283,-70.4173,4.825213278285,3.814608253285,2001.98939497394,2002.99999999893,2610000
336,128,1.010605025,37.3061876472101,-71.6815717873322,37.1558,-71.7896,4.825213278285,3.814608253285,2001.98939497394,2002.99999999893,2610000
337,130,1.283418561,35.1731360618856,-73.0693186845452,34.31,-72.4041,5.825213278575,4.541794717575,2002.71658143822,2003.99999999923,2610000
337,131,3.921818561,35.1731360618856,-73.0693186845452,12.5491,-170.0241,8.463613278575,4.541794717575,2002.71658143822,2006.63839999922,2610000
338,347,0.0547781314199991,37.0263084696747,-69.755414910046,39.1533901151245,-69.7852111798744,3.806659223995,3.751881092575,2001.92666781323,2001.98144594464,2610000
338,339,0.0317385510199983,37.0263084696747,-69.755414910046,36.9301447516658,-69.3311763191533,3.783619643595,3.751881092575,2001.92666781323,2001.95840636425,2610000
339,340,0.253594563700002,36.9301447516658,-69.3311763191533,37.4887979433981,-70.574711940475,4.037214207295,3.783619643595,2001.95840636425,2002.21200092794,2610000
339,343,0.0262506241700002,36.9301447516658,-69.3311763191533,37.044692178037,-69.2330915588636,3.809870267765,3.783619643595,2001.95840636425,2001.98465698842,2610000
340,135,6.809899071,37.4887979433981,-70.574711940475,32.6058,-54.8983,10.847113278295,4.037214207295,2002.21200092794,2009.02189999894,2610000
340,341,1.726615028,37.4887979433981,-70.574711940475,33.3054837965906,-65.2813769098465,5.763829235295,4.037214207295,2002.21200092794,2003.93861595595,2610000
341,132,2.732584043,33.3054837965906,-65.2813769098465,33.204,-65.5228,8.496413278295,5.763829235295,2003.93861595595,2006.67119999894,2610000
341,342,2.134669956,33.3054837965906,-65.2813769098465,33.3324370632611,-65.5262191383313,7.898499191295,5.763829235295,2003.93861595595,2006.07328591195,2610000
342,134,4.507514087,33.3324370632611,-65.5262191383313,29.6878,-63.7559,12.406013278295,7.898499191295,2006.07328591195,2010.58079999894,2610000
342,133,2.691714087,33.3324370632611,-65.5262191383313,32.3045,-65.5289,10.590213278295,7.898499191295,2006.07328591195,2008.76499999895,2610000
343,136,7.642743011,37.044692178037,-69.2330915588636,-0.902,-60.6632,11.452613278765,3.809870267765,2001.98465698842,2009.62739999942,2610000
343,344,0.0299747012699996,37.044692178037,-69.2330915588636,36.1612205898394,-68.9905691249451,3.839844969035,3.809870267765,2001.98465698842,2002.01463168969,2610000
344,345,0.106933186600001,36.1612205898394,-68.9905691249451,36.0855624048468,-69.1261330641342,3.946778155635,3.839844969035,2002.01463168969,2002.12156487628,2610000
344,137,3.651168309,36.1612205898394,-68.9905691249451,35.6322,-66.7951,7.491013278035,3.839844969035,2002.01463168969,2005.66579999869,2610000
345,346,0.0543419571000001,36.0855624048468,-69.1261330641342,35.9345138631425,-68.991270766656,4.001120112735,3.946778155635,2002.12156487628,2002.17590683338,2610000
345,138,1.878435123,36.0855624048468,-69.1261330641342,36.2339,-68.6608,5.825213278635,3.946778155635,2002.12156487628,2003.99999999929,2610000
346,139,9.366593166,35.9345138631425,-68.991270766656,34.7,-71.3262,13.367713278735,4.001120112735,2002.17590683338,2011.54249999938,2610000
346,140,2.447093166,35.9345138631425,-68.991270766656,39.6411,-71.6915,6.448213278735,4.001120112735,2002.17590683338,2004.62299999939,2610000
347,348,1.969051147,39.1533901151245,-69.7852111798744,37.3274721203469,-71.1887590051027,5.775710370995,3.806659223995,2001.98144594464,2003.95049709165,2610000
347,141,1.706254055,39.1533901151245,-69.7852111798744,41.5741,-65.5381,5.512913278995,3.806659223995,2001.98144594464,2003.68769999965,2610000
348,143,3.750902908,37.3274721203469,-71.1887590051027,-37.1318,-19.7746,9.526613278995,5.775710370995,2003.95049709165,2007.70139999964,2610000
348,142,10.46870291,37.3274721203469,-71.1887590051027,35.393,-65.7705,16.244413280995,5.775710370995,2003.95049709165,2014.41920000165,2610000
349,145,8.677380545,39.8420063343903,-72.2054185300622,39.2235,-73.1064,11.493713278665,2.816332733665,2000.99111945432,2009.66849999932,2610000
349,350,0.6374497909,39.8420063343903,-72.2054185300622,40.4441928970094,-70.5501882447903,3.453782524565,2.816332733665,2000.99111945432,2001.62856924521,2610000
350,351,0.4113418165,40.4441928970094,-70.5501882447903,39.2426481807436,-71.4548746007664,3.865124341065,3.453782524565,2001.62856924521,2002.03991106171,2610000
350,146,1.965930754,40.4441928970094,-70.5501882447903,53.5323,-67.1834,5.419713278565,3.453782524565,2001.62856924521,2003.59449999922,2610000
351,352,0.673197278,39.2426481807436,-71.4548746007664,39.0892386358004,-71.6580441540042,4.538321619065,3.865124341065,2002.03991106171,2002.71310833972,2610000
351,149,4.598488937,39.2426481807436,-71.4548746007664,39.4693,-73.0627,8.463613278065,3.865124341065,2002.03991106171,2006.63839999871,2610000
352,147,1.909891659,39.0892386358004,-71.6580441540042,39.4447,-71.7406,6.448213278065,4.538321619065,2002.71310833972,2004.62299999871,2610000
352,148,1.018391659,39.0892386358004,-71.6580441540042,18.8755,78.998,5.556713278065,4.538321619065,2002.71310833972,2003.73149999871,2610000
353,354,0.0375815542799991,40.7202217418423,-73.2826580447302,40.3889582321142,-73.2656314918163,2.714842093645,2.677260539365,2000.85204726002,2000.8896288143,2610000
353,163,2.742452739,40.7202217418423,-73.2826580447302,39.7362,-79.5446,5.419713278365,2.677260539365,2000.85204726002,2003.59449999901,2610000
354,355,0.0527404946200001,40.3889582321142,-73.2656314918163,40.1087051023057,-72.9177042123888,2.767582588265,2.714842093645,2000.8896288143,2000.94236930891,2610000
354,162,7.719671185,40.3889582321142,-73.2656314918163,45.8202,-79.3453,10.434513278645,2.714842093645,2000.8896288143,2008.6092999993,2610000
355,356,0.00100367749999997,40.1087051023057,-72.9177042123888,40.1442062186782,-72.8900281950652,2.768586265765,2.767582588265,2000.94236930891,2000.94337298641,2610000
355,364,0.1527833263,40.1087051023057,-72.9177042123888,40.2383908702395,-70.0337239282132,2.920365914565,2.767582588265,2000.94236930891,2001.09515263522,2610000
356,357,0.0320670501300011,40.1442062186782,-72.8900281950652,39.8737093823662,-73.0310668087021,2.800653315895,2.768586265765,2000.94337298641,2000.97544003655,2610000
356,158,2.749827013,40.1442062186782,-72.8900281950652,40.8509,-74.087,5.518413278765,2.768586265765,2000.94337298641,2003.69319999942,2610000
357,361,0.0561133060399985,39.8737093823662,-73.0310668087021,40.0474062038533,-72.945042591286,2.856766621935,2.800653315895,2000.97544003655,2001.03155334259,2610000
357,358,0.1653334487,39.8737093823662,-73.0310668087021,39.9860766893806,-74.3460058946772,2.965986764595,2.800653315895,2000.97544003655,2001.14077348525,2610000
358,359,0.760783305299999,39.9860766893806,-74.3460058946772,40.2004968468865,-73.4689296099512,3.726770069895,2.965986764595,2001.14077348525,2001.90155679055,2610000
358,360,0.7547855766,39.9860766893806,-74.3460058946772,40.4573929673095,-73.9597976553376,3.720772341195,2.965986764595,2001.14077348525,2001.89555906185,2610000
359,150,5.695743209,40.2004968468865,-73.4689296099512,41.0437,-73.4224,9.422513278895,3.726770069895,2001.90155679055,2007.59729999954,2610000
359,151,1.745043209,40.2004968468865,-73.4689296099512,40.5622,-73.2476,5.471813278895,3.726770069895,2001.90155679055,2003.64659999955,2610000
360,152,0.7208409373,40.4573929673095,-73.9597976553376,39.5036,-73.2999,4.441613278495,3.720772341195,2001.89555906185,2002.61639999914,2610000
360,153,6.686440937,40.4573929673095,-73.9597976553376,40.7356,-73.3066,10.407213278195,3.720772341195,2001.89555906185,2008.58199999885,2610000
361,154,0.968446656599999,40.0474062038533,-72.945042591286,14.3253,-95.4713,3.825213278535,2.856766621935,2001.03155334259,2001.99999999919,2610000
361,362,1.082207263,40.0474062038533,-72.945042591286,40.4191813734454,-74.0520552718191,3.938973884935,2.856766621935,2001.03155334259,2002.11376060558,2610000
362,363,0.665182398299999,40.4191813734454,-74.0520552718191,40.3932483148806,-73.9519007137661,4.604156283235,3.938973884935,2002.11376060558,2002.77894300388,2610000
362,155,6.501039394,40.4191813734454,-74.0520552718191,40.3384,-70.1057,10.440013278935,3.938973884935,2002.11376060558,2008.61479999959,2610000
363,156,0.8594569955,40.3932483148806,-73.9519007137661,40.7131,-73.5693,5.463613278735,4.604156283235,2002.77894300388,2003.63839999939,2610000
363,157,0.848456995500001,40.3932483148806,-73.9519007137661,40.1391,-78.7473,5.452613278735,4.604156283235,2002.77894300388,2003.62739999939,2610000
364,161,1.904847364,40.2383908702395,-70.0337239282132,57.3028,-113.5184,4.825213278565,2.920365914565,2001.09515263522,2002.99999999922,2610000
364,365,0.849587511599999,40.2383908702395,-70.0337239282132,41.0605413721617,-68.1035360767128,3.769953426165,2.920365914565,2001.09515263522,2001.94474014682,2610000
365,159,1.674459852,41.0605413721617,-68.1035360767128,40.1095,-68.378,5.444413278165,3.769953426165,2001.94474014682,2003.61919999882,2610000
365,160,1.055259852,41.0605413721617,-68.1035360767128,30.0285,-58.2585,4.825213278165,3.769953426165,2001.94474014682,2002.99999999881,2610000
366,367,0.0617471781100001,41.631564728994,-75.3626948619709,42.0451241891685,-75.3896148857126,2.320207954285,2.258460776175,2000.43324749683,2000.49499467494,2610000
366,375,0.375694410700001,41.631564728994,-75.3626948619709,41.5852377502912,-74.9542167729754,2.634155186875,2.258460776175,2000.43324749683,2000.80894190752,2610000
367,368,0.111484624999999,42.0451241891685,-75.3896148857126,42.0296339987711,-75.385428871334,2.431692579285,2.320207954285,2000.49499467494,2000.60647929994,2610000
367,164,1.505005324,42.0451241891685,-75.3896148857126,43.2855,-78.5418,3.825213278285,2.320207954285,2000.49499467494,2001.99999999893,2610000
368,369,0.285859053300001,42.0296339987711,-75.385428871334,43.2398124283718,-77.449863087661,2.717551632585,2.431692579285,2000.60647929994,2000.89233835324,2610000
368,371,0.393999899100002,42.0296339987711,-75.385428871334,41.8861013595093,-74.7552546460402,2.825692478385,2.431692579285,2000.60647929994,2001.00047919903,2610000
369,165,4.866561646,43.2398124283718,-77.449863087661,41.3752,-75.9585,7.584113278585,2.717551632585,2000.89233835324,2005.75889999923,2610000
369,370,0.0256603029699995,43.2398124283718,-77.449863087661,43.0160315354852,-77.1447030611502,2.743211935555,2.717551632585,2000.89233835324,2000.9179986562,2610000
370,166,1.816201343,43.0160315354852,-77.1447030611502,42.3287,-77.7857,4.559413278555,2.743211935555,2000.9179986562,2002.7341999992,2610000
370,167,5.723101343,43.0160315354852,-77.1447030611502,42.707,-76.9413,8.466313278555,2.743211935555,2000.9179986562,2006.6410999992,2610000
371,168,1.9995208,41.8861013595093,-74.7552546460402,36.7623,-61.0677,4.825213278385,2.825692478385,2001.00047919903,2002.99999999904,2610000
371,372,0.9634795393,41.8861013595093,-74.7552546460402,42.4935841926728,-73.2290291992661,3.789172017685,2.825692478385,2001.00047919903,2001.96395873834,2610000
372,373,0.795823853799998,42.4935841926728,-73.2290291992661,42.7575997964006,-73.3386738175659,4.584995871485,3.789172017685,2001.96395873834,2002.75978259214,2610000
372,169,1.036041261,42.4935841926728,-73.2290291992661,42.6126,-67.2098,4.825213278685,3.789172017685,2001.96395873834,2002.99999999933,2610000
373,170,0.834717407100001,42.7575997964006,-73.3386738175659,32.9603,-49.3426,5.419713278585,4.584995871485,2002.75978259214,2003.59449999924,2610000
373,374,0.0136857157400012,42.7575997964006,-73.3386738175659,42.9014730413375,-73.7017512848871,4.598681587225,4.584995871485,2002.75978259214,2002.77346830787,2610000
374,172,0.2265316914,42.9014730413375,-73.7017512848871,45.0778,-73.6027,4.825213278625,4.598681587225,2002.77346830787,2002.99999999928,2610000
374,171,0.2265316914,42.9014730413375,-73.7017512848871,43.2973,-67.4449,4.825213278625,4.598681587225,2002.77346830787,2002.99999999928,2610000
375,378,0.1324185867,41.5852377502912,-74.9542167729754,41.5195693194732,-74.9555902883876,2.766573773575,2.634155186875,2000.80894190752,2000.94136049423,2610000
375,376,0.00421745874700008,41.5852377502912,-74.9542167729754,41.5755690454933,-74.9549560619729,2.638372645622,2.634155186875,2000.80894190752,2000.81315936627,2610000
376,173,3.858940633,41.5755690454933,-74.9549560619729,46.0745,-74.0047,6.497313278622,2.638372645622,2000.81315936627,2004.67209999927,2610000
376,377,0.1731877191,41.5755690454933,-74.9549560619729,41.6581917081185,-74.8846998956597,2.811560364722,2.638372645622,2000.81315936627,2000.98634708537,2610000
377,175,1.632852914,41.6581917081185,-74.8846998956597,42.323,-74.7967,4.444413278722,2.811560364722,2000.98634708537,2002.61919999937,2610000
377,174,5.745152914,41.6581917081185,-74.8846998956597,41.3475,-74.3799,8.556713278722,2.811560364722,2000.98634708537,2006.73149999937,2610000
378,176,2.812039505,41.5195693194732,-74.9555902883876,40.3721,-74.7067,5.578613278575,2.766573773575,2000.94136049423,2003.75339999922,2610000
378,379,0.0395055424299997,41.5195693194732,-74.9555902883876,41.6008701584175,-74.441410399067,2.806079316005,2.766573773575,2000.94136049423,2000.98086603666,2610000
379,177,1.725933963,41.6008701584175,-74.441410399067,41.5024,-68.8891,4.532013279005,2.806079316005,2000.98086603666,2002.70679999966,2610000
379,380,1.241044008,41.6008701584175,-74.441410399067,40.9689457587418,-74.1438857753556,4.047123324005,2.806079316005,2000.98086603666,2002.22191004466,2610000
380,179,1.487689954,40.9689457587418,-74.1438857753556,40.3837,-73.8818,5.534813278005,4.047123324005,2002.22191004466,2003.70959999865,2610000
380,178,7.484889954,40.9689457587418,-74.1438857753556,41.1353,-73.1152,11.532013278005,4.047123324005,2002.22191004466,2009.70679999866,2610000
381,382,0.1597481905,60.5755985175552,-78.8721739534709,60.4024785194673,-79.0749453928992,2.89311160323,2.73336341273,2000.90815013338,2001.06789832388,2610000
381,396,1.855482854,60.5755985175552,-78.8721739534709,60.5440009301653,-80.4877299640272,4.58884626673,2.73336341273,2000.90815013338,2002.76363298738,2610000
382,180,7.508601675,60.4024785194673,-79.0749453928992,60.7621,-89.1799,10.40171327823,2.89311160323,2001.06789832388,2008.57649999888,2610000
382,383,0.881041785200001,60.4024785194673,-79.0749453928992,63.1840227252908,-78.7127646999339,3.77415338843,2.89311160323,2001.06789832388,2001.94894010908,2610000
383,384,0.082521600659998,63.1840227252908,-78.7127646999339,62.9535625238865,-78.6183879542223,3.85667498909,3.77415338843,2001.94894010908,2002.03146170974,2610000
383,390,0.0504492741999982,63.1840227252908,-78.7127646999339,65.0181672037365,-75.9846611112531,3.82460266263,3.77415338843,2001.94894010908,2001.99938938328,2610000
384,389,1.778842186,62.9535625238865,-78.6183879542223,63.3342323527009,-76.0415722073969,5.63551717509,3.85667498909,2002.03146170974,2003.81030389574,2610000
384,385,0.682314787000001,62.9535625238865,-78.6183879542223,63.8476067323644,-79.3276018019827,4.53898977609,3.85667498909,2002.03146170974,2002.71377649674,2610000
385,387,0.1220598955,63.8476067323644,-79.3276018019827,63.45262685341,-79.6226309537455,4.66104967159,4.53898977609,2002.71377649674,2002.83583639224,2610000
385,386,2.375060139,63.8476067323644,-79.3276018019827,66.0262617668212,-76.9886887460254,6.91404991509,4.53898977609,2002.71377649674,2005.08883663574,2610000
386,181,0.4782633629,66.0262617668212,-76.9886887460254,66.7,-75.3248,7.39231327799,6.91404991509,2005.08883663574,2005.56709999864,2610000
386,182,2.705663363,66.0262617668212,-76.9886887460254,65.0509,-78.476,9.61971327809,6.91404991509,2005.08883663574,2007.79449999874,2610000
387,388,0.725130932300001,63.45262685341,-79.6226309537455,61.5568743234991,-79.4090326386821,5.38618060389,4.66104967159,2002.83583639224,2003.56096732454,2610000
387,183,2.627163607,63.45262685341,-79.6226309537455,66.3916,-75.9201,7.28821327859,4.66104967159,2002.83583639224,2005.46299999924,2610000
388,184,5.171232675,61.5568743234991,-79.4090326386821,61.9359,-79.0502,10.55741327889,5.38618060389,2003.56096732454,2008.73219999954,2610000
388,185,2.143132675,61.5568743234991,-79.4090326386821,62.0487,-79.8717,7.52931327889,5.38618060389,2003.56096732454,2005.70409999954,2610000
389,187,0.189696103099999,63.3342323527009,-76.0415722073969,66.9726,-86.997,5.82521327819,5.63551717509,2003.81030389574,2003.99999999884,2610000
389,186,0.8044961031,63.3342323527009,-76.0415722073969,63.9922,-75.4056,6.44001327819,5.63551717509,2003.81030389574,2004.61479999884,2610000
390,194,2.615410616,65.0181672037365,-75.9846611112531,66.6266,-74.3685,6.44001327863,3.82460266263,2001.99938938328,2004.61479999928,2610000
390,391,0.2563581908,65.0181672037365,-75.9846611112531,64.855641368985,-75.8477711231991,4.08096085343,3.82460266263,2001.99938938328,2002.25574757408,2610000
391,188,1.927352425,64.855641368985,-75.8477711231991,67.4194,-78.0462,6.00831327843,4.08096085343,2002.25574757408,2004.18309999908,2610000
391,392,0.463799852700001,64.855641368985,-75.8477711231991,65.0921450424405,-75.6372683013655,4.54476070613,4.08096085343,2002.25574757408,2002.71954742678,2610000
392,393,0.0400490588100002,65.0921450424405,-75.6372683013655,65.0753876988699,-75.7170977333277,4.58480976494,4.54476070613,2002.71954742678,2002.75959648559,2610000
392,394,0.00355362957600036,65.0921450424405,-75.6372683013655,65.1074180834477,-75.8278623714722,4.548314335706,4.54476070613,2002.71954742678,2002.72310105636,2610000
393,189,6.421203513,65.0753876988699,-75.7170977333277,64.7798,-74.9683,11.00601327794,4.58480976494,2002.75959648559,2009.18079999859,2610000
393,190,2.922603513,65.0753876988699,-75.7170977333277,63.4209,-72.0814,7.50741327794,4.58480976494,2002.75959648559,2005.68219999859,2610000
394,191,5.839698943,65.1074180834477,-75.8278623714722,63.9165,-75.0657,10.388013278706,4.548314335706,2002.72310105636,2008.56279999936,2610000
394,395,6.535366642,65.1074180834477,-75.8278623714722,65.1423952135115,-75.4579273484607,11.083680977706,4.548314335706,2002.72310105636,2009.25846769836,2610000
395,192,1.7634323,65.1423952135115,-75.4579273484607,65.3823,-75.0802,12.847113277706,11.083680977706,2009.25846769836,2011.02189999836,2610000
395,193,1.7634323,65.1423952135115,-75.4579273484607,65.0109,-75.0527,12.847113277706,11.083680977706,2009.25846769836,2011.02189999836,2610000
396,196,0.236367011499999,60.5440009301653,-80.4877299640272,65.1981,-78.7195,4.82521327823,4.58884626673,2002.76363298738,2002.99999999888,2610000
396,195,0.8281670115,60.5440009301653,-80.4877299640272,60.4888,-81.1877,5.41701327823,4.58884626673,2002.76363298738,2003.59179999888,2610000
397,200,3.548518593,41.9522936495915,-72.2632900779385,40.3177,-71.6799,3.575913278416,0.0273946854159988,1998.20218140607,2001.75069999907,2610000
397,398,0.0497939604700015,41.9522936495915,-72.2632900779385,41.9084188682361,-72.247212531623,0.0771886458860003,0.0273946854159988,1998.20218140607,1998.25197536654,2610000
398,197,3.504224633,41.9084188682361,-72.247212531623,41.2852,-72.7193,3.581413278886,0.0771886458860003,1998.25197536654,2001.75619999954,2610000
398,399,0.0122205280199985,41.9084188682361,-72.247212531623,41.5555967907219,-72.5876412261049,0.0894091739059988,0.0771886458860003,1998.25197536654,1998.26419589456,2610000
399,198,1.390604105,41.5555967907219,-72.5876412261049,39.9065,-74.0949,1.480013278906,0.0894091739059988,1998.26419589456,1999.65479999956,2610000
399,199,2.457104105,41.5555967907219,-72.5876412261049,41.8786,-76.2376,2.546513278906,0.0894091739059988,1998.26419589456,2000.72129999956,2610000
