node1,node2,length,startLat,startLon,endLat,endLon,endNodeL,startNodeL,startYear,endYear,treeID
801,802,0.3029222873,41.2073866218383,-73.9071945163034,41.5260339769339,-71.7007526029184,0.3029222873,0,1998.0639067516,1998.3668290389,2450000
801,807,0.0417178361200001,41.2073866218383,-73.9071945163034,41.2952283513287,-73.6550834802403,0.0417178361200001,0,1998.0639067516,1998.10562458772,2450000
802,803,1.228184552,41.5260339769339,-71.7007526029184,41.3217939958632,-75.4613002180439,1.5311068393,0.3029222873,1998.3668290389,1999.5950135909,2450000
802,6,4.227670961,41.5260339769339,-71.7007526029184,41.73,-73.1693,4.5305932483,0.3029222873,1998.3668290389,2002.5944999999,2450000
803,1,0.404986409199999,41.3217939958632,-75.4613002180439,42.2978,-76.5735,1.9360932485,1.5311068393,1999.5950135909,2000.0000000001,2450000
803,804,0.01788067763,41.3217939958632,-75.4613002180439,41.3346133907816,-75.4425654126624,1.54898751693,1.5311068393,1999.5950135909,1999.61289426853,2450000
804,805,1.16707358,41.3346133907816,-75.4425654126624,41.2619639466974,-74.62865666077,2.71606109693,1.54898751693,1999.61289426853,2000.77996784853,2450000
804,5,2.085705732,41.3346133907816,-75.4425654126624,42.3807,-76.6823,3.63469324893,1.54898751693,1999.61289426853,2001.69860000053,2450000
805,2,2.970732152,41.2619639466974,-74.62865666077,36.9109,-77.0369,5.68679324893,2.71606109693,2000.77996784853,2003.75070000053,2450000
805,806,0.424701863400001,41.2619639466974,-74.62865666077,41.0878936286262,-75.3359826319553,3.14076296033,2.71606109693,2000.77996784853,2001.20466971193,2450000
806,4,0.795330288399999,41.0878936286262,-75.3359826319553,40.1034,-77.0696,3.93609324873,3.14076296033,2001.20466971193,2002.00000000033,2450000
806,3,1.795330288,41.0878936286262,-75.3359826319553,40.8906,-76.0449,4.93609324833,3.14076296033,2001.20466971193,2002.99999999993,2450000
807,1579,0.0826064649799996,41.2952283513287,-73.6550834802403,41.0526289898114,-74.2678098335045,0.1243243011,0.0417178361200001,1998.10562458772,1998.1882310527,2450000
807,808,0.0496359889100013,41.2952283513287,-73.6550834802403,41.1534680559086,-74.0396467510124,0.0913538250300014,0.0417178361200001,1998.10562458772,1998.15526057663,2450000
808,809,0.0745482713199976,41.1534680559086,-74.0396467510124,41.2406841267109,-74.0298655072235,0.165902096349999,0.0913538250300014,1998.15526057663,1998.22980884795,2450000
808,1573,1.952266475,41.1534680559086,-74.0396467510124,41.2149332946443,-74.0364127715762,2.04362030003,0.0913538250300014,1998.15526057663,2000.10752705163,2450000
809,1551,0.1263528928,41.2406841267109,-74.0298655072235,41.5404398096154,-73.6967529481603,0.292254989149999,0.165902096349999,1998.22980884795,1998.35616174075,2450000
809,810,0.1348509808,41.2406841267109,-74.0298655072235,41.1930371300134,-74.0103994734701,0.300753077149999,0.165902096349999,1998.22980884795,1998.36465982875,2450000
810,748,4.238040171,41.1930371300134,-74.0103994734701,41.3603,-74.173,4.53879324815,0.300753077149999,1998.36465982875,2002.60269999975,2450000
810,811,0.896284014200003,41.1930371300134,-74.0103994734701,42.4978433780693,-76.5769975378079,1.19703709135,0.300753077149999,1998.36465982875,1999.26094384295,2450000
811,1523,0.620132660899998,42.4978433780693,-76.5769975378079,42.6716045272665,-79.0112613073398,1.81716975225,1.19703709135,1999.26094384295,1999.88107650385,2450000
811,812,0.432658727299998,42.4978433780693,-76.5769975378079,42.2661890622376,-76.7076138886436,1.62969581865,1.19703709135,1999.26094384295,1999.69360257025,2450000
812,813,0.7001805214,42.2661890622376,-76.7076138886436,41.8188695527148,-76.5252281220672,2.32987634005,1.62969581865,1999.69360257025,2000.39378309165,2450000
812,718,0.858297429900002,42.2661890622376,-76.7076138886436,41.3374,-74.3754,2.48799324855,1.62969581865,1999.69360257025,2000.55190000015,2450000
813,814,0.169849041300001,41.8188695527148,-76.5252281220672,41.6513705031438,-76.234457879617,2.49972538135,2.32987634005,2000.39378309165,2000.56363213295,2450000
813,1154,0.234157648300002,41.8188695527148,-76.5252281220672,41.7980223842287,-75.6073029954782,2.56403398835,2.32987634005,2000.39378309165,2000.62794073995,2450000
814,815,0.1805212046,41.6513705031438,-76.234457879617,41.6567118258858,-75.864723281541,2.68024658595,2.49972538135,2000.56363213295,2000.74415333755,2450000
814,827,0.0628422211499995,41.6513705031438,-76.234457879617,41.2949169255777,-75.9186979697811,2.5625676025,2.49972538135,2000.56363213295,2000.6264743541,2450000
815,816,0.03170167639,41.6567118258858,-75.864723281541,41.5100307431966,-76.1809911897089,2.71194826234,2.68024658595,2000.74415333755,2000.77585501394,2450000
815,823,0.3991281334,41.6567118258858,-75.864723281541,41.3242908642746,-76.078598465484,3.07937471935,2.68024658595,2000.74415333755,2001.14328147095,2450000
816,817,0.367541753899999,41.5100307431966,-76.1809911897089,42.5282495515647,-76.8637380718332,3.07949001624,2.71194826234,2000.77585501394,2001.14339676784,2450000
816,821,0.4090671457,41.5100307431966,-76.1809911897089,41.3444045540135,-75.0182599815416,3.12101540804,2.71194826234,2000.77585501394,2001.18492215964,2450000
817,11,2.579903232,42.5282495515647,-76.8637380718332,41.9294,-74.7576,5.65939324824,3.07949001624,2001.14339676784,2003.72329999984,2450000
817,818,0.7666127917,42.5282495515647,-76.8637380718332,42.5875049722533,-77.5595874569641,3.84610280794,3.07949001624,2001.14339676784,2001.91000955954,2450000
818,820,0.3940261889,42.5875049722533,-77.5595874569641,40.3429467917995,-76.199604463059,4.24012899684,3.84610280794,2001.91000955954,2002.30403574844,2450000
818,819,1.883792371,42.5875049722533,-77.5595874569641,43.3166178833001,-77.3868947122111,5.72989517894,3.84610280794,2001.91000955954,2003.79380193054,2450000
819,7,0.738998069999999,43.3166178833001,-77.3868947122111,42.9892,-77.6194,6.46889324894,5.72989517894,2003.79380193054,2004.53280000054,2450000
819,8,1.88839807,43.3166178833001,-77.3868947122111,41.2521,-74.9009,7.61829324894,5.72989517894,2003.79380193054,2005.68220000054,2450000
820,9,0.4329642517,40.3429467917995,-76.199604463059,42.8582,-92.7246,4.67309324854,4.24012899684,2002.30403574844,2002.73700000014,2450000
820,10,1.695964252,40.3429467917995,-76.199604463059,31.3856,-82.899,5.93609324884,4.24012899684,2002.30403574844,2004.00000000044,2450000
821,822,1.876026234,41.3444045540135,-75.0182599815416,41.2368188168307,-75.3224878250334,4.99704164204,3.12101540804,2001.18492215964,2003.06094839364,2450000
821,12,0.815077840500001,41.3444045540135,-75.0182599815416,36.2377,-79.074,3.93609324854,3.12101540804,2001.18492215964,2002.00000000014,2450000
822,14,3.939051607,41.2368188168307,-75.3224878250334,32.4634,-90.2952,8.93609324904,4.99704164204,2003.06094839364,2007.00000000064,2450000
822,13,6.563751607,41.2368188168307,-75.3224878250334,41.1179,-73.9627,11.56079324904,4.99704164204,2003.06094839364,2009.62470000064,2450000
823,15,6.454018529,41.3242908642746,-76.078598465484,42.5548,-74.2301,9.53339324835,3.07937471935,2001.14328147095,2007.59729999995,2450000
823,824,0.000213384656801097,41.3242908642746,-76.078598465484,41.3199900287539,-76.0723419582872,3.0795881040068,3.07937471935,2001.14328147095,2001.14349485561,2450000
824,826,2.550770623,41.3199900287539,-76.0723419582872,41.1457021475274,-74.4011909678169,5.6303587270068,3.0795881040068,2001.14349485561,2003.69426547861,2450000
824,825,1.717333892,41.3199900287539,-76.0723419582872,41.7505623951267,-74.8220550552161,4.7969219960068,3.0795881040068,2001.14349485561,2002.86082874761,2450000
825,17,9.682871252,41.7505623951267,-74.8220550552161,31.8007,-110.6448,14.4797932480068,4.7969219960068,2002.86082874761,2012.54369999961,2450000
825,16,1.865971252,41.7505623951267,-74.8220550552161,41.9388,-74.4337,6.6628932480068,4.7969219960068,2002.86082874761,2004.72679999961,2450000
826,18,5.941334521,41.1457021475274,-74.4011909678169,39.917,-84.7622,11.5716932480068,5.6303587270068,2003.69426547861,2009.63559999961,2450000
826,19,0.9123345213,41.1457021475274,-74.4011909678169,32.5784,-84.7402,6.5426932483068,5.6303587270068,2003.69426547861,2004.60659999991,2450000
827,828,0.0831679099600002,41.2949169255777,-75.9186979697811,41.5451862337424,-75.9513013670727,2.64573551246,2.5625676025,2000.6264743541,2000.70964226406,2450000
827,1075,0.147081785699999,41.2949169255777,-75.9186979697811,41.4453219605512,-75.4125937500993,2.7096493882,2.5625676025,2000.6264743541,2000.7735561398,2450000
828,1074,0.4781730809,41.5451862337424,-75.9513013670727,41.5695772849213,-75.7873730005894,3.12390859336,2.64573551246,2000.70964226406,2001.18781534496,2450000
828,829,0.0115594391999991,41.5451862337424,-75.9513013670727,41.659922670312,-76.072574347113,2.65729495166,2.64573551246,2000.70964226406,2000.72120170326,2450000
829,830,0.0228181529300002,41.659922670312,-76.072574347113,41.881264242326,-75.7954931931752,2.68011310459,2.65729495166,2000.72120170326,2000.74401985619,2450000
829,872,0.0122661837399995,41.659922670312,-76.072574347113,41.578140019651,-75.9537188984917,2.6695611354,2.65729495166,2000.72120170326,2000.733467887,2450000
830,859,0.0374463846799991,41.881264242326,-75.7954931931752,41.9215328394395,-75.5877909869626,2.71755948927,2.68011310459,2000.74401985619,2000.78146624087,2450000
830,831,0.0205294889799994,41.881264242326,-75.7954931931752,41.8873905752264,-75.7872421019913,2.70064259357,2.68011310459,2000.74401985619,2000.76454934517,2450000
831,841,0.0130864565,41.8873905752264,-75.7872421019913,41.8982727447773,-75.8779555360634,2.71372905007,2.70064259357,2000.76454934517,2000.77763580167,2450000
831,832,0.00874801282100002,41.8873905752264,-75.7872421019913,41.8491897041988,-75.386083434889,2.709390606391,2.70064259357,2000.76454934517,2000.77329735799,2450000
832,833,0.0058698123990002,41.8491897041988,-75.386083434889,41.7895147549023,-75.2570597780859,2.71526041879,2.709390606391,2000.77329735799,2000.77916717039,2450000
832,29,3.896102642,41.8491897041988,-75.386083434889,41.7676,-76.0675,6.605493248391,2.709390606391,2000.77329735799,2004.66939999999,2450000
833,834,1.371893201,41.7895147549023,-75.2570597780859,41.3215974625398,-74.603294115721,4.08715361979,2.71526041879,2000.77916717039,2002.15106037139,2450000
833,28,0.903032829800001,41.7895147549023,-75.2570597780859,44.2051,-119.8217,3.61829324859,2.71526041879,2000.77916717039,2001.68220000019,2450000
834,27,2.605739629,41.3215974625398,-74.603294115721,41.3891,-74.9915,6.69289324879,4.08715361979,2002.15106037139,2004.75680000039,2450000
834,835,0.0227611560399996,41.3215974625398,-74.603294115721,41.210725627873,-74.6593020850976,4.10991477583,4.08715361979,2002.15106037139,2002.17382152743,2450000
835,20,3.464578473,41.210725627873,-74.6593020850976,41.0176,-74.8172,7.57449324883,4.10991477583,2002.17382152743,2005.63840000043,2450000
835,836,0.0177754973699997,41.210725627873,-74.6593020850976,41.1763236746409,-74.8521239598189,4.1276902732,4.10991477583,2002.17382152743,2002.1915970248,2450000
836,837,0.0110698349200007,41.1763236746409,-74.8521239598189,41.2133163165459,-74.8297491252629,4.13876010812,4.1276902732,2002.1915970248,2002.20266685972,2450000
836,26,1.518002975,41.1763236746409,-74.8521239598189,41.7604,-73.4603,5.6456932482,4.1276902732,2002.1915970248,2003.7095999998,2450000
837,838,0.526095669899998,41.2133163165459,-74.8297491252629,41.579018536929,-75.2336508074779,4.66485577802,4.13876010812,2002.20266685972,2002.72876252962,2450000
837,25,0.797333140299999,41.2133163165459,-74.8297491252629,39.6343,-79.3561,4.93609324842,4.13876010812,2002.20266685972,2003.00000000002,2450000
838,839,0.0660454618000017,41.579018536929,-75.2336508074779,41.5822977183194,-75.2430069594119,4.73090123982,4.66485577802,2002.72876252962,2002.79480799142,2450000
838,21,0.9041374703,41.579018536929,-75.2336508074779,41.3513,-75.2832,5.56899324832,4.66485577802,2002.72876252962,2003.63289999992,2450000
839,24,3.917492009,41.5822977183194,-75.2430069594119,41.2878,-75.0199,8.64839324882,4.73090123982,2002.79480799142,2006.71230000042,2450000
839,840,0.0746598791599986,41.5822977183194,-75.2430069594119,41.6037738941199,-74.9996731437149,4.80556111898,4.73090123982,2002.79480799142,2002.86946787058,2450000
840,23,0.801732129400001,41.6037738941199,-74.9996731437149,41.3164,-75.628,5.60729324838,4.80556111898,2002.86946787058,2003.67119999998,2450000
840,22,0.881232129400001,41.6037738941199,-74.9996731437149,35.5295,-80.2967,5.68679324838,4.80556111898,2002.86946787058,2003.75069999998,2450000
841,856,0.00470214661500101,41.8982727447773,-75.8779555360634,41.8591324262303,-75.8735183494501,2.718431196685,2.71372905007,2000.77763580167,2000.78233794828,2450000
841,842,0.385713169100001,41.8982727447773,-75.8779555360634,41.300446849023,-74.929684855679,3.09944221917,2.71372905007,2000.77763580167,2001.16334897077,2450000
842,854,0.4353873229,41.300446849023,-74.929684855679,41.558556831762,-76.9910518300992,3.53482954207,3.09944221917,2001.16334897077,2001.59873629367,2450000
842,843,0.0437692412999997,41.300446849023,-74.929684855679,40.9300520970598,-75.3979605463737,3.14321146047,3.09944221917,2001.16334897077,2001.20711821207,2450000
843,844,0.527254574400001,40.9300520970598,-75.3979605463737,40.9941703931315,-75.4456008750773,3.67046603487,3.14321146047,2001.20711821207,2001.73437278647,2450000
843,41,0.792881788100001,40.9300520970598,-75.3979605463737,34.3062,-79.5032,3.93609324857,3.14321146047,2001.20711821207,2002.00000000017,2450000
844,30,2.016327214,40.9941703931315,-75.4456008750773,40.7621,-76.0078,5.68679324887,3.67046603487,2001.73437278647,2003.75070000047,2450000
844,845,1.062855978,40.9941703931315,-75.4456008750773,41.3602160192772,-73.0197357947014,4.73332201287,3.67046603487,2001.73437278647,2002.79722876447,2450000
845,31,1.959571236,41.3602160192772,-73.0197357947014,40.7362,-74.9944,6.69289324887,4.73332201287,2002.79722876447,2004.75680000047,2450000
845,846,0.0431543815199991,41.3602160192772,-73.0197357947014,41.4107221045891,-73.1385057537712,4.77647639439,4.73332201287,2002.79722876447,2002.84038314599,2450000
846,40,1.749816854,41.4107221045891,-73.1385057537712,41.1491,-75.4273,6.52629324839,4.77647639439,2002.84038314599,2004.59019999999,2450000
846,847,0.9239126095,41.4107221045891,-73.1385057537712,41.5031342810029,-74.4780906968288,5.70038900389,4.77647639439,2002.84038314599,2003.76429575549,2450000
847,848,1.248711451,41.5031342810029,-74.4780906968288,41.3272443440885,-75.03199819577,6.94910045489,5.70038900389,2003.76429575549,2005.01300720649,2450000
847,32,0.927004244500001,41.5031342810029,-74.4780906968288,41.2008,-75.0612,6.62739324839,5.70038900389,2003.76429575549,2004.69129999999,2450000
848,852,0.0763352203699981,41.3272443440885,-75.03199819577,41.1927997902583,-74.9482990403478,7.02543567526,6.94910045489,2005.01300720649,2005.08934242686,2450000
848,849,0.0458859603099988,41.3272443440885,-75.03199819577,41.276893761757,-75.2602328182257,6.9949864152,6.94910045489,2005.01300720649,2005.0588931668,2450000
849,851,0.260786463399999,41.276893761757,-75.2602328182257,41.2584929412954,-75.2630257201837,7.2557728786,6.9949864152,2005.0588931668,2005.3196796302,2450000
849,850,0.00501852641999889,41.276893761757,-75.2602328182257,41.3954681430451,-74.7906972637106,7.00000494162,6.9949864152,2005.0588931668,2005.06391169322,2450000
850,34,0.6182883072,41.3954681430451,-74.7906972637106,41.1638,-75.148,7.61829324882,7.00000494162,2005.06391169322,2005.68220000042,2450000
850,33,1.571688307,41.3954681430451,-74.7906972637106,37.6852,-81.5013,8.57169324862,7.00000494162,2005.06391169322,2006.63560000022,2450000
851,35,1.37892037,41.2584929412954,-75.2630257201837,41.2414,-75.1625,8.6346932486,7.2557728786,2005.3196796302,2006.6986000002,2450000
851,36,0.302220370200001,41.2584929412954,-75.2630257201837,41.3403,-75.2564,7.5579932488,7.2557728786,2005.3196796302,2005.6219000004,2450000
852,39,0.5106575736,41.1927997902583,-74.9482990403478,41.6435,-75.1189,7.53609324886,7.02543567526,2005.08934242686,2005.60000000046,2450000
852,853,0.0797340277400007,41.1927997902583,-74.9482990403478,41.2053925155118,-74.8931325673034,7.105169703,7.02543567526,2005.08934242686,2005.1690764546,2450000
853,37,0.595323545800001,41.2053925155118,-74.8931325673034,41.2226,-74.8701,7.7004932488,7.105169703,2005.1690764546,2005.7644000004,2450000
853,38,0.411723545799999,41.2053925155118,-74.8931325673034,41.0805,-75.1244,7.5168932488,7.105169703,2005.1690764546,2005.5808000004,2450000
854,42,5.050563707,41.558556831762,-76.9910518300992,41.8441,-77.0084,8.58539324907,3.53482954207,2001.59873629367,2006.64930000067,2450000
854,855,1.262305948,41.558556831762,-76.9910518300992,40.2702868062728,-76.565956626371,4.79713549007,3.53482954207,2001.59873629367,2002.86104224167,2450000
855,43,0.884157758999999,40.2702868062728,-76.565956626371,42.1733,-76.8905,5.68129324907,4.79713549007,2002.86104224167,2003.74520000067,2450000
855,44,0.903357759,40.2702868062728,-76.565956626371,40.2363,-74.9921,5.70049324907,4.79713549007,2002.86104224167,2003.76440000067,2450000
856,48,1.217662052,41.8591324262303,-75.8735183494501,41.8204,-75.6264,3.936093248685,2.718431196685,2000.78233794828,2002.00000000028,2450000
856,857,0.00636341658499973,41.8591324262303,-75.8735183494501,41.8683011227504,-75.9892382155244,2.72479461327,2.718431196685,2000.78233794828,2000.78870136487,2450000
857,47,1.066098635,41.8683011227504,-75.9892382155244,37.5149,-83.3859,3.79089324827,2.72479461327,2000.78870136487,2001.85479999987,2450000
857,858,0.416393187699999,41.8683011227504,-75.9892382155244,42.8681473719274,-76.3668100727136,3.14118780097,2.72479461327,2000.78870136487,2001.20509455257,2450000
858,46,3.177405448,42.8681473719274,-76.3668100727136,36.5196,-80.5738,6.31859324897,3.14118780097,2001.20509455257,2004.38250000057,2450000
858,45,0.436005447700001,42.8681473719274,-76.3668100727136,37.6113,-93.1678,3.57719324867,3.14118780097,2001.20509455257,2001.64110000027,2450000
859,860,0.391339421700002,41.9215328394395,-75.5877909869626,41.4755181667059,-75.4170318154267,3.10889891097,2.71755948927,2000.78146624087,2001.17280566257,2450000
859,49,1.887033759,41.9215328394395,-75.5877909869626,42.992,-76.0064,4.60459324827,2.71755948927,2000.78146624087,2002.66849999987,2450000
860,861,5.817535816,41.4755181667059,-75.4170318154267,41.3832471410794,-77.584108380889,8.92643472697,3.10889891097,2001.17280566257,2006.99034147857,2450000
860,863,0.00653733661499878,41.4755181667059,-75.4170318154267,41.4785055685968,-75.2958322581811,3.115436247585,3.10889891097,2001.17280566257,2001.17934299918,2450000
861,50,1.717358522,41.3832471410794,-77.584108380889,41.4757,-72.3522,10.64379324897,8.92643472697,2006.99034147857,2008.70770000057,2450000
861,862,0.1212703104,41.3832471410794,-77.584108380889,41.2870411385405,-77.7952203725747,9.04770503737,8.92643472697,2006.99034147857,2007.11161178897,2450000
862,51,5.511388211,41.2870411385405,-77.7952203725747,42.3632,-74.7116,14.55909324837,9.04770503737,2007.11161178897,2012.62299999997,2450000
862,52,2.570588211,41.2870411385405,-77.7952203725747,40.7891,-79.6478,11.61829324837,9.04770503737,2007.11161178897,2009.68219999997,2450000
863,62,2.453557001,41.4785055685968,-75.2958322581811,39.9051,-74.846,5.568993248585,3.115436247585,2001.17934299918,2003.63290000018,2450000
863,864,1.972372715,41.4785055685968,-75.2958322581811,41.1286269966161,-76.7232470346838,5.087808962585,3.115436247585,2001.17934299918,2003.15171571418,2450000
864,865,2.040668253,41.1286269966161,-76.7232470346838,40.889765040943,-77.1652810450881,7.128477215585,5.087808962585,2003.15171571418,2005.19238396718,2450000
864,53,5.465784286,41.1286269966161,-76.7232470346838,41.1263,-75.3035,10.553593248585,5.087808962585,2003.15171571418,2008.61750000018,2450000
865,866,0.6179043562,40.889765040943,-77.1652810450881,40.4552469882449,-78.5766191273746,7.746381571785,7.128477215585,2005.19238396718,2005.81028832338,2450000
865,54,2.402116033,40.889765040943,-77.1652810450881,43.0225,-74.3337,9.530593248585,7.128477215585,2005.19238396718,2007.59450000018,2450000
866,870,0.0414975675099996,40.4552469882449,-78.5766191273746,40.4760626109487,-78.1255367430466,7.787879139295,7.746381571785,2005.81028832338,2005.85178589089,2450000
866,867,2.061226032,40.4552469882449,-78.5766191273746,39.9818196402512,-80.3339032741738,9.807607603785,7.746381571785,2005.81028832338,2007.87151435538,2450000
867,868,0.199724984,39.9818196402512,-80.3339032741738,39.8545407080856,-80.1954382091075,10.007332587785,9.807607603785,2007.87151435538,2008.07123933938,2450000
867,869,0.332547247999999,39.9818196402512,-80.3339032741738,40.2631010864874,-80.6680196897294,10.140154851785,9.807607603785,2007.87151435538,2008.20406160338,2450000
868,55,1.591760661,39.8545407080856,-80.1954382091075,39.9856,-80.2831,11.599093248785,10.007332587785,2008.07123933938,2009.66300000038,2450000
868,56,2.624660661,39.8545407080856,-80.1954382091075,41.285,-80.5599,12.631993248785,10.007332587785,2008.07123933938,2010.69590000038,2450000
869,58,4.306838397,40.2631010864874,-80.6680196897294,44.2487,-89.5862,14.446993248785,10.140154851785,2008.20406160338,2012.51090000038,2450000
869,57,1.469938397,40.2631010864874,-80.6680196897294,40.0931,-81.7317,11.610093248785,10.140154851785,2008.20406160338,2009.67400000038,2450000
870,871,1.804454561,40.4760626109487,-78.1255367430466,40.3584919293071,-78.3964151766965,9.592333700295,7.787879139295,2005.85178589089,2007.65624045189,2450000
870,59,1.808514109,40.4760626109487,-78.1255367430466,41.2005,-74.9739,9.596393248295,7.787879139295,2005.85178589089,2007.66029999989,2450000
871,61,4.753559548,40.3584919293071,-78.3964151766965,39.8184,-79.8058,14.345893248295,9.592333700295,2007.65624045189,2012.40979999989,2450000
871,60,0.920259548500001,40.3584919293071,-78.3964151766965,32.773,-85.2104,10.512593248795,9.592333700295,2007.65624045189,2008.57650000039,2450000
872,873,0.0226795865200007,41.578140019651,-75.9537188984917,41.3093760970573,-75.7494570632517,2.69224072192,2.6695611354,2000.733467887,2000.75614747352,2450000
872,921,0.0257236075500007,41.578140019651,-75.9537188984917,41.5760493736806,-76.0021672405455,2.69528474295,2.6695611354,2000.733467887,2000.75919149455,2450000
873,875,0.0124623826499999,41.3093760970573,-75.7494570632517,40.9762879047152,-75.7720638209609,2.70470310457,2.69224072192,2000.75614747352,2000.76860985617,2450000
873,874,0.0297051345200003,41.3093760970573,-75.7494570632517,41.5071812000368,-75.340515987226,2.72194585644,2.69224072192,2000.75614747352,2000.78585260804,2450000
874,64,1.910047392,41.5071812000368,-75.340515987226,43.0855,-72.7312,4.63199324844,2.72194585644,2000.78585260804,2002.69590000004,2450000
874,63,0.9730473922,41.5071812000368,-75.340515987226,42.5802,-73.5215,3.69499324864,2.72194585644,2000.78585260804,2001.75890000024,2450000
875,876,0.00151652146599979,40.9762879047152,-75.7720638209609,41.0034358350083,-75.7233495372467,2.706219626036,2.70470310457,2000.76860985617,2000.77012637764,2450000
875,903,0.00271656410300025,40.9762879047152,-75.7720638209609,40.9824433935344,-75.7459282953791,2.707419668673,2.70470310457,2000.76860985617,2000.77132642027,2450000
876,877,0.4069449746,41.0034358350083,-75.7233495372467,40.8931126036614,-75.6167665205052,3.113164600636,2.706219626036,2000.77012637764,2001.17707135224,2450000
876,878,0.00900163629800055,41.0034358350083,-75.7233495372467,41.0855864513596,-75.7521412388943,2.715221262334,2.706219626036,2000.77012637764,2000.77912801393,2450000
877,65,2.343428648,40.8931126036614,-75.6167665205052,40.904,-75.3389,5.456593248636,3.113164600636,2001.17707135224,2003.52050000023,2450000
877,66,7.495028648,40.8931126036614,-75.6167665205052,41.035,-74.5427,10.608193248636,3.113164600636,2001.17707135224,2008.67210000024,2450000
878,879,0.00689486047200027,41.0855864513596,-75.7521412388943,40.9767797483162,-75.5656284467195,2.722116122806,2.715221262334,2000.77912801393,2000.7860228744,2450000
878,897,0.00105422992900017,41.0855864513596,-75.7521412388943,41.0854146905224,-75.7363073532424,2.716275492263,2.715221262334,2000.77912801393,2000.78018224386,2450000
879,67,1.830377126,40.9767797483162,-75.5656284467195,38.2516,-82.0029,4.552493248806,2.722116122806,2000.7860228744,2002.6164000004,2450000
879,880,0.2371197259,40.9767797483162,-75.5656284467195,40.3556233135289,-75.4686487325518,2.959235848706,2.722116122806,2000.7860228744,2001.0231426003,2450000
880,881,1.466808974,40.3556233135289,-75.4686487325518,41.4816434222664,-74.6874181538573,4.426044822706,2.959235848706,2001.0231426003,2002.4899515743,2450000
880,884,0.0378992021099993,40.3556233135289,-75.4686487325518,40.3354429847261,-75.6019259914091,2.997135050816,2.959235848706,2001.0231426003,2001.06104180242,2450000
881,882,0.0471047161999998,41.4816434222664,-74.6874181538573,41.5215380827996,-74.3828087568505,4.473149538906,4.426044822706,2002.4899515743,2002.5370562905,2450000
881,68,0.510048425799999,41.4816434222664,-74.6874181538573,41.3629,-73.3034,4.936093248506,4.426044822706,2002.4899515743,2003.0000000001,2450000
882,71,0.9780437096,41.5215380827996,-74.3828087568505,40.9835,-75.5086,5.451193248506,4.473149538906,2002.5370562905,2003.5151000001,2450000
882,883,0.3366130819,41.5215380827996,-74.3828087568505,41.4661055393063,-74.6322345489404,4.809762620806,4.473149538906,2002.5370562905,2002.8736693724,2450000
883,69,0.874230627700001,41.4661055393063,-74.6322345489404,41.3706,-75.7789,5.683993248506,4.809762620806,2002.8736693724,2003.7479000001,2450000
883,70,1.787530628,41.4661055393063,-74.6322345489404,41.5172,-77.5542,6.597293248806,4.809762620806,2002.8736693724,2004.6612000004,2450000
884,85,10.6430582,40.3354429847261,-75.6019259914091,38.3797,-80.8997,13.640193250816,2.997135050816,2001.06104180242,2011.70410000242,2450000
884,885,0.1331223876,40.3354429847261,-75.6019259914091,40.3426460781045,-75.600610147581,3.130257438416,2.997135050816,2001.06104180242,2001.19416419002,2450000
885,890,2.710571864,40.3426460781045,-75.600610147581,40.4930372126757,-73.5380381807766,5.840829302416,3.130257438416,2001.19416419002,2003.90473605402,2450000
885,886,0.804220770600001,40.3426460781045,-75.600610147581,41.2782928193198,-75.2507509158343,3.934478209016,3.130257438416,2001.19416419002,2001.99838496062,2450000
886,76,1.74681504,41.2782928193198,-75.2507509158343,38.7824,-75.4041,5.681293249016,3.934478209016,2001.99838496062,2003.74520000062,2450000
886,887,0.278108384499999,41.2782928193198,-75.2507509158343,41.307865684239,-75.2374911698269,4.212586593516,3.934478209016,2001.99838496062,2002.27649334512,2450000
887,888,3.592287537,41.307865684239,-75.2374911698269,41.6744054998248,-72.9500801123738,7.804874130516,4.212586593516,2002.27649334512,2005.86878088212,2450000
887,75,1.279706655,41.307865684239,-75.2374911698269,36.1442,-84.9969,5.492293248516,4.212586593516,2002.27649334512,2003.55620000012,2450000
888,889,2.13738445,41.6744054998248,-72.9500801123738,40.8520992545679,-73.5498403834428,9.942258580516,7.804874130516,2005.86878088212,2008.00616533211,2450000
888,72,5.775019118,41.6744054998248,-72.9500801123738,42.1639,-73.4341,13.579893248516,7.804874130516,2005.86878088212,2011.64380000012,2450000
889,73,3.503434667,40.8520992545679,-73.5498403834428,41.2431,-84.8671,13.445693247516,9.942258580516,2008.00616533211,2011.50959999911,2450000
889,74,0.622234667500001,40.8520992545679,-73.5498403834428,40.6341,-74.3935,10.564493248016,9.942258580516,2008.00616533211,2008.62839999962,2450000
890,84,5.747363946,40.4930372126757,-73.5380381807766,36.8277,-87.4209,11.588193248416,5.840829302416,2003.90473605402,2009.65210000002,2450000
890,891,1.14823777,40.4930372126757,-73.5380381807766,40.4377630844034,-74.6549830584734,6.989067072416,5.840829302416,2003.90473605402,2005.05297382401,2450000
891,77,1.640226176,40.4377630844034,-74.6549830584734,40.3581,-74.6734,8.629293248416,6.989067072416,2005.05297382401,2006.69320000001,2450000
891,892,0.7602883065,40.4377630844034,-74.6549830584734,40.0237680040967,-74.9763899014302,7.749355378916,6.989067072416,2005.05297382401,2005.81326213052,2450000
892,893,1.22713232,40.0237680040967,-74.9763899014302,39.9140130330688,-74.4544427936497,8.976487698916,7.749355378916,2005.81326213052,2007.04039445052,2450000
892,895,1.346188434,40.0237680040967,-74.9763899014302,40.4192560460376,-76.363230867609,9.095543812916,7.749355378916,2005.81326213052,2007.15945056452,2450000
893,80,0.573305550000001,39.9140130330688,-74.4544427936497,40.1373,-74.4412,9.549793248916,8.976487698916,2007.04039445052,2007.61370000052,2450000
893,894,0.00402719112100058,39.9140130330688,-74.4544427936497,39.920439755893,-74.5222068219941,8.980514890037,8.976487698916,2007.04039445052,2007.04442164164,2450000
894,78,0.5966783588,39.920439755893,-74.5222068219941,39.4845,-76.4401,9.577193248837,8.980514890037,2007.04442164164,2007.64110000044,2450000
894,79,0.6350783588,39.920439755893,-74.5222068219941,40.0846,-74.477,9.615593248837,8.980514890037,2007.04442164164,2007.67950000044,2450000
895,896,0.00830827144399926,40.4192560460376,-76.363230867609,40.4107858691826,-76.3385281034877,9.10385208436,9.095543812916,2007.15945056452,2007.16775883596,2450000
895,83,0.5172494355,40.4192560460376,-76.363230867609,40.4663,-76.1871,9.612793248416,9.095543812916,2007.15945056452,2007.67670000001,2450000
896,82,3.495241164,40.4107858691826,-76.3385281034877,40.5855,-76.4881,12.59909324836,9.10385208436,2007.16775883596,2010.66299999996,2450000
896,81,2.500741164,40.4107858691826,-76.3385281034877,38.5787,-79.6865,11.60459324836,9.10385208436,2007.16775883596,2009.66849999996,2450000
897,899,1.07913902,41.0854146905224,-75.7363073532424,40.8012635479171,-76.1825170074439,3.795414512263,2.716275492263,2000.78018224386,2001.85932126386,2450000
897,898,0.399278213800001,41.0854146905224,-75.7363073532424,41.4526024985562,-74.6572772142842,3.115553706063,2.716275492263,2000.78018224386,2001.17946045766,2450000
898,86,1.557539543,41.4526024985562,-74.6572772142842,39.103,-75.9997,4.673093249063,3.115553706063,2001.17946045766,2002.73700000066,2450000
898,87,2.573939543,41.4526024985562,-74.6572772142842,41.4069,-74.933,5.689493249063,3.115553706063,2001.17946045766,2003.75340000066,2450000
899,902,0.271631152599999,40.8012635479171,-76.1825170074439,40.7752928445263,-76.0859384805166,4.067045664863,3.795414512263,2001.85932126386,2002.13095241646,2450000
899,900,0.2886024869,40.8012635479171,-76.1825170074439,41.1061548407527,-75.3334822621791,4.084016999163,3.795414512263,2001.85932126386,2002.14792375076,2450000
900,88,1.575376249,41.1061548407527,-75.3334822621791,40.2397,-79.7682,5.659393248163,4.084016999163,2002.14792375076,2003.72329999976,2450000
900,901,0.764879797800001,41.1061548407527,-75.3334822621791,43.4038453884574,-73.7248132043889,4.848896796963,4.084016999163,2002.14792375076,2002.91280354856,2450000
901,89,1.518896451,43.4038453884574,-73.7248132043889,42.6856,-74.8209,6.367793247963,4.848896796963,2002.91280354856,2004.43169999956,2450000
901,90,0.587196451399999,43.4038453884574,-73.7248132043889,34.1099,-91.438,5.436093248363,4.848896796963,2002.91280354856,2003.49999999996,2450000
902,92,0.488247583500002,40.7752928445263,-76.0859384805166,35.4137,-78.2081,4.555293248363,4.067045664863,2002.13095241646,2002.61919999996,2450000
902,91,2.292547583,40.7752928445263,-76.0859384805166,40.8857,-74.3116,6.359593247863,4.067045664863,2002.13095241646,2004.42349999946,2450000
903,904,0.0605099828900002,40.9824433935344,-75.7459282953791,40.8961650263497,-73.8315464579677,2.767929651563,2.707419668673,2000.77132642027,2000.83183640316,2450000
903,910,0.0122091477800002,40.9824433935344,-75.7459282953791,41.2040718176221,-75.8349353526219,2.719628816453,2.707419668673,2000.77132642027,2000.78353556805,2450000
904,99,3.550663597,40.8961650263497,-73.8315464579677,42.0459,-75.3721,6.318593248563,2.767929651563,2000.83183640316,2004.38250000016,2450000
904,905,0.0613866876099998,40.8961650263497,-73.8315464579677,40.8894795267707,-73.8152083503106,2.829316339173,2.767929651563,2000.83183640316,2000.89322309077,2450000
905,93,2.832776909,40.8894795267707,-73.8152083503106,42.2191,-74.0692,5.662093248173,2.829316339173,2000.89322309077,2003.72599999977,2450000
905,906,0.1222634301,40.8894795267707,-73.8152083503106,41.4307426985092,-75.839628350916,2.951579769273,2.829316339173,2000.89322309077,2001.01548652087,2450000
906,907,0.115458093599999,41.4307426985092,-75.839628350916,40.9251342372898,-76.1282865049801,3.067037862873,2.951579769273,2001.01548652087,2001.13094461447,2450000
906,98,4.650313479,41.4307426985092,-75.839628350916,41.2674,-75.4127,7.601893248273,2.951579769273,2001.01548652087,2005.66579999987,2450000
907,97,2.545755386,40.9251342372898,-76.1282865049801,41.2304,-75.687,5.612793248873,3.067037862873,2001.13094461447,2003.67670000047,2450000
907,908,0.969843154200001,40.9251342372898,-76.1282865049801,40.6959911774169,-76.1323939790636,4.036881017073,3.067037862873,2001.13094461447,2002.10078776867,2450000
908,909,1.09635925,40.6959911774169,-76.1323939790636,40.6161738586697,-75.6039321297254,5.133240267073,4.036881017073,2002.10078776867,2003.19714701867,2450000
908,94,1.512912231,40.6959911774169,-76.1323939790636,42.1546,-102.0743,5.549793248073,4.036881017073,2002.10078776867,2003.61369999967,2450000
909,95,2.353552981,40.6161738586697,-75.6039321297254,40.5411,-75.0233,7.486793248073,5.133240267073,2003.19714701867,2005.55069999967,2450000
909,96,0.452152981299999,40.6161738586697,-75.6039321297254,40.864,-75.4046,5.585393248373,5.133240267073,2003.19714701867,2003.64929999997,2450000
910,911,0.0015533173269997,41.2040718176221,-75.8349353526219,41.2074680662156,-75.8520404054296,2.72118213378,2.719628816453,2000.78353556805,2000.78508888538,2450000
910,916,0.0339052126199988,41.2040718176221,-75.8349353526219,40.4826867486079,-77.8447646123972,2.753534029073,2.719628816453,2000.78353556805,2000.81744078067,2450000
911,912,0.401479193,41.2074680662156,-75.8520404054296,41.4786871873073,-75.1669886942722,3.12266132678,2.72118213378,2000.78508888538,2001.18656807838,2450000
911,105,1.949111115,41.2074680662156,-75.8520404054296,40.5139,-76.1352,4.67029324878,2.72118213378,2000.78508888538,2002.73420000038,2450000
912,913,0.4168151967,41.4786871873073,-75.1669886942722,41.1558132756585,-75.2463091501573,3.53947652348,3.12266132678,2001.18656807838,2001.60338327508,2450000
912,914,1.628406302,41.4786871873073,-75.1669886942722,40.62060410942,-76.8879108451295,4.75106762878,3.12266132678,2001.18656807838,2002.81497438038,2450000
913,101,6.114416725,41.1558132756585,-75.2463091501573,36.2896,-76.0023,9.65389324848,3.53947652348,2001.60338327508,2007.71780000008,2450000
913,100,1.114416725,41.1558132756585,-75.2463091501573,40.5468,-77.9123,4.65389324848,3.53947652348,2001.60338327508,2002.71780000008,2450000
914,915,0.0396617081799988,40.62060410942,-76.8879108451295,40.4283589065044,-76.8694805550476,4.79072933696,4.75106762878,2002.81497438038,2002.85463608856,2450000
914,104,0.8179256198,40.62060410942,-76.8879108451295,37.8609,-85.6844,5.56899324858,4.75106762878,2002.81497438038,2003.63290000018,2450000
915,103,0.7782639116,40.4283589065044,-76.8694805550476,41.8211,-96.9364,5.56899324856,4.79072933696,2002.85463608856,2003.63290000016,2450000
915,102,0.761763911600001,40.4283589065044,-76.8694805550476,40.5176,-78.3544,5.55249324856,4.79072933696,2002.85463608856,2003.61640000016,2450000
916,917,0.3197196327,40.4826867486079,-77.8447646123972,40.3803551869395,-79.1212467162287,3.073253661773,2.753534029073,2000.81744078067,2001.13716041337,2450000
916,918,3.173462355,40.4826867486079,-77.8447646123972,40.2425467633273,-78.9510104089159,5.926996384073,2.753534029073,2000.81744078067,2003.99090313567,2450000
917,106,3.485839587,40.3803551869395,-79.1212467162287,43.9972,-86.2277,6.559093248773,3.073253661773,2001.13716041337,2004.62300000037,2450000
917,107,3.450239587,40.3803551869395,-79.1212467162287,40.7474,-77.9447,6.523493248773,3.073253661773,2001.13716041337,2004.58740000037,2450000
918,919,1.091567116,40.2425467633273,-78.9510104089159,40.2668103980989,-82.9782596774667,7.018563500073,5.926996384073,2003.99090313567,2005.08247025167,2450000
918,108,4.629296864,40.2425467633273,-78.9510104089159,40.5676,-82.4672,10.556293248073,5.926996384073,2003.99090313567,2008.62019999967,2450000
919,109,3.570529748,40.2668103980989,-82.9782596774667,34.3334,-82.4963,10.589093248073,7.018563500073,2005.08247025167,2008.65299999967,2450000
919,920,0.0367084299399991,40.2668103980989,-82.9782596774667,40.4189817922069,-83.2739914498491,7.055271930013,7.018563500073,2005.08247025167,2005.11917868161,2450000
920,111,3.632221319,40.4189817922069,-83.2739914498491,40.5241,-82.5564,10.687493249013,7.055271930013,2005.11917868161,2008.75140000061,2450000
920,110,1.880821319,40.4189817922069,-83.2739914498491,32.1307,-101.8296,8.936093249013,7.055271930013,2005.11917868161,2007.00000000061,2450000
921,979,0.0309346034800004,41.5760493736806,-76.0021672405455,41.4780758414697,-75.8757894162614,2.72621934643,2.69528474295,2000.75919149455,2000.79012609803,2450000
921,922,0.0232065787699991,41.5760493736806,-76.0021672405455,41.5107152087421,-76.1445432872307,2.71849132172,2.69528474295,2000.75919149455,2000.78239807332,2450000
922,934,0.0077170935550015,41.5107152087421,-76.1445432872307,41.5088847257389,-76.132721046044,2.726208415275,2.71849132172,2000.78239807332,2000.79011516687,2450000
922,923,0.00189940337000039,41.5107152087421,-76.1445432872307,41.47703352919,-76.2292268399504,2.72039072509,2.71849132172,2000.78239807332,2000.78429747669,2450000
923,924,0.365268864600001,41.47703352919,-76.2292268399504,41.4959133834742,-76.9038400792543,3.08565958969,2.72039072509,2000.78429747669,2001.14956634129,2450000
923,925,0.00505375958699972,41.47703352919,-76.2292268399504,41.4502140342883,-76.1567034634268,2.725444484677,2.72039072509,2000.78429747669,2000.78935123628,2450000
924,112,1.603833659,41.4959133834742,-76.9038400792543,41.0329,-76.8952,4.68949324869,3.08565958969,2001.14956634129,2002.75340000029,2450000
924,113,1.562733659,41.4959133834742,-76.9038400792543,40.75,-77.4909,4.64839324869,3.08565958969,2001.14956634129,2002.71230000029,2450000
925,926,0.330753701000001,41.4502140342883,-76.1567034634268,41.450362771176,-75.985995961504,3.056198185677,2.725444484677,2000.78935123628,2001.12010493728,2450000
925,932,0.000439400508501109,41.4502140342883,-76.1567034634268,41.4392270631458,-76.1439337108329,2.7258838851855,2.725444484677,2000.78935123628,2000.78979063678,2450000
926,120,0.879895063000001,41.450362771176,-75.985995961504,39.6909,-75.3466,3.936093248677,3.056198185677,2001.12010493728,2002.00000000028,2450000
926,927,0.00941829910100012,41.450362771176,-75.985995961504,41.4732378065484,-75.9003558434583,3.065616484778,3.056198185677,2001.12010493728,2001.12952323638,2450000
927,928,1.003545882,41.4732378065484,-75.9003558434583,41.2912941147768,-76.4368582502564,4.069162366778,3.065616484778,2001.12952323638,2002.13306911838,2450000
927,119,2.870476764,41.4732378065484,-75.9003558434583,33.7645,-86.6824,5.936093248778,3.065616484778,2001.12952323638,2004.00000000038,2450000
928,929,0.464646036500001,41.2912941147768,-76.4368582502564,40.8055006853443,-75.8937544403459,4.533808403278,4.069162366778,2002.13306911838,2002.59771515488,2450000
928,114,2.582730882,41.2912941147768,-76.4368582502564,41.0786,-75.9434,6.651893248778,4.069162366778,2002.13306911838,2004.71580000038,2450000
929,118,1.013284845,40.8055006853443,-75.8937544403459,40.9443,-75.0196,5.547093248278,4.533808403278,2002.59771515488,2003.61099999988,2450000
929,930,1.254660148,40.8055006853443,-75.8937544403459,40.600996716136,-75.7768285959907,5.788468551278,4.533808403278,2002.59771515488,2003.85237530288,2450000
930,931,0.107431951099999,40.600996716136,-75.7768285959907,40.8951099986429,-76.114317187092,5.895900502378,5.788468551278,2003.85237530288,2003.95980725398,2450000
930,117,0.7350246978,40.600996716136,-75.7768285959907,41.0296,-75.4475,6.523493249078,5.788468551278,2003.85237530288,2004.58740000068,2450000
931,115,0.739692746699999,40.8951099986429,-76.114317187092,41.0857,-75.5736,6.635593249078,5.895900502378,2003.95980725398,2004.69950000068,2450000
931,116,0.567492746699999,40.8951099986429,-76.114317187092,41.192,-75.614,6.463393249078,5.895900502378,2003.95980725398,2004.52730000068,2450000
932,933,1.348121519,41.4392270631458,-76.1439337108329,41.8107329621315,-75.4235177993687,4.0740054041855,2.7258838851855,2000.78979063678,2002.13791215578,2450000
932,123,5.854009363,41.4392270631458,-76.1439337108329,46.8511,-88.0935,8.5798932481855,2.7258838851855,2000.78979063678,2006.64379999978,2450000
933,122,3.409987845,41.8107329621315,-75.4235177993687,42.1499,-74.2419,7.4839932491855,4.0740054041855,2002.13791215578,2005.54790000078,2450000
933,121,2.449487845,41.8107329621315,-75.4235177993687,41.9376,-76.6275,6.5234932491855,4.0740054041855,2002.13791215578,2004.58740000078,2450000
934,169,0.9632848333,41.5088847257389,-76.132721046044,39.3253,-96.7141,3.689493248575,2.726208415275,2000.79011516687,2001.75340000017,2450000
934,935,0.1603102706,41.5088847257389,-76.132721046044,41.7594659025138,-76.066193686929,2.886518685875,2.726208415275,2000.79011516687,2000.95042543747,2450000
935,937,0.1568923778,41.7594659025138,-76.066193686929,41.8176174866996,-76.1278762212564,3.043411063675,2.886518685875,2000.95042543747,2001.10731781527,2450000
935,936,1.223081336,41.7594659025138,-76.066193686929,41.2980937009468,-74.880429233056,4.109600021875,2.886518685875,2000.95042543747,2002.17350677347,2450000
936,124,4.423793227,41.2980937009468,-74.880429233056,41.8314,-75.5132,8.533393248875,4.109600021875,2002.17350677347,2006.59730000047,2450000
936,125,1.590893227,41.2980937009468,-74.880429233056,41.1934,-75.014,5.700493248875,4.109600021875,2002.17350677347,2003.76440000047,2450000
937,978,0.0505765887399985,41.8176174866996,-76.1278762212564,42.0911352115716,-76.1271468930583,3.093987652415,3.043411063675,2001.10731781527,2001.15789440401,2450000
937,938,0.105991965599999,41.8176174866996,-76.1278762212564,42.1341046051068,-75.6967302298552,3.149403029275,3.043411063675,2001.10731781527,2001.21330978087,2450000
938,939,0.564225008400001,42.1341046051068,-75.6967302298552,41.9743339171283,-75.2534020916181,3.713628037675,3.149403029275,2001.21330978087,2001.77753478927,2450000
938,126,1.504490219,42.1341046051068,-75.6967302298552,38.9616,-82.1802,4.653893248275,3.149403029275,2001.21330978087,2002.71779999987,2450000
939,943,0.305552780699999,41.9743339171283,-75.2534020916181,41.9873704963498,-75.2679541034593,4.019180818375,3.713628037675,2001.77753478927,2002.08308756997,2450000
939,940,0.181135007999998,41.9743339171283,-75.2534020916181,41.6896264197357,-75.2852789753697,3.894763045675,3.713628037675,2001.77753478927,2001.95866979727,2450000
940,941,0.0522561667500003,41.6896264197357,-75.2852789753697,41.8746756398237,-75.2262328221992,3.947019212425,3.894763045675,2001.95866979727,2002.01092596402,2450000
940,942,3.097904068,41.6896264197357,-75.2852789753697,42.3404286734809,-74.8440417964304,6.992667113675,3.894763045675,2001.95866979727,2005.05657386527,2450000
941,127,5.668574036,41.8746756398237,-75.2262328221992,44.2345,-72.4398,9.615593248425,3.947019212425,2002.01092596402,2007.67950000002,2450000
941,128,3.679474036,41.8746756398237,-75.2262328221992,42.0358,-74.1675,7.626493248425,3.947019212425,2002.01092596402,2005.69040000002,2450000
942,130,1.603726135,42.3404286734809,-74.8440417964304,42.4502,-74.844,8.596393248675,6.992667113675,2005.05657386527,2006.66030000027,2450000
942,129,0.611926135199999,42.3404286734809,-74.8440417964304,41.7123,-75.4429,7.604593248875,6.992667113675,2005.05657386527,2005.66850000047,2450000
943,166,6.43331243,41.9873704963498,-75.2679541034593,41.6761,-75.1237,10.452493248375,4.019180818375,2002.08308756997,2008.51639999997,2450000
943,944,3.366924881,41.9873704963498,-75.2679541034593,41.5285855651664,-77.7408598911007,7.386105699375,4.019180818375,2002.08308756997,2005.45001245097,2450000
944,945,1.365913525,41.5285855651664,-77.7408598911007,41.3809597385882,-75.1128398274097,8.752019224375,7.386105699375,2005.45001245097,2006.81592597597,2450000
944,131,4.17738755,41.5285855651664,-77.7408598911007,43.0157,-78.1366,11.563493249375,7.386105699375,2005.45001245097,2009.62740000097,2450000
945,946,0.150712884000001,41.3809597385882,-75.1128398274097,40.5396141509773,-75.002030119274,8.902732108375,8.752019224375,2006.81592597597,2006.96663885997,2450000
945,968,0.2489006349,41.3809597385882,-75.1128398274097,41.6206101446357,-74.574108880817,9.000919859275,8.752019224375,2006.81592597597,2007.06482661087,2450000
946,947,1.11565518,40.5396141509773,-75.002030119274,40.8832934130448,-72.4316725631914,10.018387288375,8.902732108375,2006.96663885997,2008.08229403997,2450000
946,948,1.560700424,40.5396141509773,-75.002030119274,41.4963284753214,-76.1148650270066,10.463432532375,8.902732108375,2006.96663885997,2008.52733928397,2450000
947,132,3.50400596,40.8832934130448,-72.4316725631914,38.4503,-77.2312,13.522393248375,10.018387288375,2008.08229403997,2011.58629999997,2450000
947,133,1.58620596,40.8832934130448,-72.4316725631914,41.7015,-71.5424,11.604593248375,10.018387288375,2008.08229403997,2009.66849999997,2450000
948,949,0.551883762799999,41.4963284753214,-76.1148650270066,41.87742739476,-76.0750237570382,11.015316295175,10.463432532375,2008.52733928397,2009.07922304677,2450000
948,134,4.109260716,41.4963284753214,-76.1148650270066,41.9792,-74.639,14.572693248375,10.463432532375,2008.52733928397,2012.63659999997,2450000
949,154,2.564576953,41.87742739476,-76.0750237570382,43.5293,-70.5281,13.579893248175,11.015316295175,2009.07922304677,2011.64379999977,2450000
949,950,0.8663890428,41.87742739476,-76.0750237570382,40.8234536298138,-71.5870718700314,11.881705337975,11.015316295175,2009.07922304677,2009.94561208957,2450000
950,951,2.359151854,40.8234536298138,-71.5870718700314,41.1464818367981,-73.5712671196231,14.240857191975,11.881705337975,2009.94561208957,2012.30476394357,2450000
950,952,0.247861818,40.8234536298138,-71.5870718700314,41.1433259407458,-76.1591869802235,12.129567155975,11.881705337975,2009.94561208957,2010.19347390757,2450000
951,135,0.340036056200001,41.1464818367981,-73.5712671196231,41.4744,-73.5709,14.580893248175,14.240857191975,2012.30476394357,2012.64479999977,2450000
951,136,0.2061360562,41.1464818367981,-73.5712671196231,42.3006,-74.4203,14.446993248175,14.240857191975,2012.30476394357,2012.51089999977,2450000
952,953,0.1576780375,41.1433259407458,-76.1591869802235,41.0841125793141,-76.3566100982958,12.287245193475,12.129567155975,2010.19347390757,2010.35115194507,2450000
952,957,0.228180054399999,41.1433259407458,-76.1591869802235,41.653386639928,-75.2882457068647,12.357747210375,12.129567155975,2010.19347390757,2010.42165396197,2450000
953,954,0.306352860900001,41.0841125793141,-76.3566100982958,41.424687973326,-74.92112066388,12.593598054375,12.287245193475,2010.35115194507,2010.65750480597,2450000
953,137,3.226948055,41.0841125793141,-76.3566100982958,42.0147,-74.4183,15.514193248475,12.287245193475,2010.35115194507,2013.57810000007,2450000
954,955,0.3576914585,41.424687973326,-74.92112066388,41.4118168142974,-75.2050374264498,12.951289512875,12.593598054375,2010.65750480597,2011.01519626447,2450000
954,138,2.868495194,41.424687973326,-74.92112066388,41.54,-73.875,15.462093248375,12.593598054375,2010.65750480597,2013.52599999997,2450000
955,139,2.582103735,41.4118168142974,-75.2050374264498,33.6515,-82.7492,15.533393247875,12.951289512875,2011.01519626447,2013.59729999947,2450000
955,956,0.111490656000001,41.4118168142974,-75.2050374264498,41.4491429914834,-75.1649953512267,13.062780168875,12.951289512875,2011.01519626447,2011.12668692047,2450000
956,140,4.487013079,41.4491429914834,-75.1649953512267,40.784,-74.1967,17.549793247875,13.062780168875,2011.12668692047,2015.61369999947,2450000
956,141,2.413013079,41.4491429914834,-75.1649953512267,41.5959,-74.2969,15.475793247875,13.062780168875,2011.12668692047,2013.53969999947,2450000
957,958,0.1924814386,41.653386639928,-75.2882457068647,41.9638319740894,-74.2547879944388,12.550228648975,12.357747210375,2010.42165396197,2010.61413540057,2450000
957,966,0.189447811599999,41.653386639928,-75.2882457068647,41.5777144694478,-75.5564821095963,12.547195021975,12.357747210375,2010.42165396197,2010.61110177357,2450000
958,959,0.3737154468,41.9638319740894,-74.2547879944388,41.7047629295092,-74.5415771673499,12.923944095775,12.550228648975,2010.61413540057,2010.98785084737,2450000
958,965,0.5580962502,41.9638319740894,-74.2547879944388,41.766218070688,-74.3765612536089,13.108324899175,12.550228648975,2010.61413540057,2011.17223165077,2450000
959,960,0.246588933,41.7047629295092,-74.5415771673499,41.8935900495564,-74.4276466512605,13.170533028775,12.923944095775,2010.98785084737,2011.23443978037,2450000
959,964,0.1805004089,41.7047629295092,-74.5415771673499,42.0694962196236,-73.7825944269663,13.104444504675,12.923944095775,2010.98785084737,2011.16835125627,2450000
960,963,4.130259492,41.8935900495564,-74.4276466512605,41.3404179770344,-76.7612120220904,17.300792520775,13.170533028775,2011.23443978037,2015.36469927237,2450000
960,961,0.0064203110490002,41.8935900495564,-74.4276466512605,41.8855703255319,-74.4089288847637,13.176953339824,13.170533028775,2011.23443978037,2011.24086009142,2450000
961,962,0.0334748651699996,41.8855703255319,-74.4089288847637,42.0474850044924,-74.4798220544945,13.210428204994,13.176953339824,2011.24086009142,2011.27433495659,2450000
961,142,1.321939908,41.8855703255319,-74.4089288847637,41.5179,-74.0319,14.498893247824,13.176953339824,2011.24086009142,2012.56279999942,2450000
962,144,2.262665043,42.0474850044924,-74.4798220544945,41.7242,-74.8011,15.473093247994,13.210428204994,2011.27433495659,2013.53699999959,2450000
962,143,2.495565043,42.0474850044924,-74.4798220544945,42.6103,-76.0157,15.705993247994,13.210428204994,2011.27433495659,2013.76989999959,2450000
963,146,0.303800727500001,41.3404179770344,-76.7612120220904,41.3693,-76.6671,17.604593248275,17.300792520775,2015.36469927237,2015.66849999987,2450000
963,145,0.227100727500002,41.3404179770344,-76.7612120220904,41.3815,-76.5913,17.527893248275,17.300792520775,2015.36469927237,2015.59179999987,2450000
964,148,1.380848743,42.0694962196236,-73.7825944269663,42.3223,-74.5121,14.485293247675,13.104444504675,2011.16835125627,2012.54919999927,2450000
964,147,1.572048743,42.0694962196236,-73.7825944269663,41.8631,-73.9394,14.676493247675,13.104444504675,2011.16835125627,2012.74039999927,2450000
965,150,1.464368349,41.766218070688,-74.3765612536089,41.8387,-74.4374,14.572693248175,13.108324899175,2011.17223165077,2012.63659999977,2450000
965,149,1.450768349,41.766218070688,-74.3765612536089,41.4403,-73.9043,14.559093248175,13.108324899175,2011.17223165077,2012.62299999977,2450000
966,967,0.0403347280999995,41.5777144694478,-75.5564821095963,41.605313601906,-75.4153631312456,12.587529750075,12.547195021975,2010.61110177357,2010.65143650167,2450000
966,153,1.839698226,41.5777144694478,-75.5564821095963,35.6987,-95.8484,14.386893247975,12.547195021975,2010.61110177357,2012.45079999957,2450000
967,151,1.952363498,41.605313601906,-75.4153631312456,41.9589,-74.8103,14.539893248075,12.587529750075,2010.65143650167,2012.60379999967,2450000
967,152,2.042563498,41.605313601906,-75.4153631312456,41.7854,-74.1763,14.630093248075,12.587529750075,2010.65143650167,2012.69399999967,2450000
968,969,0.0673463009099997,41.6206101446357,-74.574108880817,41.5892275516847,-74.4370179889308,9.068266160185,9.000919859275,2007.06482661087,2007.13217291178,2450000
968,977,0.0302323901000001,41.6206101446357,-74.574108880817,41.7031446972196,-74.3982530842639,9.031152249375,9.000919859275,2007.06482661087,2007.09505900097,2450000
969,970,0.9054872919,41.5892275516847,-74.4370179889308,41.4452875612766,-73.7193216736966,9.973753452085,9.068266160185,2007.13217291178,2008.03766020368,2450000
969,976,0.0274389227099991,41.5892275516847,-74.4370179889308,41.624981565135,-74.1484072328994,9.095705082895,9.068266160185,2007.13217291178,2007.15961183449,2450000
970,972,2.092103035,41.4452875612766,-73.7193216736966,42.3805824260946,-85.459653400068,12.065856487085,9.973753452085,2008.03766020368,2010.12976323868,2450000
970,971,2.402032785,41.4452875612766,-73.7193216736966,42.8337246192592,-74.5991198281666,12.375786237085,9.973753452085,2008.03766020368,2010.43969298868,2450000
971,155,2.101307012,42.8337246192592,-74.5991198281666,42.9344,-75.2568,14.477093249085,12.375786237085,2010.43969298868,2012.54100000068,2450000
971,156,2.049407012,42.8337246192592,-74.5991198281666,32.5313,-93.6561,14.425193249085,12.375786237085,2010.43969298868,2012.48910000068,2450000
972,975,0.0859253776000006,42.3805824260946,-85.459653400068,42.3437116573207,-85.2218694252572,12.151781864685,12.065856487085,2010.12976323868,2010.21568861628,2450000
972,973,0.09134802098,42.3805824260946,-85.459653400068,42.0938175825143,-85.5141449407769,12.157204508065,12.065856487085,2010.12976323868,2010.22111125966,2450000
973,159,2.281588741,42.0938175825143,-85.5141449407769,40.409,-104.3258,14.438793249065,12.157204508065,2010.22111125966,2012.50270000066,2450000
973,974,0.7811014933,42.0938175825143,-85.5141449407769,38.4900812758821,-101.794526542524,12.938306001365,12.157204508065,2010.22111125966,2011.00221275296,2450000
974,157,1.500487247,38.4900812758821,-101.794526542524,40.1457,-104.7355,14.438793248365,12.938306001365,2011.00221275296,2012.50269999996,2450000
974,158,1.497787247,38.4900812758821,-101.794526542524,43.9606,-113.7348,14.436093248365,12.938306001365,2011.00221275296,2012.49999999996,2450000
975,160,2.289811384,42.3437116573207,-85.2218694252572,43.247,-103.3775,14.441593248685,12.151781864685,2010.21568861628,2012.50550000028,2450000
975,161,2.210511384,42.3437116573207,-85.2218694252572,40.238,-104.613,14.362293248685,12.151781864685,2010.21568861628,2012.42620000028,2450000
976,162,0.5143881657,41.624981565135,-74.1484072328994,41.7236,-73.6182,9.610093248595,9.095705082895,2007.15961183449,2007.67400000019,2450000
976,163,2.508888166,41.624981565135,-74.1484072328994,42.2364,-74.3436,11.604593248895,9.095705082895,2007.15961183449,2009.66850000049,2450000
977,165,0.5487409992,41.7031446972196,-74.3982530842639,41.7637,-74.5044,9.579893248575,9.031152249375,2007.09505900097,2007.64380000017,2450000
977,164,2.636440999,41.7031446972196,-74.3982530842639,41.7945,-74.5285,11.667593248375,9.031152249375,2007.09505900097,2009.73149999997,2450000
978,167,0.6010055962,42.0911352115716,-76.1271468930583,43.6424,-74.6191,3.694993248615,3.093987652415,2001.15789440401,2001.75890000021,2450000
978,168,2.458505596,42.0911352115716,-76.1271468930583,42.4379,-78.8977,5.552493248415,3.093987652415,2001.15789440401,2003.61640000001,2450000
979,980,0.3163688284,41.4780758414697,-75.8757894162614,41.4256869558575,-75.895468211807,3.04258817483,2.72621934643,2000.79012609803,2001.10649492643,2450000
979,983,0.2780016467,41.4780758414697,-75.8757894162614,41.423034777846,-75.478528831312,3.00422099313,2.72621934643,2000.79012609803,2001.06812774473,2450000
980,982,2.14571439,41.4256869558575,-75.895468211807,41.7043733237536,-75.0570345748586,5.18830256483,3.04258817483,2001.10649492643,2003.25220931643,2450000
980,981,0.126758687299999,41.4256869558575,-75.895468211807,41.4515647809128,-75.5806755770821,3.16934686213,3.04258817483,2001.10649492643,2001.23325361373,2450000
981,171,1.465346386,41.4515647809128,-75.5806755770821,41.5047,-75.7254,4.63469324813,3.16934686213,2001.23325361373,2002.69859999973,2450000
981,170,3.466246386,41.4515647809128,-75.5806755770821,41.195,-75.0899,6.63559324813,3.16934686213,2001.23325361373,2004.69949999973,2450000
982,173,0.4381906834,41.7043733237536,-75.0570345748586,41.6003,-75.422,5.62649324823,5.18830256483,2003.25220931643,2003.69039999983,2450000
982,172,1.280590683,41.7043733237536,-75.0570345748586,40.2116,-76.2127,6.46889324783,5.18830256483,2003.25220931643,2004.53279999943,2450000
983,265,10.53737226,41.423034777846,-75.478528831312,42.8982,-75.7926,13.54159325313,3.00422099313,2001.06812774473,2011.60550000473,2450000
983,984,0.1178933607,41.423034777846,-75.478528831312,41.4928899579426,-75.4163820679392,3.12211435383,3.00422099313,2001.06812774473,2001.18602110543,2450000
984,1073,6.909209824,41.4928899579426,-75.4163820679392,42.4302025717453,-73.5737819137774,10.03132417783,3.12211435383,2001.18602110543,2008.09523092943,2450000
984,985,0.3710389986,41.4928899579426,-75.4163820679392,41.5015307873498,-75.5400536902963,3.49315335243,3.12211435383,2001.18602110543,2001.55706010403,2450000
985,1071,2.316545891,41.5015307873498,-75.5400536902963,41.0367127482405,-76.0338071367824,5.80969924343,3.49315335243,2001.55706010403,2003.87360599503,2450000
985,986,1.244127467,41.5015307873498,-75.5400536902963,41.7810807083145,-74.556851778247,4.73728081943,3.49315335243,2001.55706010403,2002.80118757103,2450000
986,987,0.00622648538100101,41.7810807083145,-74.556851778247,41.6606773527379,-74.7921542380509,4.743507304811,4.73728081943,2002.80118757103,2002.80741405641,2450000
986,1070,3.023853737,41.7810807083145,-74.556851778247,42.36431370722,-73.9336781340802,7.76113455643,4.73728081943,2002.80118757103,2005.82504130803,2450000
987,1069,0.0397202215299988,41.6606773527379,-74.7921542380509,41.7376608270428,-75.0469598872119,4.783227526341,4.743507304811,2002.80741405641,2002.84713427794,2450000
987,988,0.0949844351999989,41.6606773527379,-74.7921542380509,41.6541132527341,-74.43793894423,4.838491740011,4.743507304811,2002.80741405641,2002.90239849161,2450000
988,990,0.3373808026,41.6541132527341,-74.43793894423,41.6627777944873,-74.4827020860628,5.175872542611,4.838491740011,2002.90239849161,2003.23977929421,2450000
988,989,1.010014947,41.6541132527341,-74.43793894423,43.1579070600549,-72.4469632058654,5.848506687011,4.838491740011,2002.90239849161,2003.91241343861,2450000
989,174,3.654686562,43.1579070600549,-72.4469632058654,35.5987,-89.6236,9.503193249011,5.848506687011,2003.91241343861,2007.56710000061,2450000
989,175,2.682086562,43.1579070600549,-72.4469632058654,42.7714,-73.0009,8.530593249011,5.848506687011,2003.91241343861,2006.59450000061,2450000
990,1060,0.5858553857,41.6627777944873,-74.4827020860628,42.3296341420649,-74.1078866355119,5.761727928311,5.175872542611,2003.23977929421,2003.82563467991,2450000
990,991,0.5221289994,41.6627777944873,-74.4827020860628,41.4689976594478,-72.7440782359384,5.698001542011,5.175872542611,2003.23977929421,2003.76190829361,2450000
991,1057,0.2238280995,41.4689976594478,-72.7440782359384,40.7600889434313,-75.1631021403886,5.921829641511,5.698001542011,2003.76190829361,2003.98573639311,2450000
991,992,1.351050681,41.4689976594478,-72.7440782359384,41.8426182670875,-73.2039438678754,7.049052223011,5.698001542011,2003.76190829361,2005.11295897461,2450000
992,1045,2.154121793,41.8426182670875,-73.2039438678754,41.3144858791218,-75.3685831935585,9.203174016011,7.049052223011,2005.11295897461,2007.26708076761,2450000
992,993,2.818340316,41.8426182670875,-73.2039438678754,43.0111956119149,-72.3599770703042,9.867392539011,7.049052223011,2005.11295897461,2007.93129929061,2450000
993,1005,0.0480185172399992,43.0111956119149,-72.3599770703042,43.0092172692926,-72.3693842718796,9.915411056251,9.867392539011,2007.93129929061,2007.97931780785,2450000
993,994,0.184476135000001,43.0111956119149,-72.3599770703042,43.4358789247171,-72.2696360067504,10.051868674011,9.867392539011,2007.93129929061,2008.11577542561,2450000
994,995,0.0109515557299993,43.4358789247171,-72.2696360067504,43.4262846844085,-72.2599120849482,10.062820229741,10.051868674011,2008.11577542561,2008.12672698134,2450000
994,176,3.550024574,43.4358789247171,-72.2696360067504,43.1103,-70.975,13.601893248011,10.051868674011,2008.11577542561,2011.66579999961,2450000
995,187,5.591073018,43.4262846844085,-72.2599120849482,38.2515,-80.2039,15.653893247741,10.062820229741,2008.12672698134,2013.71779999934,2450000
995,996,0.556003389400001,43.4262846844085,-72.2599120849482,43.5161216314384,-72.1302416038366,10.618823619141,10.062820229741,2008.12672698134,2008.68273037074,2450000
996,997,0.4714399399,43.5161216314384,-72.1302416038366,43.8157288124018,-72.2265382543252,11.090263559041,10.618823619141,2008.68273037074,2009.15417031064,2450000
996,177,2.024069629,43.5161216314384,-72.1302416038366,43.1251,-72.4281,12.642893248141,10.618823619141,2008.68273037074,2010.70679999974,2450000
997,999,0.9582107382,43.8157288124018,-72.2265382543252,42.2251829331225,-71.4433738740414,12.048474297241,11.090263559041,2009.15417031064,2010.11238104884,2450000
997,998,1.527226431,43.8157288124018,-72.2265382543252,44.8122817933244,-72.4751878126915,12.617489990041,11.090263559041,2009.15417031064,2010.68139674164,2450000
998,179,1.859603258,44.8122817933244,-72.4751878126915,44.9808,-73.5848,14.477093248041,12.617489990041,2010.68139674164,2012.54099999964,2450000
998,178,1.917003258,44.8122817933244,-72.4751878126915,42.3172,-73.695,14.534493248041,12.617489990041,2010.68139674164,2012.59839999964,2450000
999,186,1.652018951,42.2251829331225,-71.4433738740414,42.3777,-72.1633,13.700493248241,12.048474297241,2010.11238104884,2011.76439999984,2450000
999,1000,0.2885350499,42.2251829331225,-71.4433738740414,42.3949127205167,-73.4691753144726,12.337009347141,12.048474297241,2010.11238104884,2010.40091609874,2450000
1000,1001,0.7595547758,42.3949127205167,-73.4691753144726,41.7947925890692,-74.8340701073908,13.096564122941,12.337009347141,2010.40091609874,2011.16047087454,2450000
1000,1002,1.084138402,42.3949127205167,-73.4691753144726,41.976428657948,-73.3175902468148,13.421147749141,12.337009347141,2010.40091609874,2011.48505450074,2450000
1001,181,2.516229125,41.7947925890692,-74.8340701073908,42.0827,-73.9504,15.612793247941,13.096564122941,2011.16047087454,2013.67669999954,2450000
1001,180,3.340929125,41.7947925890692,-74.8340701073908,42.1951,-74.164,16.437493247941,13.096564122941,2011.16047087454,2014.50139999954,2450000
1002,182,1.157045499,41.976428657948,-73.3175902468148,42.0149,-73.0688,14.578193248141,13.421147749141,2011.48505450074,2012.64209999974,2450000
1002,1003,0.0408329554800009,41.976428657948,-73.3175902468148,42.147471992174,-73.1141271981106,13.461980704621,13.421147749141,2011.48505450074,2011.52588745622,2450000
1003,183,1.091612544,42.147471992174,-73.1141271981106,42.816,-73.5014,14.553593248621,13.461980704621,2011.52588745622,2012.61750000022,2450000
1003,1004,0.7482460914,42.147471992174,-73.1141271981106,42.1135637719435,-73.1217734800084,14.210226796021,13.461980704621,2011.52588745622,2012.27413354762,2450000
1004,184,0.4171664522,42.1135637719435,-73.1217734800084,42.111,-72.9915,14.627393248221,14.210226796021,2012.27413354762,2012.69129999982,2450000
1004,185,0.387066452200001,42.1135637719435,-73.1217734800084,42.3446,-76.1216,14.597293248221,14.210226796021,2012.27413354762,2012.66119999982,2450000
1005,188,1.765882192,43.0092172692926,-72.3693842718796,42.9664,-71.8339,11.681293248251,9.915411056251,2007.97931780785,2009.74519999985,2450000
1005,1006,1.097953773,43.0092172692926,-72.3693842718796,43.7592908413111,-74.7084554910984,11.013364829251,9.915411056251,2007.97931780785,2009.07727158085,2450000
1006,1015,0.0702737144499999,43.7592908413111,-74.7084554910984,43.8322622779117,-77.1936646353964,11.083638543701,11.013364829251,2009.07727158085,2009.1475452953,2450000
1006,1007,0.1144149451,43.7592908413111,-74.7084554910984,44.2777449888889,-73.231992075336,11.127779774351,11.013364829251,2009.07727158085,2009.19168652595,2450000
1007,1012,1.264045944,44.2777449888889,-73.231992075336,43.4197453799111,-76.8692899020293,12.391825718351,11.127779774351,2009.19168652595,2010.45573246995,2450000
1007,1008,0.843426986799999,44.2777449888889,-73.231992075336,44.1265248303692,-75.1993263041028,11.971206761151,11.127779774351,2009.19168652595,2010.03511351275,2450000
1008,1009,1.25054624,44.1265248303692,-75.1993263041028,44.2273898211981,-74.8136786833213,13.221753001151,11.971206761151,2010.03511351275,2011.28565975275,2450000
1008,189,3.605986487,44.1265248303692,-75.1993263041028,44.1501,-74.2363,15.577193248151,11.971206761151,2010.03511351275,2013.64109999975,2450000
1009,193,3.160940247,44.2273898211981,-74.8136786833213,41.6262,-71.9205,16.382693248151,13.221753001151,2011.28565975275,2014.44659999975,2450000
1009,1010,0.2246127298,44.2273898211981,-74.8136786833213,43.8748378352339,-73.6298990966439,13.446365730951,13.221753001151,2011.28565975275,2011.51027248255,2450000
1010,190,2.218527517,43.8748378352339,-73.6298990966439,44.3988,-73.7363,15.664893247951,13.446365730951,2011.51027248255,2013.72879999955,2450000
1010,1011,0.616547215600001,43.8748378352339,-73.6298990966439,43.8102362840755,-74.3997639453526,14.062912946551,13.446365730951,2011.51027248255,2012.12681969815,2450000
1011,191,1.582780302,43.8102362840755,-74.3997639453526,42.7567,-73.6027,15.645693248551,14.062912946551,2012.12681969815,2013.70960000015,2450000
1011,192,1.547180302,43.8102362840755,-74.3997639453526,44.234,-71.8248,15.610093248551,14.062912946551,2012.12681969815,2013.67400000015,2450000
1012,194,2.14266753,43.4197453799111,-76.8692899020293,42.747,-75.7746,14.534493248351,12.391825718351,2010.45573246995,2012.59839999995,2450000
1012,1013,0.00036117914189937,43.4197453799111,-76.8692899020293,43.4193846476375,-76.9117696386983,12.3921868974929,12.391825718351,2010.45573246995,2010.45609364909,2450000
1013,1014,0.282323467099999,43.4193846476375,-76.9117696386983,43.5572900137611,-75.1759678938333,12.6745103645929,12.3921868974929,2010.45609364909,2010.73841711619,2450000
1013,197,3.083606351,43.4193846476375,-76.9117696386983,37.9584,-77.8445,15.4757932484929,12.3921868974929,2010.45609364909,2013.53970000009,2450000
1014,195,2.856082884,43.5572900137611,-75.1759678938333,43.9295,-75.0989,15.5305932485929,12.6745103645929,2010.73841711619,2013.59450000019,2450000
1014,196,2.916382884,43.5572900137611,-75.1759678938333,43.6728,-75.0025,15.5908932485929,12.6745103645929,2010.73841711619,2013.65480000019,2450000
1015,1020,0.0534842358399992,43.8322622779117,-77.1936646353964,43.8197354442506,-77.1163126232647,11.137122779541,11.083638543701,2009.1475452953,2009.20102953114,2450000
1015,1016,0.15059488,43.8322622779117,-77.1936646353964,43.7970841343487,-77.2709772084149,11.234233423701,11.083638543701,2009.1475452953,2009.2981401753,2450000
1016,202,4.455259824,43.7970841343487,-77.2709772084149,44.3512,-74.9109,15.689493247701,11.234233423701,2009.2981401753,2013.7533999993,2450000
1016,1017,0.9727104596,43.7970841343487,-77.2709772084149,43.5639587734186,-74.7257719610067,12.206943883301,11.234233423701,2009.2981401753,2010.2708506349,2450000
1017,1018,0.7119460921,43.5639587734186,-74.7257719610067,44.1347057189671,-73.1228918092529,12.918889975401,12.206943883301,2010.2708506349,2010.982796727,2450000
1017,198,0.375749364800001,43.5639587734186,-74.7257719610067,44.5353,-72.1075,12.582693248101,12.206943883301,2010.2708506349,2010.6465999997,2450000
1018,1019,0.2250331526,44.1347057189671,-73.1228918092529,44.8027543256925,-73.6640295164163,13.143923128001,12.918889975401,2010.982796727,2011.2078298796,2450000
1018,201,1.596403273,44.1347057189671,-73.1228918092529,43.7585,-72.8253,14.515293248401,12.918889975401,2010.982796727,2012.5792,2450000
1019,199,4.46337012,44.8027543256925,-73.6640295164163,44.7441,-73.5317,17.607293248001,13.143923128001,2011.2078298796,2015.6711999996,2450000
1019,200,2.44697012,44.8027543256925,-73.6640295164163,42.4261,-73.8433,15.590893248001,13.143923128001,2011.2078298796,2013.6547999996,2450000
1020,228,3.378170469,43.8197354442506,-77.1163126232647,42.5968,-93.704,14.515293248541,11.137122779541,2009.20102953114,2012.57920000014,2450000
1020,1021,0.1478267069,43.8197354442506,-77.1163126232647,44.1225352942596,-77.2175194563788,11.284949486441,11.137122779541,2009.20102953114,2009.34885623804,2450000
1021,1022,0.789021399599999,44.1225352942596,-77.2175194563788,43.9617391995392,-77.1465799064193,12.073970886041,11.284949486441,2009.34885623804,2010.13787763764,2450000
1021,1030,0.04137793702,44.1225352942596,-77.2175194563788,43.9737280797355,-75.7281883862576,11.326327423461,11.284949486441,2009.34885623804,2009.39023417506,2450000
1022,1024,0.0669685650599998,43.9617391995392,-77.1465799064193,40.5824986784771,-85.4652351037588,12.140939451101,12.073970886041,2010.13787763764,2010.2048462027,2450000
1022,1023,0.306269887299999,43.9617391995392,-77.1465799064193,40.3866795145302,-88.991480536763,12.380240773341,12.073970886041,2010.13787763764,2010.44414752494,2450000
1023,203,2.211552475,40.3866795145302,-88.991480536763,40.1147,-88.6236,14.591793248341,12.380240773341,2010.44414752494,2012.65569999994,2450000
1023,204,2.058552475,40.3866795145302,-88.991480536763,40.3697,-88.6914,14.438793248341,12.380240773341,2010.44414752494,2012.50269999994,2450000
1024,1025,0.4136948173,40.5824986784771,-85.4652351037588,40.1143677922114,-87.3709392477191,12.554634268401,12.140939451101,2010.2048462027,2010.61854102,2450000
1024,1026,0.0515952168799991,40.5824986784771,-85.4652351037588,40.5836559321009,-85.1155724067597,12.192534667981,12.140939451101,2010.2048462027,2010.25644141958,2450000
1025,205,1.90605898,40.1143677922114,-87.3709392477191,40.7909,-86.1724,14.460693248401,12.554634268401,2010.61854102,2012.5246,2450000
1025,206,6.02895898,40.1143677922114,-87.3709392477191,43.7652,-73.5987,18.583593248401,12.554634268401,2010.61854102,2016.6475,2450000
1026,207,2.51405858,40.5836559321009,-85.1155724067597,40.611,-88.7032,14.706593247981,12.192534667981,2010.25644141958,2012.77049999958,2450000
1026,1027,0.0379037452199995,40.5836559321009,-85.1155724067597,40.5548378732916,-85.1832200394375,12.230438413201,12.192534667981,2010.25644141958,2010.2943451648,2450000
1027,1029,1.836336476,40.5548378732916,-85.1832200394375,39.7362684979174,-86.5068045845257,14.066774889201,12.230438413201,2010.2943451648,2012.1306816408,2450000
1027,1028,1.104069112,40.5548378732916,-85.1832200394375,40.5084384858852,-85.7360945798501,13.334507525201,12.230438413201,2010.2943451648,2011.3984142768,2450000
1028,209,1.224585723,40.5084384858852,-85.7360945798501,40.0816,-88.7165,14.559093248201,13.334507525201,2011.3984142768,2012.6229999998,2450000
1028,208,4.037185723,40.5084384858852,-85.7360945798501,41.1197,-79.8907,17.371693248201,13.334507525201,2011.3984142768,2015.4355999998,2450000
1029,211,0.3720183592,39.7362684979174,-86.5068045845257,40.4536,-89.0382,14.438793248401,14.066774889201,2012.1306816408,2012.5027,2450000
1029,210,0.369318359199999,39.7362684979174,-86.5068045845257,39.6655,-87.1417,14.436093248401,14.066774889201,2012.1306816408,2012.5,2450000
1030,1031,0.156800431300001,43.9737280797355,-75.7281883862576,43.7924687455931,-75.5988442510114,11.483127854761,11.326327423461,2009.39023417506,2009.54703460636,2450000
1030,1037,0.2017180059,43.9737280797355,-75.7281883862576,44.4250003418215,-74.594695027699,11.528045429361,11.326327423461,2009.39023417506,2009.59195218096,2450000
1031,1032,0.626650550900001,43.7924687455931,-75.5988442510114,44.0860587905588,-72.8627251564538,12.109778405661,11.483127854761,2009.54703460636,2010.17368515726,2450000
1031,218,5.121465393,43.7924687455931,-75.5988442510114,44.4198,-73.4432,16.604593247761,11.483127854761,2009.54703460636,2014.66849999936,2450000
1032,1035,0.2814156748,44.0860587905588,-72.8627251564538,44.259254357879,-74.2977242887195,12.391194080461,12.109778405661,2010.17368515726,2010.45510083206,2450000
1032,1033,0.0259542811800006,44.0860587905588,-72.8627251564538,44.3225723944217,-72.7073611552429,12.135732686841,12.109778405661,2010.17368515726,2010.19963943844,2450000
1033,214,3.496260561,44.3225723944217,-72.7073611552429,44.1254,-73.4665,15.631993247841,12.135732686841,2010.19963943844,2013.69589999944,2450000
1033,1034,0.258628746499999,44.3225723944217,-72.7073611552429,44.3814242473509,-73.0719608088666,12.394361433341,12.135732686841,2010.19963943844,2010.45826818494,2450000
1034,213,3.158131815,44.3814242473509,-73.0719608088666,44.3132,-73.2049,15.552493248341,12.394361433341,2010.45826818494,2013.61639999994,2450000
1034,212,2.142831815,44.3814242473509,-73.0719608088666,43.1894,-73.862,14.537193248341,12.394361433341,2010.45826818494,2012.60109999994,2450000
1035,217,5.142199168,44.259254357879,-74.2977242887195,44.0718,-72.9397,17.533393248461,12.391194080461,2010.45510083206,2015.59730000006,2450000
1035,1036,0.3290464954,44.259254357879,-74.2977242887195,44.3133766546197,-73.4239432151049,12.720240575861,12.391194080461,2010.45510083206,2010.78414732746,2450000
1036,216,3.941852672,44.3133766546197,-73.4239432151049,36.6982,-78.127,16.662093247861,12.720240575861,2010.78414732746,2014.72599999946,2450000
1036,215,1.677552672,44.3133766546197,-73.4239432151049,44.9827,-73.5544,14.397793247861,12.720240575861,2010.78414732746,2012.46169999946,2450000
1037,1038,0.783770802099999,44.4250003418215,-74.594695027699,44.1415367258632,-74.5330936571148,12.311816231461,11.528045429361,2009.59195218096,2010.37572298306,2450000
1037,1043,0.5096892802,44.4250003418215,-74.594695027699,44.0959672148016,-74.0187334564234,12.037734709561,11.528045429361,2009.59195218096,2010.10164146116,2450000
1038,224,2.200777017,44.1415367258632,-74.5330936571148,44.447,-73.5496,14.512593248461,12.311816231461,2010.37572298306,2012.57650000006,2450000
1038,1039,0.0292614733499992,44.1415367258632,-74.5330936571148,44.2546348754462,-73.8009528399037,12.341077704811,12.311816231461,2010.37572298306,2010.40498445641,2450000
1039,1040,0.155636491099999,44.2546348754462,-73.8009528399037,43.8529776136647,-73.1588803624465,12.496714195911,12.341077704811,2010.40498445641,2010.56062094751,2450000
1039,1041,0.8065531853,44.2546348754462,-73.8009528399037,44.3680554717521,-74.1192802130506,13.147630890111,12.341077704811,2010.40498445641,2011.21153764171,2450000
1040,220,3.017479052,43.8529776136647,-73.1588803624465,42.4854,-76.6644,15.514193247911,12.496714195911,2010.56062094751,2013.57809999951,2450000
1040,219,2.119679052,43.8529776136647,-73.1588803624465,44.3876,-73.369,14.616393247911,12.496714195911,2010.56062094751,2012.68029999951,2450000
1041,223,1.337662358,44.3680554717521,-74.1192802130506,43.9813,-74.9049,14.485293248111,13.147630890111,2011.21153764171,2012.54919999971,2450000
1041,1042,0.0851378026000003,44.3680554717521,-74.1192802130506,44.4236777971685,-73.7524907039938,13.232768692711,13.147630890111,2011.21153764171,2011.29667544431,2450000
1042,222,2.415624555,44.4236777971685,-73.7524907039938,45.1471,-70.1892,15.648393247711,13.232768692711,2011.29667544431,2013.71229999931,2450000
1042,221,1.320824555,44.4236777971685,-73.7524907039938,44.4686,-75.5002,14.553593247711,13.232768692711,2011.29667544431,2012.61749999931,2450000
1043,225,3.457258539,44.0959672148016,-74.0187334564234,44.3109,-73.9895,15.494993248561,12.037734709561,2010.10164146116,2013.55890000016,2450000
1043,1044,1.148114779,44.0959672148016,-74.0187334564234,43.7229301209485,-73.8067755579394,13.185849488561,12.037734709561,2010.10164146116,2011.24975624016,2450000
1044,227,2.38584376,43.7229301209485,-73.8067755579394,42.4409,-75.7679,15.571693248561,13.185849488561,2011.24975624016,2013.63560000016,2450000
1044,226,2.44614376,43.7229301209485,-73.8067755579394,43.9933,-74.1216,15.631993248561,13.185849488561,2011.24975624016,2013.69590000016,2450000
1045,1055,1.061348815,41.3144858791218,-75.3685831935585,41.3147088741513,-75.6193534712964,10.264522831011,9.203174016011,2007.26708076761,2008.32842958261,2450000
1045,1046,0.834765835000001,41.3144858791218,-75.3685831935585,39.1932111777847,-76.8643195047973,10.037939851011,9.203174016011,2007.26708076761,2008.10184660261,2450000
1046,1048,2.002998135,39.1932111777847,-76.8643195047973,39.2817936724711,-75.8442659723986,12.040937986011,10.037939851011,2008.10184660261,2010.10484473761,2450000
1046,1047,2.296060804,39.1932111777847,-76.8643195047973,39.2889593891778,-74.7130936742767,12.334000655011,10.037939851011,2008.10184660261,2010.39790740661,2450000
1047,229,0.111692593000001,39.2889593891778,-74.7130936742767,39.1639,-74.6853,12.445693248011,12.334000655011,2010.39790740661,2010.50959999961,2450000
1047,230,2.282392593,39.2889593891778,-74.7130936742767,40.7331,-81.0432,14.616393248011,12.334000655011,2010.39790740661,2012.68029999961,2450000
1048,1049,0.150563093300001,39.2817936724711,-75.8442659723986,39.535054469022,-75.1481625320865,12.191501079311,12.040937986011,2010.10484473761,2010.25540783091,2450000
1048,1053,0.9030321788,39.2817936724711,-75.8442659723986,39.3767541658364,-75.7976133356329,12.943970164811,12.040937986011,2010.10484473761,2011.00787691641,2450000
1049,1050,0.387530589600001,39.535054469022,-75.1481625320865,39.4172954830071,-74.9204169255374,12.579031668911,12.191501079311,2010.25540783091,2010.64293842051,2450000
1049,1052,1.882346822,39.535054469022,-75.1481625320865,39.4040896933385,-74.8400587264763,14.073847901311,12.191501079311,2010.25540783091,2012.13775465291,2450000
1050,1051,0.6419379989,39.4172954830071,-74.9204169255374,39.293245805654,-74.7892776568234,13.220969667811,12.579031668911,2010.64293842051,2011.28487641941,2450000
1050,233,1.867961579,39.4172954830071,-74.9204169255374,39.4787,-75.4136,14.446993247911,12.579031668911,2010.64293842051,2012.51089999951,2450000
1051,231,1.37082358,39.293245805654,-74.7892776568234,39.4638,-77.0023,14.591793247811,13.220969667811,2011.28487641941,2012.65569999941,2450000
1051,232,0.28222358,39.293245805654,-74.7892776568234,39.1459,-74.7522,13.503193247811,13.220969667811,2011.28487641941,2011.56709999941,2450000
1052,234,0.487945347,39.4040896933385,-74.8400587264763,39.2421,-74.9444,14.561793248311,14.073847901311,2012.13775465291,2012.62569999991,2450000
1052,235,0.485245346999999,39.4040896933385,-74.8400587264763,42.5114,-76.3798,14.559093248311,14.073847901311,2012.13775465291,2012.62299999991,2450000
1053,1054,1.37791305,39.3767541658364,-75.7976133356329,39.0639419180233,-75.7763337688801,14.321883214811,12.943970164811,2011.00787691641,2012.38578996641,2450000
1053,236,3.701723083,39.3767541658364,-75.7976133356329,39.8218,-75.9005,16.645693247811,12.943970164811,2011.00787691641,2014.70959999941,2450000
1054,238,0.1962100333,39.0639419180233,-75.7763337688801,37.5251,-78.909,14.518093248111,14.321883214811,2012.38578996641,2012.58199999971,2450000
1054,237,0.3082100333,39.0639419180233,-75.7763337688801,39.2079,-75.6757,14.630093248111,14.321883214811,2012.38578996641,2012.69399999971,2450000
1055,239,1.361970417,41.3147088741513,-75.6193534712964,42.2891,-71.4559,11.626493248011,10.264522831011,2008.32842958261,2009.69039999961,2450000
1055,1056,1.910839307,41.3147088741513,-75.6193534712964,41.2130601056148,-74.7367566715802,12.175362138011,10.264522831011,2008.32842958261,2010.23926888961,2450000
1056,241,2.40003111,41.2130601056148,-74.7367566715802,44.8729,-89.5787,14.575393248011,12.175362138011,2010.23926888961,2012.63929999961,2450000
1056,240,0.459331110400001,41.2130601056148,-74.7367566715802,45.9912,-84.0529,12.634693248411,12.175362138011,2010.23926888961,2010.69860000001,2450000
1057,1058,1.077672951,40.7600889434313,-75.1631021403886,40.7710843285769,-75.4123336215364,6.999502592511,5.921829641511,2003.98573639311,2005.06340934411,2450000
1057,245,3.729363607,40.7600889434313,-75.1631021403886,40.9279,-78.0536,9.651193248511,5.921829641511,2003.98573639311,2007.71510000011,2450000
1058,244,1.561290656,40.7710843285769,-75.4123336215364,42.8156,-72.2825,8.560793248511,6.999502592511,2005.06340934411,2006.62470000011,2450000
1058,1059,4.013503455,40.7710843285769,-75.4123336215364,40.5447743240431,-75.5739957905749,11.013006047511,6.999502592511,2005.06340934411,2009.07691279911,2450000
1059,243,2.566887201,40.5447743240431,-75.5739957905749,41.0106,-75.492,13.579893248511,11.013006047511,2009.07691279911,2011.64380000011,2450000
1059,242,2.660087201,40.5447743240431,-75.5739957905749,40.9685,-75.7648,13.673093248511,11.013006047511,2009.07691279911,2011.73700000011,2450000
1060,1061,0.0533154945099987,42.3296341420649,-74.1078866355119,42.5054346977853,-73.9402899285337,5.815043422821,5.761727928311,2003.82563467991,2003.87895017442,2450000
1060,1062,1.992605706,42.3296341420649,-74.1078866355119,42.2580295641397,-74.0953354850343,7.754333634311,5.761727928311,2003.82563467991,2005.81824038591,2450000
1061,246,4.869649826,42.5054346977853,-73.9402899285337,42.2596,-71.0461,10.684693248821,5.815043422821,2003.87895017442,2008.74860000042,2450000
1061,247,6.688149826,42.5054346977853,-73.9402899285337,42.7507,-72.0621,12.503193248821,5.815043422821,2003.87895017442,2010.56710000042,2450000
1062,255,6.703659615,42.2580295641397,-74.0953354850343,42.4963,-78.4451,14.457993249311,7.754333634311,2005.81824038591,2012.52190000091,2450000
1062,1063,3.225240137,42.2580295641397,-74.0953354850343,42.627734697475,-77.0129304513503,10.979573771311,7.754333634311,2005.81824038591,2009.04348052291,2450000
1063,1068,0.0589976549899998,42.627734697475,-77.0129304513503,42.4544526080366,-76.9989793251702,11.038571426301,10.979573771311,2009.04348052291,2009.1024781779,2450000
1063,1064,0.0553300699200001,42.627734697475,-77.0129304513503,42.7354047268026,-76.9916376766174,11.034903841231,10.979573771311,2009.04348052291,2009.09881059283,2450000
1064,1065,0.2481316312,42.7354047268026,-76.9916376766174,42.3746289737371,-76.6593139277092,11.283035472431,11.034903841231,2009.09881059283,2009.34694222403,2450000
1064,1066,2.044264852,42.7354047268026,-76.9916376766174,42.840715709629,-77.037983974981,13.079168693231,11.034903841231,2009.09881059283,2011.14307544483,2450000
1065,248,0.3242577767,42.3746289737371,-76.6593139277092,42.0248,-76.5105,11.607293249131,11.283035472431,2009.34694222403,2009.67120000073,2450000
1065,249,0.307857776700001,42.3746289737371,-76.6593139277092,42.4626,-76.6494,11.590893249131,11.283035472431,2009.34694222403,2009.65480000073,2450000
1066,1067,0.0453615613,42.840715709629,-77.037983974981,42.7558340880806,-77.0255063254994,13.124530254531,13.079168693231,2011.14307544483,2011.18843700613,2450000
1066,250,1.381524556,42.840715709629,-77.037983974981,37.9643,-77.0488,14.460693249231,13.079168693231,2011.14307544483,2012.52460000083,2450000
1067,252,0.5183629946,42.7558340880806,-77.0255063254994,42.8658,-76.7009,13.642893249131,13.124530254531,2011.18843700613,2011.70680000073,2450000
1067,251,0.364962994600001,42.7558340880806,-77.0255063254994,42.791,-77.0974,13.489493249131,13.124530254531,2011.18843700613,2011.55340000073,2450000
1068,254,1.483821823,42.4544526080366,-76.9989793251702,42.7691,-77.2696,12.522393249301,11.038571426301,2009.1024781779,2010.5863000009,2450000
1068,253,0.604321822899999,42.4544526080366,-76.9989793251702,42.4296,-76.6053,11.642893249201,11.038571426301,2009.1024781779,2009.7068000008,2450000
1069,256,3.152865722,41.7376608270428,-75.0469598872119,32.0496,-99.1251,7.936093248341,4.783227526341,2002.84713427794,2005.99999999994,2450000
1069,257,7.835065722,41.7376608270428,-75.0469598872119,40.4373,-84.9477,12.618293248341,4.783227526341,2002.84713427794,2010.68219999994,2450000
1070,258,1.695458692,42.36431370722,-73.9336781340802,42.8354,-73.5928,9.45659324843,7.76113455643,2005.82504130803,2007.52050000003,2450000
1070,259,2.767858692,42.36431370722,-73.9336781340802,41.8335,-72.3866,10.52899324843,7.76113455643,2005.82504130803,2008.59290000003,2450000
1071,260,1.772994005,41.0367127482405,-76.0338071367824,47.1385,-122.2694,7.58269324843,5.80969924343,2003.87360599503,2005.64660000003,2450000
1071,1072,3.332770218,41.0367127482405,-76.0338071367824,42.6641419223613,-77.4076181999299,9.14246946143,5.80969924343,2003.87360599503,2007.20637621303,2450000
1072,261,1.413823787,42.6641419223613,-77.4076181999299,42.0596,-72.5979,10.55629324843,9.14246946143,2007.20637621303,2008.62020000003,2450000
1072,262,1.793623787,42.6641419223613,-77.4076181999299,43.5595,-82.6379,10.93609324843,9.14246946143,2007.20637621303,2009.00000000003,2450000
1073,263,5.40616907,42.4302025717453,-73.5737819137774,42.3561,-73.2729,15.43749324783,10.03132417783,2008.09523092943,2013.50139999943,2450000
1073,264,4.40746907,42.4302025717453,-73.5737819137774,42.1019,-73.0502,14.43879324783,10.03132417783,2008.09523092943,2012.50269999943,2450000
1074,266,2.540984655,41.5695772849213,-75.7873730005894,41.5449,-75.8109,5.66489324836,3.12390859336,2001.18781534496,2003.72879999996,2450000
1074,267,1.453284655,41.5695772849213,-75.7873730005894,34.4992,-87.4269,4.57719324836,3.12390859336,2001.18781534496,2002.64109999996,2450000
1075,1076,0.0132961165300003,41.4453219605512,-75.4125937500993,41.4693901725565,-75.3933376072884,2.72294550473,2.7096493882,2000.7735561398,2000.78685225633,2450000
1075,1127,0.0162684312700012,41.4453219605512,-75.4125937500993,41.5104692438516,-75.222822124142,2.72591781947,2.7096493882,2000.7735561398,2000.78982457107,2450000
1076,319,1.772047744,41.4693901725565,-75.3933376072884,40.9004,-77.9187,4.49499324873,2.72294550473,2000.78685225633,2002.55890000033,2450000
1076,1077,0.02044592797,41.4693901725565,-75.3933376072884,41.4390313880816,-75.2639385673129,2.7433914327,2.72294550473,2000.78685225633,2000.8072981843,2450000
1077,1097,0.0205066456300003,41.4390313880816,-75.2639385673129,41.4333333673217,-75.2239056343236,2.76389807833,2.7433914327,2000.8072981843,2000.82780482993,2450000
1077,1078,0.226092466900001,41.4390313880816,-75.2639385673129,40.7943481342003,-75.4082754029421,2.9694838996,2.7433914327,2000.8072981843,2001.0333906512,2450000
1078,1079,0.0377821654999995,40.7943481342003,-75.4082754029421,40.7493292433728,-75.4698854136597,3.0072660651,2.9694838996,2001.0333906512,2001.0711728167,2450000
1078,1085,0.0873263542899991,40.7943481342003,-75.4082754029421,40.5312405051677,-75.626120449379,3.05681025389,2.9694838996,2001.0333906512,2001.12071700549,2450000
1079,1080,0.1195992475,40.7493292433728,-75.4698854136597,40.6388365284937,-75.0548121192207,3.1268653126,3.0072660651,2001.0711728167,2001.1907720642,2450000
1079,1081,0.048111926439999,40.7493292433728,-75.4698854136597,41.1323006613091,-76.24776370877,3.05537799154,3.0072660651,2001.0711728167,2001.11928474314,2450000
1080,269,4.392827936,40.6388365284937,-75.0548121192207,41.7946,-76.5734,7.5196932486,3.1268653126,2001.1907720642,2005.5836000002,2450000
1080,268,1.565427936,40.6388365284937,-75.0548121192207,41.1589,-74.2235,4.6922932486,3.1268653126,2001.1907720642,2002.7562000002,2450000
1081,1082,0.0153696998400008,41.1323006613091,-76.24776370877,41.2593240120247,-75.5748288247115,3.07074769138,3.05537799154,2001.11928474314,2001.13465444298,2450000
1081,270,1.554715257,41.1323006613091,-76.24776370877,37.578,-102.6524,4.61009324854,3.05537799154,2001.11928474314,2002.67400000014,2450000
1082,274,2.476345557,41.2593240120247,-75.5748288247115,41.3735,-75.2053,5.54709324838,3.07074769138,2001.13465444298,2003.61099999998,2450000
1082,1083,0.715593846800001,41.2593240120247,-75.5748288247115,41.2437556211567,-73.7662398412662,3.78634153818,3.07074769138,2001.13465444298,2001.85024828978,2450000
1083,1084,0.330588677199998,41.2437556211567,-73.7662398412662,41.1724060677239,-73.7847021482772,4.11693021538,3.78634153818,2001.85024828978,2002.18083696698,2450000
1083,271,3.77985171,41.2437556211567,-73.7662398412662,40.3998,-74.505,7.56619324818,3.78634153818,2001.85024828978,2005.63009999978,2450000
1084,273,2.524063033,41.1724060677239,-73.7847021482772,41.0552,-74.1732,6.64099324838,4.11693021538,2002.18083696698,2004.70489999998,2450000
1084,272,0.819163033200001,41.1724060677239,-73.7847021482772,41.2338,-74.5697,4.93609324858,4.11693021538,2002.18083696698,2003.00000000018,2450000
1085,275,1.594382995,40.5312405051677,-75.626120449379,40.5816,-75.2695,4.65119324889,3.05681025389,2001.12071700549,2002.71510000049,2450000
1085,1086,0.0768362703300003,40.5312405051677,-75.626120449379,40.1969029384953,-76.6069282878577,3.13364652422,3.05681025389,2001.12071700549,2001.19755327582,2450000
1086,1087,0.0385902488600003,40.1969029384953,-76.6069282878577,40.3103172438769,-76.4004268282967,3.17223677308,3.13364652422,2001.19755327582,2001.23614352468,2450000
1086,1095,0.770163590899999,40.1969029384953,-76.6069282878577,41.4509970308604,-74.406366114591,3.90381011512,3.13364652422,2001.19755327582,2001.96771686672,2450000
1087,1094,1.950731486,40.3103172438769,-76.4004268282967,41.6107945816891,-76.0334753977647,5.12296825908,3.17223677308,2001.23614352468,2003.18687501068,2450000
1087,1088,3.971278527,40.3103172438769,-76.4004268282967,40.9498807183488,-74.2447940069254,7.14351530008,3.17223677308,2001.23614352468,2005.20742205168,2450000
1088,1089,0.6365529196,40.9498807183488,-74.2447940069254,41.7512066476455,-75.7548343291925,7.78006821968,7.14351530008,2005.20742205168,2005.84397497128,2450000
1088,276,1.395277948,40.9498807183488,-74.2447940069254,41.0349,-74.8939,8.53879324808,7.14351530008,2005.20742205168,2006.60269999968,2450000
1089,282,1.849225028,41.7512066476455,-75.7548343291925,41.6479,-75.9538,9.62929324768,7.78006821968,2005.84397497128,2007.69319999928,2450000
1089,1090,1.116218705,41.7512066476455,-75.7548343291925,41.3138618431394,-75.6639349310845,8.89628692468,7.78006821968,2005.84397497128,2006.96019367628,2450000
1090,277,1.714706323,41.3138618431394,-75.6639349310845,41.3858,-75.8475,10.61099324768,8.89628692468,2006.96019367628,2008.67489999928,2450000
1090,1091,0.2600085287,41.3138618431394,-75.6639349310845,41.4235699747923,-75.4895235741136,9.15629545338,8.89628692468,2006.96019367628,2007.22020220498,2450000
1091,1092,0.2476463484,41.4235699747923,-75.4895235741136,41.2910302347925,-75.8363116849487,9.40394180178,9.15629545338,2007.22020220498,2007.46784855338,2450000
1091,278,0.396197794400001,41.4235699747923,-75.4895235741136,41.5267,-75.83,9.55249324778,9.15629545338,2007.22020220498,2007.61639999938,2450000
1092,281,2.148551446,41.2910302347925,-75.8363116849487,41.4899,-75.1266,11.55249324778,9.40394180178,2007.46784855338,2009.61639999938,2450000
1092,1093,0.449503697000001,41.2910302347925,-75.8363116849487,41.5085142011728,-75.9353268627887,9.85344549878,9.40394180178,2007.46784855338,2007.91735225038,2450000
1093,279,0.798447748999999,41.5085142011728,-75.9353268627887,41.3499,-75.0637,10.65189324778,9.85344549878,2007.91735225038,2008.71579999938,2450000
1093,280,2.685347749,41.5085142011728,-75.9353268627887,41.4523,-75.8536,12.53879324778,9.85344549878,2007.91735225038,2010.60269999938,2450000
1094,283,0.385724989899998,41.6107945816891,-76.0334753977647,41.2539,-75.4009,5.50869324898,5.12296825908,2003.18687501068,2003.57260000058,2450000
1094,284,0.385724989899998,41.6107945816891,-76.0334753977647,40.9192,-75.9225,5.50869324898,5.12296825908,2003.18687501068,2003.57260000058,2450000
1095,1096,1.31622605,41.4509970308604,-74.406366114591,41.304404659378,-74.198497202635,5.22003616512,3.90381011512,2001.96771686672,2003.28394291672,2450000
1095,285,0.0322831334900009,41.4509970308604,-74.406366114591,41.3047,-74.4095,3.93609324861,3.90381011512,2001.96771686672,2002.00000000021,2450000
1096,287,2.403757084,41.304404659378,-74.198497202635,40.4493,-74.8427,7.62379324912,5.22003616512,2003.28394291672,2005.68770000072,2450000
1096,286,1.385457084,41.304404659378,-74.198497202635,41.1937,-74.2142,6.60549324912,5.22003616512,2003.28394291672,2004.66940000072,2450000
1097,1098,1.379495485,41.4333333673217,-75.2239056343236,41.2434984299957,-76.092798401955,4.14339356333,2.76389807833,2000.82780482993,2002.20730031493,2450000
1097,1100,0.254026485199999,41.4333333673217,-75.2239056343236,42.2052852256626,-74.6115667303859,3.01792456353,2.76389807833,2000.82780482993,2001.08183131513,2450000
1098,290,2.265399685,41.2434984299957,-76.092798401955,38.8383,-86.6641,6.40879324833,4.14339356333,2002.20730031493,2004.47269999993,2450000
1098,1099,0.551779799,41.2434984299957,-76.092798401955,40.3970931273765,-81.8039228186447,4.69517336233,4.14339356333,2002.20730031493,2002.75908011393,2450000
1099,288,0.829919886399999,40.3970931273765,-81.8039228186447,40.4711,-81.2744,5.52509324873,4.69517336233,2002.75908011393,2003.58900000033,2450000
1099,289,3.898419886,40.3970931273765,-81.8039228186447,40.0612,-80.1262,8.59359324833,4.69517336233,2002.75908011393,2006.65749999993,2450000
1100,1102,0.02542069271,42.2052852256626,-74.6115667303859,41.9524909246318,-75.0182712030663,3.04334525624,3.01792456353,2001.08183131513,2001.10725200784,2450000
1100,1101,1.115652032,42.2052852256626,-74.6115667303859,42.2228401677399,-74.6590762141,4.13357659553,3.01792456353,2001.08183131513,2002.19748334713,2450000
1101,292,5.443616653,42.2228401677399,-74.6590762141,41.0887,-74.0314,9.57719324853,4.13357659553,2002.19748334713,2007.64110000013,2450000
1101,291,1.460016653,42.2228401677399,-74.6590762141,36.0919,-100.5793,5.59359324853,4.13357659553,2002.19748334713,2003.65750000013,2450000
1102,1123,0.0881718199900003,41.9524909246318,-75.0182712030663,41.876867725771,-75.1510249706069,3.13151707623,3.04334525624,2001.10725200784,2001.19542382783,2450000
1102,1103,0.0237703553800017,41.9524909246318,-75.0182712030663,41.9113372889934,-75.1947949305691,3.06711561162,3.04334525624,2001.10725200784,2001.13102236322,2450000
1103,1104,0.0759376883899989,41.9113372889934,-75.1947949305691,41.8201102280731,-75.3182900775398,3.14305330001,3.06711561162,2001.13102236322,2001.20696005161,2450000
1103,313,2.515577637,41.9113372889934,-75.1947949305691,41.8353,-75.1226,5.58269324862,3.06711561162,2001.13102236322,2003.64660000022,2450000
1104,1116,0.774696392199999,41.8201102280731,-75.3182900775398,41.361876612896,-75.7638208075293,3.91774969221,3.14305330001,2001.20696005161,2001.98165644381,2450000
1104,1105,2.06836486,41.8201102280731,-75.3182900775398,42.4087851982374,-76.3500177686313,5.21141816001,3.14305330001,2001.20696005161,2003.27532491161,2450000
1105,1106,0.705859634600001,42.4087851982374,-76.3500177686313,39.9769129424541,-73.8431487464967,5.91727779461,5.21141816001,2003.27532491161,2003.98118454621,2450000
1105,293,0.458875088200001,42.4087851982374,-76.3500177686313,41.5378,-74.7264,5.67029324821,5.21141816001,2003.27532491161,2003.73419999981,2450000
1106,1107,1.829348195,39.9769129424541,-73.8431487464967,39.9220381934325,-74.4387035061023,7.74662598961,5.91727779461,2003.98118454621,2005.81053274121,2450000
1106,304,0.434115453599999,39.9769129424541,-73.8431487464967,39.2588,-74.6336,6.35139324821,5.91727779461,2003.98118454621,2004.41529999981,2450000
1107,1109,1.180660334,39.9220381934325,-74.4387035061023,41.1335328228341,-74.3016922726974,8.92728632361,7.74662598961,2005.81053274121,2006.99119307521,2450000
1107,1108,1.245860813,39.9220381934325,-74.4387035061023,39.5877796527802,-75.5007150162738,8.99248680261,7.74662598961,2005.81053274121,2007.05639355421,2450000
1108,294,5.432706446,39.5877796527802,-75.5007150162738,38.4233,-89.5774,14.42519324861,8.99248680261,2007.05639355421,2012.48910000021,2450000
1108,295,5.654006446,39.5877796527802,-75.5007150162738,38.533,-77.9397,14.64649324861,8.99248680261,2007.05639355421,2012.71040000021,2450000
1109,303,6.586906925,41.1335328228341,-74.3016922726974,40.6069,-74.6803,15.51419324861,8.92728632361,2006.99119307521,2013.57810000021,2450000
1109,1110,4.105622922,41.1335328228341,-74.3016922726974,42.0914195897436,-76.6903851012132,13.03290924561,8.92728632361,2006.99119307521,2011.09681599721,2450000
1110,1111,0.0372591454099993,42.0914195897436,-76.6903851012132,41.9277871482082,-76.0787600068124,13.07016839102,13.03290924561,2011.09681599721,2011.13407514262,2450000
1110,1115,0.0815017546100005,42.0914195897436,-76.6903851012132,42.1500078116877,-76.1688428248135,13.11441100022,13.03290924561,2011.09681599721,2011.17831775182,2450000
1111,1113,0.1556358299,41.9277871482082,-76.0787600068124,41.9980627676678,-76.5076761786668,13.22580422092,13.07016839102,2011.13407514262,2011.28971097252,2450000
1111,1112,0.435733454299999,41.9277871482082,-76.0787600068124,42.32386478366,-75.3905604537682,13.50590184532,13.07016839102,2011.13407514262,2011.56980859692,2450000
1112,297,0.128791404099999,42.32386478366,-75.3905604537682,42.4073,-75.1544,13.63469324942,13.50590184532,2011.56980859692,2011.69860000102,2450000
1112,296,0.0904914040799998,42.32386478366,-75.3905604537682,42.0947,-76.3665,13.5963932494,13.50590184532,2011.56980859692,2011.660300001,2450000
1113,298,1.447989028,41.9980627676678,-76.5076761786668,42.0413,-77.6095,14.67379324892,13.22580422092,2011.28971097252,2012.73770000052,2450000
1113,1114,0.114286314899999,41.9980627676678,-76.5076761786668,42.0096387271255,-76.668864252343,13.34009053582,13.22580422092,2011.28971097252,2011.40399728742,2450000
1114,300,0.185002713499999,42.0096387271255,-76.668864252343,41.9111,-76.0312,13.52509324932,13.34009053582,2011.40399728742,2011.58900000092,2450000
1114,299,0.204202713500001,42.0096387271255,-76.668864252343,42.021,-76.4619,13.54429324932,13.34009053582,2011.40399728742,2011.60820000092,2450000
1115,302,0.525782249100001,42.1500078116877,-76.1688428248135,42.0037,-75.9969,13.64019324932,13.11441100022,2011.17831775182,2011.70410000092,2450000
1115,301,0.465482249100001,42.1500078116877,-76.1688428248135,38.6555,-97.8336,13.57989324932,13.11441100022,2011.17831775182,2011.64380000092,2450000
1116,1117,0.171075744200001,41.361876612896,-75.7638208075293,42.0476008672591,-75.2001493710469,4.08882543641,3.91774969221,2001.98165644381,2002.15273218801,2450000
1116,1122,0.196611486200002,41.361876612896,-75.7638208075293,42.0247755877066,-75.662434377168,4.11436117841,3.91774969221,2001.98165644381,2002.17826793001,2450000
1117,310,0.4883678121,42.0476008672591,-75.2001493710469,46.4562,-68.8065,4.57719324851,4.08882543641,2002.15273218801,2002.64110000011,2450000
1117,1118,1.055668069,42.0476008672591,-75.2001493710469,42.0151475544909,-76.5547569916838,5.14449350541,4.08882543641,2002.15273218801,2003.20840025701,2450000
1118,1119,1.853921687,42.0151475544909,-76.5547569916838,41.782064980561,-76.0396788789652,6.99841519241,5.14449350541,2003.20840025701,2005.06232194401,2450000
1118,305,4.372399743,42.0151475544909,-76.5547569916838,41.8109,-74.9521,9.51689324841,5.14449350541,2003.20840025701,2007.58080000001,2450000
1119,306,1.554078056,41.782064980561,-76.0396788789652,41.865,-75.4442,8.55249324841,6.99841519241,2005.06232194401,2006.61640000001,2450000
1119,1120,0.781615877099998,41.782064980561,-76.0396788789652,41.8714610321447,-75.7312535177688,7.78003106951,6.99841519241,2005.06232194401,2005.84393782111,2450000
1120,1121,0.00504469870400115,41.8714610321447,-75.7312535177688,41.8570184810365,-75.6117419571611,7.785075768214,7.78003106951,2005.84393782111,2005.84898251981,2450000
1120,309,0.7423621788,41.8714610321447,-75.7312535177688,39.3238,-85.127,8.52239324831,7.78003106951,2005.84393782111,2006.58629999991,2450000
1121,308,4.52911748,41.8570184810365,-75.6117419571611,30.4664,-89.7261,12.314193248214,7.785075768214,2005.84898251981,2010.37809999981,2450000
1121,307,4.84961748,41.8570184810365,-75.6117419571611,38.5591,-80.485,12.634693248214,7.785075768214,2005.84898251981,2010.69859999981,2450000
1122,312,2.24523207,42.0247755877066,-75.662434377168,39.2793,-78.152,6.35959324841,4.11436117841,2002.17826793001,2004.42350000001,2450000
1122,311,2.48023207,42.0247755877066,-75.662434377168,45.8008,-84.4975,6.59459324841,4.11436117841,2002.17826793001,2004.65850000001,2450000
1123,1124,0.789402342700001,41.876867725771,-75.1510249706069,41.7671581928569,-75.2543878154193,3.92091941893,3.13151707623,2001.19542382783,2001.98482617053,2450000
1123,318,1.445676172,41.876867725771,-75.1510249706069,41.4163,-75.6152,4.57719324823,3.13151707623,2001.19542382783,2002.64109999983,2450000
1124,1125,0.8686638613,41.7671581928569,-75.2543878154193,40.7751998165193,-74.0136792658362,4.78958328023,3.92091941893,2001.98482617053,2002.85349003183,2450000
1124,1126,0.197941729599998,41.7671581928569,-75.2543878154193,41.8389944098797,-73.5687165478682,4.11886114853,3.92091941893,2001.98482617053,2002.18276790013,2450000
1125,315,0.757509968399999,40.7751998165193,-74.0136792658362,41.341,-73.0876,5.54709324863,4.78958328023,2002.85349003183,2003.61100000023,2450000
1125,314,1.714809968,40.7751998165193,-74.0136792658362,41.2483,-74.6009,6.50439324823,4.78958328023,2002.85349003183,2004.56829999983,2450000
1126,316,3.5240321,41.8389944098797,-73.5687165478682,41.231,-74.7709,7.64289324853,4.11886114853,2002.18276790013,2005.70680000013,2450000
1126,317,5.4199321,41.8389944098797,-73.5687165478682,43.7353,-74.1574,9.53879324853,4.11886114853,2002.18276790013,2007.60270000013,2450000
1127,1129,0.279295532299999,41.5104692438516,-75.222822124142,41.741584492469,-74.7992309764112,3.00521335177,2.72591781947,2000.78982457107,2001.06912010337,2450000
1127,1128,0.4424888492,41.5104692438516,-75.222822124142,41.3088342454224,-74.2101454395508,3.16840666867,2.72591781947,2000.78982457107,2001.23231342027,2450000
1128,320,3.12558658,41.3088342454224,-74.2101454395508,39.879,-74.9122,6.29399324867,3.16840666867,2001.23231342027,2004.35790000027,2450000
1128,321,0.52658658,41.3088342454224,-74.2101454395508,40.7613,-103.5032,3.69499324867,3.16840666867,2001.23231342027,2001.75890000027,2450000
1129,1130,0.00822333648100049,41.741584492469,-74.7992309764112,41.7673871359382,-74.7927707614834,3.013436688251,3.00521335177,2001.06912010337,2001.07734343985,2450000
1129,322,0.648679896900001,41.741584492469,-74.7992309764112,42.7844,-72.1904,3.65389324867,3.00521335177,2001.06912010337,2001.71780000027,2450000
1130,1131,0.186660917100001,41.7673871359382,-74.7927707614834,41.7981651412343,-74.6983337159373,3.200097605351,3.013436688251,2001.07734343985,2001.26400435695,2450000
1130,1132,0.0373127071999999,41.7673871359382,-74.7927707614834,41.7076234541487,-74.7488515151255,3.050749395451,3.013436688251,2001.07734343985,2001.11465614705,2450000
1131,323,1.382595643,41.7981651412343,-74.6983337159373,40.3371,-74.7825,4.582693248351,3.200097605351,2001.26400435695,2002.64659999995,2450000
1131,324,2.445595643,41.7981651412343,-74.6983337159373,43.2854,-71.8837,5.645693248351,3.200097605351,2001.26400435695,2003.70959999995,2450000
1132,1133,0.0652779391100005,41.7076234541487,-74.7488515151255,41.7870185058573,-75.5882919459055,3.116027334561,3.050749395451,2001.11465614705,2001.17993408616,2450000
1132,347,1.660643853,41.7076234541487,-74.7488515151255,41.8966,-75.0821,4.711393248451,3.050749395451,2001.11465614705,2002.77530000005,2450000
1133,346,2.507765914,41.7870185058573,-75.5882919459055,40.816,-74.9635,5.623793248561,3.116027334561,2001.17993408616,2003.68770000016,2450000
1133,1134,0.00276992930499986,41.7870185058573,-75.5882919459055,41.8648206679027,-75.3208675644545,3.118797263866,3.116027334561,2001.17993408616,2001.18270401547,2450000
1134,1135,0.00948356446599874,41.8648206679027,-75.3208675644545,41.6955308745493,-75.1229634510796,3.128280828332,3.118797263866,2001.18270401547,2001.19218757993,2450000
1134,1153,0.284474547999999,41.8648206679027,-75.3208675644545,41.9363402166814,-75.0038162457987,3.403271811866,3.118797263866,2001.18270401547,2001.46717856347,2450000
1135,1136,0.0152399996400003,41.6955308745493,-75.1229634510796,41.6983698980948,-75.0062545472286,3.143520827972,3.128280828332,2001.19218757993,2001.20742757957,2450000
1135,1151,0.00855330075600058,41.6955308745493,-75.1229634510796,41.679481075812,-74.8121387728513,3.136834129088,3.128280828332,2001.19218757993,2001.20074088069,2450000
1136,1138,0.550627259900001,41.6983698980948,-75.0062545472286,41.2542824851193,-75.5699153816483,3.694148087872,3.143520827972,2001.20742757957,2001.75805483947,2450000
1136,1137,0.9145859093,41.6983698980948,-75.0062545472286,41.7202018539542,-75.169968467329,4.058106737272,3.143520827972,2001.20742757957,2002.12201348887,2450000
1137,326,1.494386511,41.7202018539542,-75.169968467329,40.7609,-75.3004,5.552493248272,4.058106737272,2002.12201348887,2003.61639999987,2450000
1137,325,1.527286511,41.7202018539542,-75.169968467329,41.3915,-75.2967,5.585393248272,4.058106737272,2002.12201348887,2003.64929999987,2450000
1138,1139,1.484659148,41.2542824851193,-75.5699153816483,41.0868723304684,-76.1638826478105,5.178807235872,3.694148087872,2001.75805483947,2003.24271398747,2450000
1138,340,2.812945161,41.2542824851193,-75.5699153816483,39.9972,-76.5583,6.507093248872,3.694148087872,2001.75805483947,2004.57100000047,2450000
1139,1140,1.819876383,41.0868723304684,-76.1638826478105,41.3897723834703,-74.8162661934632,6.998683618872,5.178807235872,2003.24271398747,2005.06259037047,2450000
1139,327,3.343586013,41.0868723304684,-76.1638826478105,41.1127,-76.4349,8.522393248872,5.178807235872,2003.24271398747,2006.58630000047,2450000
1140,1143,0.137447018,41.3897723834703,-74.8162661934632,41.3913048223147,-74.9885201900073,7.136130636872,6.998683618872,2005.06259037047,2005.20003738847,2450000
1140,1141,0.7778575311,41.3897723834703,-74.8162661934632,41.2838242069772,-74.4302576730235,7.776541149972,6.998683618872,2005.06259037047,2005.84044790157,2450000
1141,328,0.7294520982,41.2838242069772,-74.4302576730235,41.3295,-75.3104,8.505993248172,7.776541149972,2005.84044790157,2006.56989999977,2450000
1141,1142,1.020227081,41.2838242069772,-74.4302576730235,41.2314931421083,-74.6264464899679,8.796768230972,7.776541149972,2005.84044790157,2006.86067498257,2450000
1142,329,0.857125017,41.2314931421083,-74.6264464899679,41.218,-74.519,9.653893247972,8.796768230972,2006.86067498257,2007.71779999957,2450000
1142,330,0.783125017,41.2314931421083,-74.6264464899679,41.2637,-74.4242,9.579893247972,8.796768230972,2006.86067498257,2007.64379999957,2450000
1143,1145,0.209971101200001,41.3913048223147,-74.9885201900073,41.3309816173231,-74.3798566596274,7.346101738072,7.136130636872,2005.20003738847,2005.41000848967,2450000
1143,1144,0.9682270561,41.3913048223147,-74.9885201900073,42.1894241886002,-74.2581958667764,8.104357692972,7.136130636872,2005.20003738847,2006.16826444457,2450000
1144,332,0.6372355552,42.1894241886002,-74.2581958667764,41.7228,-78.3657,8.741593248172,8.104357692972,2006.16826444457,2006.80549999977,2450000
1144,331,0.4591355552,42.1894241886002,-74.2581958667764,41.5649,-74.5895,8.563493248172,8.104357692972,2006.16826444457,2006.62739999977,2450000
1145,339,1.19549151,41.3309816173231,-74.3798566596274,41.1548,-74.0738,8.541593248072,7.346101738072,2005.41000848967,2006.60549999967,2450000
1145,1146,0.321369782799998,41.3309816173231,-74.3798566596274,41.331124568499,-74.3754958675223,7.667471520872,7.346101738072,2005.41000848967,2005.73137827247,2450000
1146,1147,1.804513829,41.331124568499,-74.3754958675223,41.6196652029887,-74.9734990552331,9.471985349872,7.667471520872,2005.73137827247,2007.53589210147,2450000
1146,1148,0.0998385656000007,41.331124568499,-74.3754958675223,41.6496555400313,-75.401353182347,7.767310086472,7.667471520872,2005.73137827247,2005.83121683807,2450000
1147,334,0.009307898506,41.6196652029887,-74.9734990552331,41.6149,-74.9405,9.481293248378,9.471985349872,2007.53589210147,2007.54519999998,2450000
1147,333,0.102507898500001,41.6196652029887,-74.9734990552331,43.3126,-74.2065,9.574493248372,9.471985349872,2007.53589210147,2007.63839999997,2450000
1148,1149,0.0152632977800007,41.6496555400313,-75.401353182347,41.8081311316171,-74.8497737820615,7.782573384252,7.767310086472,2005.83121683807,2005.84648013585,2450000
1148,335,0.7358831617,41.6496555400313,-75.401353182347,41.6066,-74.8459,8.503193248172,7.767310086472,2005.83121683807,2006.56709999977,2450000
1149,336,0.838419863899999,41.8081311316171,-74.8497737820615,42.2682,-75.5954,8.620993248152,7.782573384252,2005.84648013585,2006.68489999975,2450000
1149,1150,0.792532657199999,41.8081311316171,-74.8497737820615,41.6262817306657,-75.0624869017623,8.575106041452,7.782573384252,2005.84648013585,2006.63901279305,2450000
1150,337,0.0239872067700002,41.6262817306657,-75.0624869017623,41.6244,-75.1237,8.599093248222,8.575106041452,2006.63901279305,2006.66299999982,2450000
1150,338,0.0431872067699999,41.6262817306657,-75.0624869017623,43.4658,-73.8119,8.618293248222,8.575106041452,2006.63901279305,2006.68219999982,2450000
1151,1152,1.8383529,41.679481075812,-74.8121387728513,41.42564230214,-75.686892237299,4.975187029088,3.136834129088,2001.20074088069,2003.03909378069,2450000
1151,341,1.53625912,41.679481075812,-74.8121387728513,44.2998,-68.5975,4.673093249088,3.136834129088,2001.20074088069,2002.73700000069,2450000
1152,343,0.5636062192,41.42564230214,-75.686892237299,41.1631,-79.4158,5.538793248288,4.975187029088,2003.03909378069,2003.60269999989,2450000
1152,342,0.728006219199999,41.42564230214,-75.686892237299,41.4624,-75.5915,5.703193248288,4.975187029088,2003.03909378069,2003.76709999989,2450000
1153,344,1.127321437,41.9363402166814,-75.0038162457987,42.4058,-74.1758,4.530593248866,3.403271811866,2001.46717856347,2002.59450000047,2450000
1153,345,0.305421436800001,41.9363402166814,-75.0038162457987,37.583,-85.9021,3.708693248666,3.403271811866,2001.46717856347,2001.77260000027,2450000
1154,1155,0.0665245975799991,41.7980223842287,-75.6073029954782,41.6983646762979,-76.1552005349357,2.63055858593,2.56403398835,2000.62794073995,2000.69446533753,2450000
1154,1377,0.136675281399999,41.7980223842287,-75.6073029954782,41.6491096362142,-74.9592882374383,2.70070926975,2.56403398835,2000.62794073995,2000.76461602135,2450000
1155,1156,0.024081827769999,41.6983646762979,-76.1552005349357,41.7489308270171,-76.1156225244207,2.6546404137,2.63055858593,2000.69446533753,2000.7185471653,2450000
1155,1375,0.5548049106,41.6983646762979,-76.1552005349357,42.0390469795161,-75.7161829082794,3.18536349653,2.63055858593,2000.69446533753,2001.24927024813,2450000
1156,1161,0.0125276427899994,41.7489308270171,-76.1156225244207,41.7422723839093,-76.0895062850982,2.66716805649,2.6546404137,2000.7185471653,2000.73107480809,2450000
1156,1157,0.0502885011499998,41.7489308270171,-76.1156225244207,41.5221981905433,-75.5743891175305,2.70492891485,2.6546404137,2000.7185471653,2000.76883566645,2450000
1157,1158,0.0137386271600004,41.5221981905433,-75.5743891175305,41.5781204732059,-75.455156919705,2.71866754201,2.70492891485,2000.76883566645,2000.78257429361,2450000
1157,352,4.962664334,41.5221981905433,-75.5743891175305,41.4242,-75.7073,7.66759324885,2.70492891485,2000.76883566645,2005.73150000045,2450000
1158,348,2.921525707,41.5781204732059,-75.455156919705,41.1962,-75.5572,5.64019324901,2.71866754201,2000.78257429361,2003.70410000061,2450000
1158,1159,4.195343614,41.5781204732059,-75.455156919705,38.9765898163725,-74.5231327454678,6.91401115601,2.71866754201,2000.78257429361,2004.97791790761,2450000
1159,1160,1.986319052,38.9765898163725,-74.5231327454678,38.8865297337697,-74.3019865943347,8.90033020801,6.91401115601,2004.97791790761,2006.96423695961,2450000
1159,349,3.623182092,38.9765898163725,-74.5231327454678,45.0792,-114.1365,10.53719324801,6.91401115601,2004.97791790761,2008.60109999961,2450000
1160,350,1.041263041,38.8865297337697,-74.3019865943347,40.0174,-74.5593,9.94159324901,8.90033020801,2006.96423695961,2008.00550000061,2450000
1160,351,0.0357630406999991,38.8865297337697,-74.3019865943347,32.8226,-104.5553,8.93609324871,8.90033020801,2006.96423695961,2007.00000000031,2450000
1161,1366,0.0449337123500015,41.7422723839093,-76.0895062850982,41.8246157541889,-76.2741704999419,2.71210176884,2.66716805649,2000.73107480809,2000.77600852044,2450000
1161,1162,0.0104516257200018,41.7422723839093,-76.0895062850982,41.6324367867905,-75.666755306452,2.67761968221,2.66716805649,2000.73107480809,2000.74152643381,2450000
1162,1163,0.00623499407099892,41.6324367867905,-75.666755306452,41.7478763959336,-75.5677137570382,2.683854676281,2.67761968221,2000.74152643381,2000.74776142788,2450000
1162,1357,0.0631126749599993,41.6324367867905,-75.666755306452,41.6099382614723,-75.7679467781302,2.74073235717,2.67761968221,2000.74152643381,2000.80463910877,2450000
1163,1329,0.0130743414900003,41.7478763959336,-75.5677137570382,41.7443489245301,-75.6527445137811,2.696929017771,2.683854676281,2000.74776142788,2000.76083576937,2450000
1163,1164,0.00275290446700005,41.7478763959336,-75.5677137570382,41.749598850233,-75.5716390538071,2.686607580748,2.683854676281,2000.74776142788,2000.75051433235,2450000
1164,1165,0.00125213144699998,41.749598850233,-75.5716390538071,41.7476190889779,-75.5726472101234,2.687859712195,2.686607580748,2000.75051433235,2000.75176646379,2450000
1164,1323,0.00218685736800062,41.749598850233,-75.5716390538071,41.7239304950423,-75.6673247807259,2.688794438116,2.686607580748,2000.75051433235,2000.75270118972,2450000
1165,1216,0.0069412211959996,41.7476190889779,-75.5726472101234,41.7648824378978,-75.6146663966206,2.694800933391,2.687859712195,2000.75176646379,2000.75870768499,2450000
1165,1166,0.00464888423299925,41.7476190889779,-75.5726472101234,41.7436456031482,-75.5660341657602,2.692508596428,2.687859712195,2000.75176646379,2000.75641534803,2450000
1166,1167,0.0155414783000012,41.7436456031482,-75.5660341657602,41.5007124950279,-75.5813050293323,2.708050074728,2.692508596428,2000.75641534803,2000.77195682633,2450000
1166,1180,0.0217059745200014,41.7436456031482,-75.5660341657602,41.6955686112902,-74.8563086977175,2.714214570948,2.692508596428,2000.75641534803,2000.77812132255,2450000
1167,1171,0.315954552099999,41.5007124950279,-75.5813050293323,41.823161316626,-76.3328929140537,3.024004626828,2.708050074728,2000.77195682633,2001.08791137843,2450000
1167,1168,1.235021494,41.5007124950279,-75.5813050293323,41.2347056230482,-76.149026818333,3.943071568728,2.708050074728,2000.77195682633,2002.00697832033,2450000
1168,1170,0.7737659062,41.2347056230482,-76.149026818333,41.6764456720532,-75.7737459553692,4.716837474928,3.943071568728,2002.00697832033,2002.78074422653,2450000
1168,1169,3.963639306,41.2347056230482,-76.149026818333,41.5165739746724,-76.1462978434193,7.906710874728,3.943071568728,2002.00697832033,2005.97061762633,2450000
1169,353,0.6348823736,41.5165739746724,-76.1462978434193,42.3428,-78.9741,8.541593248328,7.906710874728,2005.97061762633,2006.60549999993,2450000
1169,354,1.626682374,41.5165739746724,-76.1462978434193,41.6725,-76.1019,9.533393248728,7.906710874728,2005.97061762633,2007.59730000033,2450000
1170,355,0.849355773399999,41.6764456720532,-75.7737459553692,41.8524,-75.638,5.566193248328,4.716837474928,2002.78074422653,2003.63009999993,2450000
1170,356,0.8658557734,41.6764456720532,-75.7737459553692,41.7682,-75.3704,5.582693248328,4.716837474928,2002.78074422653,2003.64659999993,2450000
1171,1172,0.0235965995900003,41.823161316626,-76.3328929140537,42.1590954552226,-74.9967611844812,3.047601226418,3.024004626828,2001.08791137843,2001.11150797802,2450000
1171,357,1.607988622,41.823161316626,-76.3328929140537,38.9362,-77.4909,4.631993248828,3.024004626828,2001.08791137843,2002.69590000043,2450000
1172,1173,0.0388214418999997,42.1590954552226,-74.9967611844812,42.1799144523519,-74.9544937088355,3.086422668318,3.047601226418,2001.11150797802,2001.15032941992,2450000
1172,1178,0.0041364602409999,42.1590954552226,-74.9967611844812,42.1006081922305,-75.1077881687448,3.051737686659,3.047601226418,2001.11150797802,2001.11564443826,2450000
1173,1174,2.801803657,42.1799144523519,-74.9544937088355,44.0670788682326,-76.8959508243625,5.888226325318,3.086422668318,2001.15032941992,2003.95213307692,2450000
1173,363,3.50267058,42.1799144523519,-74.9544937088355,43.1958,-71.9536,6.589093248318,3.086422668318,2001.15032941992,2004.65299999992,2450000
1174,358,2.688966923,44.0670788682326,-76.8959508243625,42.6536,-75.759,8.577193248318,5.888226325318,2003.95213307692,2006.64109999992,2450000
1174,1175,4.113247297,44.0670788682326,-76.8959508243625,37.663499439701,-79.8380640432643,10.001473622318,5.888226325318,2003.95213307692,2008.06538037392,2450000
1175,359,3.562019626,37.663499439701,-79.8380640432643,39.6007,-76.3414,13.563493248318,10.001473622318,2008.06538037392,2011.62739999992,2450000
1175,1176,0.140459655600001,37.663499439701,-79.8380640432643,37.5677161728282,-79.8171175943252,10.141933277918,10.001473622318,2008.06538037392,2008.20584002952,2450000
1176,362,1.76675997,37.5677161728282,-79.8171175943252,36.0826,-79.1781,11.908693247918,10.141933277918,2008.20584002952,2009.97259999952,2450000
1176,1177,1.538003486,37.5677161728282,-79.8171175943252,36.5981217741573,-80.8248528842561,11.679936763918,10.141933277918,2008.20584002952,2009.74384351552,2450000
1177,361,1.973956484,36.5981217741573,-80.8248528842561,36.6816,-83.8851,13.653893247918,11.679936763918,2009.74384351552,2011.71779999952,2450000
1177,360,2.939256484,36.5981217741573,-80.8248528842561,35.8917,-75.7719,14.619193247918,11.679936763918,2009.74384351552,2012.68309999952,2450000
1178,1179,0.0520027889500003,42.1006081922305,-75.1077881687448,42.0823346674992,-74.9788336412285,3.103740475609,3.051737686659,2001.11564443826,2001.16764722721,2450000
1178,366,1.618555562,42.1006081922305,-75.1077881687448,41.2525,-75.85,4.670293248659,3.051737686659,2001.11564443826,2002.73420000026,2450000
1179,364,0.8323527729,42.0823346674992,-74.9788336412285,39.9541,-109.6071,3.936093248509,3.103740475609,2001.16764722721,2002.00000000011,2450000
1179,365,4.591252773,42.0823346674992,-74.9788336412285,40.3792,-74.2148,7.694993248609,3.103740475609,2001.16764722721,2005.75890000021,2450000
1180,1181,0.00188418738399854,41.6955686112902,-74.8563086977175,41.6967755676599,-74.8468821958002,2.716098758332,2.714214570948,2000.77812132255,2000.78000550993,2450000
1180,1205,0.00182793211100041,41.6955686112902,-74.8563086977175,41.7132249562222,-74.8554284964758,2.716042503059,2.714214570948,2000.77812132255,2000.77994925466,2450000
1181,1182,0.00137850958100039,41.6967755676599,-74.8468821958002,41.4915722409332,-75.307803535154,2.717477267913,2.716098758332,2000.78000550993,2000.78138401951,2450000
1181,1198,0.200794874200001,41.6967755676599,-74.8468821958002,42.0442035016778,-75.2307667659798,2.916893632532,2.716098758332,2000.78000550993,2000.98080038413,2450000
1182,1186,0.00513873122900144,41.4915722409332,-75.307803535154,41.5739696264766,-74.0882078929258,2.722615999142,2.717477267913,2000.78138401951,2000.78652275074,2450000
1182,1183,0.131023047200001,41.4915722409332,-75.307803535154,41.7467376706121,-75.2351003269717,2.848500315113,2.717477267913,2000.78138401951,2000.91240706671,2450000
1183,1184,4.181132982,41.7467376706121,-75.2351003269717,42.5704639335496,-73.8868745562039,7.029633297113,2.848500315113,2000.91240706671,2005.09354004871,2450000
1183,1185,0.9411506814,41.7467376706121,-75.2351003269717,41.821060671162,-75.0821416426617,3.789650996513,2.848500315113,2000.91240706671,2001.85355774811,2450000
1184,367,0.514659951600001,42.5704639335496,-73.8868745562039,43.5675,-74.0506,7.544293248713,7.029633297113,2005.09354004871,2005.60820000031,2450000
1184,368,7.545759952,42.5704639335496,-73.8868745562039,41.8659,-84.3839,14.575393249113,7.029633297113,2005.09354004871,2012.63930000071,2450000
1185,370,1.839642252,41.821060671162,-75.0821416426617,41.7496,-74.6473,5.629293248513,3.789650996513,2001.85355774811,2003.69320000011,2450000
1185,369,8.891642252,41.821060671162,-75.0821416426617,41.8824,-75.3657,12.681293248513,3.789650996513,2001.85355774811,2010.74520000011,2450000
1186,1190,2.490263489,41.5739696264766,-74.0882078929258,41.5028511075105,-75.792604880209,5.212879488142,2.722615999142,2000.78652275074,2003.27678623974,2450000
1186,1187,0.446703334499999,41.5739696264766,-74.0882078929258,40.9483840844106,-74.6130260034868,3.169319333642,2.722615999142,2000.78652275074,2001.23322608524,2450000
1187,1188,0.967763976500001,40.9483840844106,-74.6130260034868,41.6221477347614,-75.6434211667489,4.137083310142,3.169319333642,2001.23322608524,2002.20099006174,2450000
1187,1189,4.375878628,40.9483840844106,-74.6130260034868,41.0462313529496,-75.2520882184087,7.545197961642,3.169319333642,2001.23322608524,2005.60910471324,2450000
1188,372,2.799009938,41.6221477347614,-75.6434211667489,36.0433,-106.2878,6.936093248142,4.137083310142,2002.20099006174,2004.99999999974,2450000
1188,371,4.415409938,41.6221477347614,-75.6434211667489,39.8528,-76.4439,8.552493248142,4.137083310142,2002.20099006174,2006.61639999974,2450000
1189,374,1.122395287,41.0462313529496,-75.2520882184087,41.1695,-75.4361,8.667593248642,7.545197961642,2005.60910471324,2006.73150000024,2450000
1189,373,0.9552952874,41.0462313529496,-75.2520882184087,41.3787,-75.0438,8.500493249042,7.545197961642,2005.60910471324,2006.56440000064,2450000
1190,1191,0.7438628957,41.5028511075105,-75.792604880209,39.6790172266529,-78.7282595148944,5.956742383842,5.212879488142,2003.27678623974,2004.02064913544,2450000
1190,1194,0.595778862,41.5028511075105,-75.792604880209,41.4921735788997,-75.735899742552,5.808658350142,5.212879488142,2003.27678623974,2003.87256510174,2450000
1191,1192,1.10090605,39.6790172266529,-78.7282595148944,39.5496601203622,-77.9500180612796,7.057648433842,5.956742383842,2004.02064913544,2005.12155518544,2450000
1191,1193,5.695584339,39.6790172266529,-78.7282595148944,40.1873634734084,-75.2385413806585,11.652326722842,5.956742383842,2004.02064913544,2009.71623347444,2450000
1192,375,5.503144815,39.5496601203622,-77.9500180612796,39.5673,-74.3471,12.560793248842,7.057648433842,2005.12155518544,2010.62470000044,2450000
1192,376,3.487744815,39.5496601203622,-77.9500180612796,39.1271,-95.209,10.545393248842,7.057648433842,2005.12155518544,2008.60930000044,2450000
1193,377,1.826266527,40.1873634734084,-75.2385413806585,40.1479,-74.9461,13.478593249842,11.652326722842,2009.71623347444,2011.54250000144,2450000
1193,378,2.846566527,40.1873634734084,-75.2385413806585,40.3866,-75.8062,14.498893249842,11.652326722842,2009.71623347444,2012.56280000144,2450000
1194,1195,3.393203702,41.4921735788997,-75.735899742552,38.4061988924924,-94.1945462837198,9.201862052142,5.808658350142,2003.87256510174,2007.26576880374,2450000
1194,1196,1.219335155,41.4921735788997,-75.735899742552,42.1461081825418,-74.069188822328,7.027993505142,5.808658350142,2003.87256510174,2005.09190025674,2450000
1195,379,1.370831197,38.4061988924924,-94.1945462837198,40.3365,-91.5496,10.572693249142,9.201862052142,2007.26576880374,2008.63660000074,2450000
1195,380,1.734231197,38.4061988924924,-94.1945462837198,47.6771,-107.2262,10.936093249142,9.201862052142,2007.26576880374,2009.00000000074,2450000
1196,381,4.554699744,42.1461081825418,-74.069188822328,37.9125,-75.6961,11.582693249142,7.027993505142,2005.09190025674,2009.64660000074,2450000
1196,1197,0.0186174958000009,42.1461081825418,-74.069188822328,42.0632731336442,-74.0296922186753,7.046611000942,7.027993505142,2005.09190025674,2005.11051775254,2450000
1197,383,7.627182248,42.0632731336442,-74.0296922186753,41.1145,-76.1192,14.673793248942,7.046611000942,2005.11051775254,2012.73770000054,2450000
1197,382,1.552482248,42.0632731336442,-74.0296922186753,41.4262,-78.0389,8.599093248942,7.046611000942,2005.11051775254,2006.66300000054,2450000
1198,1199,0.0648336524099999,42.0442035016778,-75.2307667659798,42.1130900965409,-76.9300209888936,2.981727284942,2.916893632532,2000.98080038413,2001.04563403654,2450000
1198,1202,1.755588908,42.0442035016778,-75.2307667659798,41.5240727885598,-75.5274778503634,4.672482540532,2.916893632532,2000.98080038413,2002.73638929213,2450000
1199,1200,5.487508673,42.1130900965409,-76.9300209888936,43.1751936900575,-76.2222166998976,8.469235957942,2.981727284942,2001.04563403654,2006.53314270954,2450000
1199,1201,1.327970839,42.1130900965409,-76.9300209888936,43.008043869233,-76.159294653754,4.309698123942,2.981727284942,2001.04563403654,2002.37360487554,2450000
1200,385,2.152657291,43.1751936900575,-76.2222166998976,43.23,-76.5535,10.621893248942,8.469235957942,2006.53314270954,2008.68580000054,2450000
1200,384,2.081657291,43.1751936900575,-76.2222166998976,43.1698,-76.3638,10.550893248942,8.469235957942,2006.53314270954,2008.61480000054,2450000
1201,386,1.264795125,43.008043869233,-76.159294653754,43.2677,-76.8415,5.574493248942,4.309698123942,2002.37360487554,2003.63840000054,2450000
1201,387,1.253795125,43.008043869233,-76.159294653754,43.7989,-73.8515,5.563493248942,4.309698123942,2002.37360487554,2003.62740000054,2450000
1202,1203,0.0167368164399999,41.5240727885598,-75.5274778503634,41.7080871639222,-75.3981099517151,4.689219356972,4.672482540532,2002.73638929213,2002.75312610857,2450000
1202,1204,0.0898189355299994,41.5240727885598,-75.5274778503634,41.3597976807286,-75.6726346013179,4.762301476062,4.672482540532,2002.73638929213,2002.82620822766,2450000
1203,388,2.246873891,41.7080871639222,-75.3981099517151,45.5184,-87.7216,6.936093247972,4.689219356972,2002.75312610857,2004.99999999957,2450000
1203,389,3.885273891,41.7080871639222,-75.3981099517151,41.7375,-75.1337,8.574493247972,4.689219356972,2002.75312610857,2006.63839999957,2450000
1204,391,4.913491772,41.3597976807286,-75.6726346013179,41.3959,-75.4257,9.675793248062,4.762301476062,2002.82620822766,2007.73969999966,2450000
1204,390,6.839591772,41.3597976807286,-75.6726346013179,42.2367,-71.9397,11.601893248062,4.762301476062,2002.82620822766,2009.66579999966,2450000
1205,1214,0.383207875499998,41.7132249562222,-74.8554284964758,40.8584023048774,-72.0763210347953,3.099250378559,2.716042503059,2000.77994925466,2001.16315713016,2450000
1205,1206,0.2677866285,41.7132249562222,-74.8554284964758,41.5232335118982,-75.0847412878036,2.983829131559,2.716042503059,2000.77994925466,2001.04773588316,2450000
1206,392,5.615264117,41.5232335118982,-75.0847412878036,42.5911,-75.843,8.599093248559,2.983829131559,2001.04773588316,2006.66300000016,2450000
1206,1207,0.0919951961199992,41.5232335118982,-75.0847412878036,41.5527674411493,-74.6685541328101,3.075824327679,2.983829131559,2001.04773588316,2001.13973107928,2450000
1207,1208,0.020645945830001,41.5527674411493,-74.6685541328101,41.6633244256073,-75.1467201910572,3.096470273509,3.075824327679,2001.13973107928,2001.16037702511,2450000
1207,393,1.860268921,41.5527674411493,-74.6685541328101,46.5822,-86.0455,4.936093248679,3.075824327679,2001.13973107928,2003.00000000028,2450000
1208,400,2.447822975,41.6633244256073,-75.1467201910572,41.8924,-77.295,5.544293248509,3.096470273509,2001.16037702511,2003.60820000011,2450000
1208,1209,0.673277520899999,41.6633244256073,-75.1467201910572,36.2820050462884,-86.4318705325397,3.769747794409,3.096470273509,2001.16037702511,2001.83365454601,2450000
1209,399,1.166345454,36.2820050462884,-86.4318705325397,30.6216,-84.0568,4.936093248409,3.769747794409,2001.83365454601,2003.00000000001,2450000
1209,1210,0.268525354400001,36.2820050462884,-86.4318705325397,36.4835479606235,-85.0286669463944,4.038273148809,3.769747794409,2001.83365454601,2002.10217990041,2450000
1210,1211,0.000865848565998917,36.4835479606235,-85.0286669463944,36.4985219196588,-84.9981217696466,4.039138997375,4.038273148809,2002.10217990041,2002.10304574897,2450000
1210,398,1.4923201,36.4835479606235,-85.0286669463944,32.1448,-113.293,5.530593248809,4.038273148809,2002.10217990041,2003.59450000041,2450000
1211,1213,0.1133397713,36.4985219196588,-84.9981217696466,36.4274467623005,-85.1292977115739,4.152478768675,4.039138997375,2002.10304574897,2002.21638552027,2450000
1211,1212,0.0343088403899987,36.4985219196588,-84.9981217696466,36.5291005688681,-85.1576625942312,4.073447837765,4.039138997375,2002.10304574897,2002.13735458936,2450000
1212,395,8.511945411,36.5291005688681,-85.1576625942312,47.8803,-115.4514,12.585393248765,4.073447837765,2002.13735458936,2010.64930000036,2450000
1212,394,3.470845411,36.5291005688681,-85.1576625942312,37.1575,-79.1467,7.544293248765,4.073447837765,2002.13735458936,2005.60820000036,2450000
1213,397,0.783614479899999,36.4274467623005,-85.1292977115739,31.1877,-84.9461,4.936093248575,4.152478768675,2002.21638552027,2003.00000000017,2450000
1213,396,0.783614479899999,36.4274467623005,-85.1292977115739,42.1188,-86.2032,4.936093248575,4.152478768675,2002.21638552027,2003.00000000017,2450000
1214,401,3.44614287,40.8584023048774,-72.0763210347953,40.8644,-75.2646,6.545393248559,3.099250378559,2001.16315713016,2004.60930000016,2450000
1214,1215,1.639856519,40.8584023048774,-72.0763210347953,41.4545651194071,-72.5160649692006,4.739106897559,3.099250378559,2001.16315713016,2002.80301364916,2450000
1215,402,1.869086351,41.4545651194071,-72.5160649692006,41.2554,-74.9777,6.608193248559,4.739106897559,2002.80301364916,2004.67210000016,2450000
1215,403,4.758586351,41.4545651194071,-72.5160649692006,42.5953,-74.3295,9.497693248559,4.739106897559,2002.80301364916,2007.56160000016,2450000
1216,1217,0.282965256100001,41.7648824378978,-75.6146663966206,41.7536106305659,-75.7080163504627,2.977766189491,2.694800933391,2000.75870768499,2001.04167294109,2450000
1216,1222,0.0280219799800001,41.7648824378978,-75.6146663966206,41.8786247918665,-75.9499790449665,2.722822913371,2.694800933391,2000.75870768499,2000.78672966497,2450000
1217,409,2.665127059,41.7536106305659,-75.7080163504627,42.1658,-77.5427,5.642893248491,2.977766189491,2001.04167294109,2003.70680000009,2450000
1217,1218,0.0284446012200004,41.7536106305659,-75.7080163504627,41.7404971297285,-75.8092223800424,3.006210790711,2.977766189491,2001.04167294109,2001.07011754231,2450000
1218,1219,1.083493846,41.7404971297285,-75.8092223800424,40.9463721830217,-75.6165926112777,4.089704636711,3.006210790711,2001.07011754231,2002.15361138831,2450000
1218,408,1.595682458,41.7404971297285,-75.8092223800424,32.3406,-81.2912,4.601893248711,3.006210790711,2001.07011754231,2002.66580000031,2450000
1219,1220,0.6965220017,40.9463721830217,-75.6165926112777,40.9195399202946,-74.6232029963712,4.786226638411,4.089704636711,2002.15361138831,2002.85013339001,2450000
1219,404,4.509388611,40.9463721830217,-75.6165926112777,41.5543,-74.4294,8.599093247711,4.089704636711,2002.15361138831,2006.66299999931,2450000
1220,405,1.58156661,40.9195399202946,-74.6232029963712,44.947,-73.1774,6.367793248411,4.786226638411,2002.85013339001,2004.43170000001,2450000
1220,1221,2.247326944,40.9195399202946,-74.6232029963712,40.8995127566612,-74.5986143537279,7.033553582411,4.786226638411,2002.85013339001,2005.09746033401,2450000
1221,406,0.645039665400001,40.8995127566612,-74.5986143537279,41.2735,-74.606,7.678593247811,7.033553582411,2005.09746033401,2005.74249999941,2450000
1221,407,0.5957396654,40.8995127566612,-74.5986143537279,40.8735,-74.6647,7.629293247811,7.033553582411,2005.09746033401,2005.69319999941,2450000
1222,1223,0.00157387866400072,41.8786247918665,-75.9499790449665,41.8144693390263,-75.7620625275765,2.724396792035,2.722822913371,2000.78672966497,2000.78830354363,2450000
1222,1313,0.390876417199999,41.8786247918665,-75.9499790449665,42.0704348548233,-75.7970338505949,3.113699330571,2.722822913371,2000.78672966497,2001.17760608217,2450000
1223,1309,1.041585392,41.8144693390263,-75.7620625275765,42.1634767686175,-74.4908421511351,3.765982184035,2.724396792035,2000.78830354363,2001.82988893563,2450000
1223,1224,0.0653903507899987,41.8144693390263,-75.7620625275765,41.8897818894896,-75.7502588869451,2.789787142825,2.724396792035,2000.78830354363,2000.85369389442,2450000
1224,1307,0.9639925059,41.8897818894896,-75.7502588869451,42.3701783026451,-76.0718360494656,3.753779648725,2.789787142825,2000.85369389442,2001.81768640032,2450000
1224,1225,0.1080649853,41.8897818894896,-75.7502588869451,40.1060470769718,-88.9419760124038,2.897852128125,2.789787142825,2000.85369389442,2000.96175887972,2450000
1225,1226,0.107609721900001,40.1060470769718,-88.9419760124038,39.6332841759125,-86.6142359951245,3.005461850025,2.897852128125,2000.96175887972,2001.06936860162,2450000
1225,1237,0.088950434560001,40.1060470769718,-88.9419760124038,40.1449607089398,-89.7843586187326,2.986802562685,2.897852128125,2000.96175887972,2001.05070931428,2450000
1226,1227,0.804438996399998,39.6332841759125,-86.6142359951245,40.1014083098512,-85.3771702098911,3.809900846425,3.005461850025,2001.06936860162,2001.87380759802,2450000
1226,1232,0.920563701199999,39.6332841759125,-86.6142359951245,39.2549341859538,-91.2381281831381,3.926025551225,3.005461850025,2001.06936860162,2001.98993230282,2450000
1227,1228,0.928220908500002,40.1014083098512,-85.3771702098911,40.8364756511525,-75.4977155150542,4.738121754925,3.809900846425,2001.87380759802,2002.80202850652,2450000
1227,415,2.617992402,40.1014083098512,-85.3771702098911,42.0786,-75.1055,6.427893248425,3.809900846425,2001.87380759802,2004.49180000002,2450000
1228,1229,1.097448517,40.8364756511525,-75.4977155150542,42.2033535840268,-75.4718722912687,5.835570271925,4.738121754925,2002.80202850652,2003.89947702352,2450000
1228,410,5.197971494,40.8364756511525,-75.4977155150542,40.406,-76.5658,9.936093248925,4.738121754925,2002.80202850652,2008.00000000052,2450000
1229,414,0.674322976399999,42.2033535840268,-75.4718722912687,42.0797,-75.6119,6.509893248325,5.835570271925,2003.89947702352,2004.57379999992,2450000
1229,1230,0.8184580906,42.2033535840268,-75.4718722912687,42.520248126636,-75.2671863821847,6.654028362525,5.835570271925,2003.89947702352,2004.71793511412,2450000
1230,411,1.912164886,42.520248126636,-75.2671863821847,42.4077,-75.4806,8.566193248525,6.654028362525,2004.71793511412,2006.63010000012,2450000
1230,1231,2.454240652,42.520248126636,-75.2671863821847,42.4521993696919,-76.2021655850464,9.108269014525,6.654028362525,2004.71793511412,2007.17217576612,2450000
1231,413,1.483524234,42.4521993696919,-76.2021655850464,42.1922,-75.3772,10.591793248525,9.108269014525,2007.17217576612,2008.65570000012,2450000
1231,412,0.394924233999999,42.4521993696919,-76.2021655850464,35.7042,-81.0793,9.503193248525,9.108269014525,2007.17217576612,2007.56710000012,2450000
1232,1233,0.2700475416,39.2549341859538,-91.2381281831381,38.7822185076203,-93.3960852549643,4.196073092825,3.926025551225,2001.98993230282,2002.25997984442,2450000
1232,1234,4.796390061,39.2549341859538,-91.2381281831381,39.9575114916195,-92.6244636424875,8.722415612225,3.926025551225,2001.98993230282,2006.78632236382,2450000
1233,416,1.315320156,38.7822185076203,-93.3960852549643,35.5364,-92.0491,5.511393248825,4.196073092825,2002.25997984442,2003.57530000042,2450000
1233,417,2.740020156,38.7822185076203,-93.3960852549643,35.8812,-95.8376,6.936093248825,4.196073092825,2002.25997984442,2005.00000000042,2450000
1234,1235,0.421615322199999,39.9575114916195,-92.6244636424875,40.0948077968648,-92.0952921474044,9.144030934425,8.722415612225,2006.78632236382,2007.20793768602,2450000
1234,1236,1.09834917,39.9575114916195,-92.6244636424875,41.1559307122474,-94.1421133877248,9.820764782225,8.722415612225,2006.78632236382,2007.88467153382,2450000
1235,418,2.435862314,40.0948077968648,-92.0952921474044,35.3469,-99.886,11.579893248425,9.144030934425,2007.20793768602,2009.64380000002,2450000
1235,419,2.441362314,40.0948077968648,-92.0952921474044,30.6488,-92.2214,11.585393248425,9.144030934425,2007.20793768602,2009.64930000002,2450000
1236,420,2.709828466,41.1559307122474,-94.1421133877248,38.845,-108.8025,12.530593248225,9.820764782225,2007.88467153382,2010.59449999982,2450000
1236,421,3.666028466,41.1559307122474,-94.1421133877248,43.1577,-107.5299,13.486793248225,9.820764782225,2007.88467153382,2011.55069999982,2450000
1237,1250,0.00964041378400005,40.1449607089398,-89.7843586187326,39.3225859736813,-90.3779653884705,2.996442976469,2.986802562685,2001.05070931428,2001.06034972807,2450000
1237,1238,0.0124957808800001,40.1449607089398,-89.7843586187326,40.0433777538571,-89.8161284254469,2.999298343565,2.986802562685,2001.05070931428,2001.06320509516,2450000
1238,1239,0.1308196356,40.0433777538571,-89.8161284254469,39.9863028261571,-89.945832060689,3.130117979165,2.999298343565,2001.06320509516,2001.19402473076,2450000
1238,1247,0.06244976218,40.0433777538571,-89.8161284254469,39.5069367797955,-90.795178002902,3.061748105745,2.999298343565,2001.06320509516,2001.12565485734,2450000
1239,1240,0.960810457499999,39.9863028261571,-89.945832060689,40.5076402688371,-88.4481334917652,4.090928436665,3.130117979165,2001.19402473076,2002.15483518826,2450000
1239,430,3.549175269,39.9863028261571,-89.945832060689,34.7045,-86.2941,6.679293248165,3.130117979165,2001.19402473076,2004.74319999976,2450000
1240,422,0.8451648119,40.5076402688371,-88.4481334917652,37.5263,-115.1147,4.936093248565,4.090928436665,2002.15483518826,2003.00000000016,2450000
1240,1241,0.5800293651,40.5076402688371,-88.4481334917652,41.0200997640254,-86.371488502133,4.670957801765,4.090928436665,2002.15483518826,2002.73486455336,2450000
1241,429,0.2651354469,41.0200997640254,-86.371488502133,40.9698,-86.4831,4.936093248665,4.670957801765,2002.73486455336,2003.00000000026,2450000
1241,1242,0.0554491871099998,41.0200997640254,-86.371488502133,40.9500644909459,-86.1810813525211,4.726406988875,4.670957801765,2002.73486455336,2002.79031374047,2450000
1242,1243,0.0266750263500004,40.9500644909459,-86.1810813525211,40.994966130039,-86.1072720435612,4.753082015225,4.726406988875,2002.79031374047,2002.81698876682,2450000
1242,428,0.2096862598,40.9500644909459,-86.1810813525211,40.854,-86.2212,4.936093248675,4.726406988875,2002.79031374047,2003.00000000027,2450000
1243,1244,0.00273049619100085,40.994966130039,-86.1072720435612,41.000795166414,-86.1171450432832,4.755812511416,4.753082015225,2002.81698876682,2002.81971926302,2450000
1243,1246,0.0564560136600001,40.994966130039,-86.1072720435612,41.0218166625834,-86.1975478388395,4.809538028885,4.753082015225,2002.81698876682,2002.87344478048,2450000
1244,425,0.1802807372,41.000795166414,-86.1171450432832,41.079,-86.2275,4.936093248616,4.755812511416,2002.81971926302,2003.00000000022,2450000
1244,1245,0.0203833516199978,41.000795166414,-86.1171450432832,41.0301003735454,-85.9865605067453,4.776195863036,4.755812511416,2002.81971926302,2002.84010261464,2450000
1245,423,0.159897385600001,41.0301003735454,-85.9865605067453,40.9594,-86.1198,4.936093248636,4.776195863036,2002.84010261464,2003.00000000024,2450000
1245,424,0.159897385600001,41.0301003735454,-85.9865605067453,40.9592,-86.1143,4.936093248636,4.776195863036,2002.84010261464,2003.00000000024,2450000
1246,426,0.1265552198,41.0218166625834,-86.1975478388395,41.0804,-86.1587,4.936093248685,4.809538028885,2002.87344478048,2003.00000000028,2450000
1246,427,0.1265552198,41.0218166625834,-86.1975478388395,40.0904,-86.0659,4.936093248685,4.809538028885,2002.87344478048,2003.00000000028,2450000
1247,1248,4.059965489,39.5069367797955,-90.795178002902,42.8150231310462,-76.2181729350537,7.121713594745,3.061748105745,2001.12565485734,2005.18562034634,2450000
1247,1249,1.02088149,39.5069367797955,-90.795178002902,38.7570801058944,-92.3933580578355,4.082629595745,3.061748105745,2001.12565485734,2002.14653634734,2450000
1248,432,0.4773796534,42.8150231310462,-76.2181729350537,42.8841,-77.4927,7.599093248145,7.121713594745,2005.18562034634,2005.66299999974,2450000
1248,431,0.2088796534,42.8150231310462,-76.2181729350537,42.1322,-75.5522,7.330593248145,7.121713594745,2005.18562034634,2005.39449999974,2450000
1249,434,0.5493636524,38.7570801058944,-92.3933580578355,45.0102,-106.0995,4.631993248145,4.082629595745,2002.14653634734,2002.69589999974,2450000
1249,433,1.510963652,38.7570801058944,-92.3933580578355,41.4809,-95.2398,5.593593247745,4.082629595745,2002.14653634734,2003.65749999934,2450000
1250,1256,0.7935741606,39.3225859736813,-90.3779653884705,39.294573286789,-90.4447026193634,3.790017137069,2.996442976469,2001.06034972807,2001.85392388867,2450000
1250,1251,0.000368191049298972,39.3225859736813,-90.3779653884705,39.3318711795723,-90.4502646645605,2.9968111675183,2.996442976469,2001.06034972807,2001.06071791912,2450000
1251,435,3.532182081,39.3318711795723,-90.4502646645605,39.7764,-95.2583,6.5289932485183,2.9968111675183,2001.06071791912,2004.59290000012,2450000
1251,1252,0.214545837599999,39.3318711795723,-90.4502646645605,39.2167678421735,-90.9452780806584,3.2113570051183,2.9968111675183,2001.06071791912,2001.27526375672,2450000
1252,440,2.724736243,39.2167678421735,-90.9452780806584,44.3038,-105.478,5.9360932481183,3.2113570051183,2001.27526375672,2003.99999999972,2450000
1252,1253,0.2269492034,39.2167678421735,-90.9452780806584,39.4667354953935,-91.8536441753394,3.4383062085183,3.2113570051183,2001.27526375672,2001.50221296012,2450000
1253,1255,0.818060761000002,39.4667354953935,-91.8536441753394,40.4736883706568,-91.2200210989646,4.2563669695183,3.4383062085183,2001.50221296012,2002.32027372112,2450000
1253,1254,0.529829764800001,39.4667354953935,-91.8536441753394,39.5136151556205,-91.9940399274259,3.9681359733183,3.4383062085183,2001.50221296012,2002.03204272492,2450000
1254,437,1.595357275,39.5136151556205,-91.9940399274259,34.9202,-101.2816,5.5634932483183,3.9681359733183,2002.03204272492,2003.62739999992,2450000
1254,436,1.546057275,39.5136151556205,-91.9940399274259,36.7895,-97.873,5.5141932483183,3.9681359733183,2002.03204272492,2003.57809999992,2450000
1255,439,5.993926279,40.4736883706568,-91.2200210989646,47.1659,-102.172,10.2502932485183,4.2563669695183,2002.32027372112,2008.31420000012,2450000
1255,438,1.257826279,40.4736883706568,-91.2200210989646,42.5362,-100.2587,5.5141932485183,4.2563669695183,2002.32027372112,2003.57810000012,2450000
1256,1285,0.0694113712199993,39.294573286789,-90.4447026193634,39.0825348351481,-90.5587896071845,3.859428508289,3.790017137069,2001.85392388867,2001.92333525989,2450000
1256,1257,0.00947521807499996,39.294573286789,-90.4447026193634,39.2931002442691,-90.4390223541948,3.799492355144,3.790017137069,2001.85392388867,2001.86339910674,2450000
1257,1261,0.157805910199999,39.2931002442691,-90.4390223541948,39.6277516724675,-92.6852646132464,3.957298265344,3.799492355144,2001.86339910674,2002.02120501694,2450000
1257,1258,0.137406410799999,39.2931002442691,-90.4390223541948,39.1913010188965,-90.3014628041642,3.936898765944,3.799492355144,2001.86339910674,2002.00080551754,2450000
1258,441,2.999194483,39.1913010188965,-90.3014628041642,42.8599,-108.3719,6.936093248944,3.936898765944,2002.00080551754,2005.00000000054,2450000
1258,1259,0.0208595123700004,39.1913010188965,-90.3014628041642,39.6478714409921,-88.7185033647969,3.957758278314,3.936898765944,2002.00080551754,2002.02166502991,2450000
1259,1260,1.233926527,39.6478714409921,-88.7185033647969,38.7142624707346,-89.7976249258299,5.191684805314,3.957758278314,2002.02166502991,2003.25559155691,2450000
1259,442,3.60843497,39.6478714409921,-88.7185033647969,45.7206,-120.796,7.566193248314,3.957758278314,2002.02166502991,2005.63009999991,2450000
1260,443,2.355408444,38.7142624707346,-89.7976249258299,37.9777,-89.1555,7.547093249314,5.191684805314,2003.25559155691,2005.61100000091,2450000
1260,444,1.744408444,38.7142624707346,-89.7976249258299,38.954,-90.1187,6.936093249314,5.191684805314,2003.25559155691,2005.00000000091,2450000
1261,1262,0.00859174394200046,39.6277516724675,-92.6852646132464,39.9301781289074,-92.9669202780154,3.965890009286,3.957298265344,2002.02120501694,2002.02979676089,2450000
1261,469,1.978794983,39.6277516724675,-92.6852646132464,37.7039,-91.6814,5.936093248344,3.957298265344,2002.02120501694,2003.99999999994,2450000
1262,1263,0.0873010034200004,39.9301781289074,-92.9669202780154,40.0723456675659,-92.8908342591314,4.053191012706,3.965890009286,2002.02979676089,2002.1170977643,2450000
1262,1269,0.108456139499999,39.9301781289074,-92.9669202780154,39.6939063929891,-93.0737262826278,4.074346148786,3.965890009286,2002.02979676089,2002.13825290038,2450000
1263,1264,1.618015017,40.0723456675659,-92.8908342591314,40.6635443407277,-97.2822484892979,5.671206029706,4.053191012706,2002.1170977643,2003.7351127813,2450000
1263,445,9.425402236,40.0723456675659,-92.8908342591314,46.6465,-93.5065,13.478593248706,4.053191012706,2002.1170977643,2011.5425000003,2450000
1264,446,2.807387219,40.6635443407277,-97.2822484892979,42.6668,-98.5853,8.478593248706,5.671206029706,2003.7351127813,2006.5425000003,2450000
1264,1265,1.283375768,40.6635443407277,-97.2822484892979,41.3291051740255,-96.9316161908756,6.954581797706,5.671206029706,2003.7351127813,2005.0184885493,2450000
1265,1266,2.906773707,41.3291051740255,-96.9316161908756,30.7579789574818,-101.942816318035,9.861355504706,6.954581797706,2005.0184885493,2007.9252622563,2450000
1265,447,3.631811451,41.3291051740255,-96.9316161908756,30.93,-98.5937,10.586393248706,6.954581797706,2005.0184885493,2008.6503000003,2450000
1266,1267,0.0747214507800003,30.7579789574818,-101.942816318035,31.7136322733955,-99.6206582352648,9.936076955486,9.861355504706,2007.9252622563,2007.99998370708,2450000
1266,448,1.721337744,30.7579789574818,-101.942816318035,30.7931,-99.473,11.582693248706,9.861355504706,2007.9252622563,2009.6466000003,2450000
1267,1268,0.0820845665200007,31.7136322733955,-99.6206582352648,32.0261969186914,-98.90914690982,10.018161522006,9.936076955486,2007.99998370708,2008.0820682736,2450000
1267,451,1.627416293,31.7136322733955,-99.6206582352648,31.8819,-98.3412,11.563493248486,9.936076955486,2007.99998370708,2009.62740000009,2450000
1268,449,1.490531727,32.0261969186914,-98.90914690982,32.0226,-99.2814,11.508693249006,10.018161522006,2008.0820682736,2009.5726000006,2450000
1268,450,1.098731727,32.0261969186914,-98.90914690982,31.8043,-99.0822,11.116893249006,10.018161522006,2008.0820682736,2009.1808000006,2450000
1269,1270,0.00222887973900043,39.6939063929891,-93.0737262826278,39.6718732560361,-93.086010337788,4.076575028525,4.074346148786,2002.13825290038,2002.14048178012,2450000
1269,1284,0.0518914089800013,39.6939063929891,-93.0737262826278,39.6686429787315,-93.7051200459653,4.126237557766,4.074346148786,2002.13825290038,2002.19014430936,2450000
1270,1271,0.0419911723900022,39.6718732560361,-93.086010337788,47.6779500068892,-96.7788404348949,4.118566200915,4.076575028525,2002.14048178012,2002.18247295251,2450000
1270,452,1.85951822,39.6718732560361,-93.086010337788,39.5788,-89.0166,5.936093248525,4.076575028525,2002.14048178012,2004.00000000012,2450000
1271,453,3.483327048,47.6779500068892,-96.7788404348949,41.5175,-99.1888,7.601893248915,4.118566200915,2002.18247295251,2005.66580000051,2450000
1271,1272,0.583483919199999,47.6779500068892,-96.7788404348949,47.8273336008874,-96.352878111747,4.702050120115,4.118566200915,2002.18247295251,2002.76595687171,2450000
1272,1273,2.300243674,47.8273336008874,-96.352878111747,48.8606572350139,-99.1924520742854,7.002293794115,4.702050120115,2002.76595687171,2005.06620054571,2450000
1272,1280,1.992256466,47.8273336008874,-96.352878111747,47.1056390333213,-95.8808010361399,6.694306586115,4.702050120115,2002.76595687171,2004.75821333771,2450000
1273,1274,0.0183861248199992,48.8606572350139,-99.1924520742854,48.922730854801,-99.2178688150546,7.020679918935,7.002293794115,2005.06620054571,2005.08458667053,2450000
1273,1276,2.125655392,48.8606572350139,-99.1924520742854,49.021144029065,-99.069010880838,9.127949186115,7.002293794115,2005.06620054571,2007.19185593771,2450000
1274,454,2.27431333,48.922730854801,-99.2178688150546,48.18,-98.5044,9.294993248935,7.020679918935,2005.08458667053,2007.35890000053,2450000
1274,1275,0.6409147242,48.922730854801,-99.2178688150546,48.5749854054921,-99.2426149644524,7.661594643135,7.020679918935,2005.08458667053,2005.72550139473,2450000
1275,455,2.834598605,48.5749854054921,-99.2426149644524,48.881,-98.6159,10.496193248135,7.661594643135,2005.72550139473,2008.56009999973,2450000
1275,456,1.975898605,48.5749854054921,-99.2426149644524,48.8195,-99.4312,9.637493248135,7.661594643135,2005.72550139473,2007.70139999973,2450000
1276,457,1.745344062,49.021144029065,-99.069010880838,48.7948,-98.9258,10.873293248115,9.127949186115,2007.19185593771,2008.93719999971,2450000
1276,1277,0.0121757927600008,49.021144029065,-99.069010880838,49.0805304788677,-98.094249957628,9.140124978875,9.127949186115,2007.19185593771,2007.20403173047,2450000
1277,1279,0.876584321399999,49.0805304788677,-98.094249957628,49.3333151066555,-97.2575622569891,10.016709300275,9.140124978875,2007.20403173047,2008.08061605187,2450000
1277,1278,0.3773186125,49.0805304788677,-98.094249957628,48.5009414566219,-98.8308796570425,9.517443591375,9.140124978875,2007.20403173047,2007.58135034297,2450000
1278,459,3.440549657,48.5009414566219,-98.8308796570425,48.926,-98.6745,12.957993248375,9.517443591375,2007.58135034297,2011.02189999997,2450000
1278,458,1.440549657,48.5009414566219,-98.8308796570425,48.3678,-96.5443,10.957993248375,9.517443591375,2007.58135034297,2009.02189999997,2450000
1279,460,0.6898839482,49.3333151066555,-97.2575622569891,47.3438,-97.8086,10.706593248475,10.016709300275,2008.08061605187,2008.77050000007,2450000
1279,461,0.4056839482,49.3333151066555,-97.2575622569891,47.9703,-98.6409,10.422393248475,10.016709300275,2008.08061605187,2008.48630000007,2450000
1280,462,1.912986663,47.1056390333213,-95.8808010361399,45.8636,-96.1223,8.607293249115,6.694306586115,2004.75821333771,2006.67120000071,2450000
1280,1281,0.332989314799999,47.1056390333213,-95.8808010361399,47.2907658773621,-95.9094396330703,7.027295900915,6.694306586115,2004.75821333771,2005.09120265251,2450000
1281,463,0.7608973479,47.2907658773621,-95.9094396330703,47.5561,-97.1682,7.788193248815,7.027295900915,2005.09120265251,2005.85210000041,2450000
1281,1282,0.7384663951,47.2907658773621,-95.9094396330703,46.888280591832,-97.8826495560112,7.765762296015,7.027295900915,2005.09120265251,2005.82966904761,2450000
1282,464,2.935330953,46.888280591832,-97.8826495560112,46.4435,-97.1231,10.701093249015,7.765762296015,2005.82966904761,2008.76500000061,2450000
1282,1283,3.300071912,46.888280591832,-97.8826495560112,46.581387763419,-95.093432752208,11.065834208015,7.765762296015,2005.82966904761,2009.12974095961,2450000
1283,465,0.5716590409,46.581387763419,-95.093432752208,46.6174,-95.5273,11.637493248915,11.065834208015,2009.12974095961,2009.70140000051,2450000
1283,466,1.451059041,46.581387763419,-95.093432752208,48.0212,-96.9075,12.516893249015,11.065834208015,2009.12974095961,2010.58080000061,2450000
1284,467,3.396155691,39.6686429787315,-93.7051200459653,32.828,-80.5908,7.522393248766,4.126237557766,2002.19014430936,2005.58630000037,2450000
1284,468,2.432855691,39.6686429787315,-93.7051200459653,44.7059,-90.0857,6.559093248766,4.126237557766,2002.19014430936,2004.62300000036,2450000
1285,470,1.07666474,39.0825348351481,-90.5587896071845,38.8926,-89.9222,4.936093248289,3.859428508289,2001.92333525989,2002.99999999989,2450000
1285,1286,0.164308548200001,39.0825348351481,-90.5587896071845,39.1094511945077,-90.6975800539005,4.023737056489,3.859428508289,2001.92333525989,2002.08764380809,2450000
1286,1287,0.0418030238299991,39.1094511945077,-90.6975800539005,38.8130877031055,-91.2424128580992,4.065540080319,4.023737056489,2002.08764380809,2002.12944683192,2450000
1286,1292,0.0454151234699989,39.1094511945077,-90.6975800539005,39.0973461826399,-90.1417370425358,4.069152179959,4.023737056489,2002.08764380809,2002.13305893156,2450000
1287,476,1.870553168,38.8130877031055,-91.2424128580992,38.9868,-91.2481,5.936093248319,4.065540080319,2002.12944683192,2003.99999999992,2450000
1287,1288,0.0484478570700002,38.8130877031055,-91.2424128580992,38.5954065164015,-91.2150532981346,4.113987937389,4.065540080319,2002.12944683192,2002.17789468899,2450000
1288,471,1.509805311,38.5954065164015,-91.2150532981346,37.0486,-92.713,5.623793248389,4.113987937389,2002.17789468899,2003.68769999999,2450000
1288,1289,0.0125809917299993,38.5954065164015,-91.2150532981346,38.464528683278,-91.3358329555884,4.126568929119,4.113987937389,2002.17789468899,2002.19047568072,2450000
1289,1290,0.640236791400001,38.464528683278,-91.3358329555884,38.874118809369,-90.1551266628884,4.766805720519,4.126568929119,2002.19047568072,2002.83071247212,2450000
1289,475,1.809524319,38.464528683278,-91.3358329555884,41.9645,-123.5043,5.936093248119,4.126568929119,2002.19047568072,2003.99999999972,2450000
1290,1291,0.0427142108099989,38.874118809369,-90.1551266628884,38.7310970732729,-90.1709053849111,4.809519931329,4.766805720519,2002.83071247212,2002.87342668293,2450000
1290,472,1.699387528,38.874118809369,-90.1551266628884,33.2163,-89.5176,6.466193248519,4.766805720519,2002.83071247212,2004.53010000012,2450000
1291,474,1.126573317,38.7310970732729,-90.1709053849111,39.0673,-89.8289,5.936093248329,4.809519931329,2002.87342668293,2003.99999999993,2450000
1291,473,1.309673317,38.7310970732729,-90.1709053849111,36.3416,-94.2352,6.119193248329,4.809519931329,2002.87342668293,2004.18309999993,2450000
1292,477,3.354641069,39.0973461826399,-90.1417370425358,40.2234,-96.0203,7.423793248959,4.069152179959,2002.13305893156,2005.48770000056,2450000
1292,1293,0.00189880573300094,39.0973461826399,-90.1417370425358,39.1212808561901,-90.1149623774893,4.071050985692,4.069152179959,2002.13305893156,2002.13495773729,2450000
1293,1303,0.0273764778699999,39.1212808561901,-90.1149623774893,39.0791411583472,-90.2559710503275,4.098427463562,4.071050985692,2002.13495773729,2002.16233421516,2450000
1293,1294,0.0138280437799985,39.1212808561901,-90.1149623774893,39.1199050527444,-90.6117536975543,4.084879029472,4.071050985692,2002.13495773729,2002.14878578107,2450000
1294,1295,0.0330180078000009,39.1199050527444,-90.6117536975543,38.6698361090712,-89.8237430399354,4.117897037272,4.084879029472,2002.14878578107,2002.18180378887,2450000
1294,1296,1.890158181,39.1199050527444,-90.6117536975543,39.1830656811863,-90.6682734723552,5.975037210472,4.084879029472,2002.14878578107,2004.03894396207,2450000
1295,479,3.505896211,38.6698361090712,-89.8237430399354,38.1119,-90.994,7.623793248272,4.117897037272,2002.18180378887,2005.68769999987,2450000
1295,478,0.8181962113,38.6698361090712,-89.8237430399354,38.774,-86.7644,4.936093248572,4.117897037272,2002.18180378887,2003.00000000017,2450000
1296,1297,1.823028525,39.1830656811863,-90.6682734723552,41.5757773027721,-90.842560658813,7.798065735472,5.975037210472,2004.03894396207,2005.86197248707,2450000
1296,487,3.662456038,39.1830656811863,-90.6682734723552,44.8488,-110.1384,9.637493248472,5.975037210472,2004.03894396207,2007.70140000007,2450000
1297,1298,0.00242811386199904,41.5757773027721,-90.842560658813,41.573535334756,-90.8412495333784,7.800493849334,7.798065735472,2005.86197248707,2005.86440060093,2450000
1297,1299,0.0108874454599999,41.5757773027721,-90.842560658813,41.5752972985699,-90.8691261449044,7.808953180932,7.798065735472,2005.86197248707,2005.87285993253,2450000
1298,481,0.7958993989,41.573535334756,-90.8412495333784,41.3514,-90.4372,8.596393248234,7.800493849334,2005.86440060093,2006.66029999983,2450000
1298,480,1.609599399,41.573535334756,-90.8412495333784,41.9008,-91.6496,9.410093248334,7.800493849334,2005.86440060093,2007.47399999993,2450000
1299,1302,2.156125172,41.5752972985699,-90.8691261449044,41.4123239551288,-90.1698365150075,9.965078352932,7.808953180932,2005.87285993253,2008.02898510453,2450000
1299,1300,0.00937083796099891,41.5752972985699,-90.8691261449044,41.58289852731,-90.853929396988,7.818324018893,7.808953180932,2005.87285993253,2005.88223077049,2450000
1300,482,1.734169229,41.58289852731,-90.853929396988,41.7236,-90.6397,9.552493247893,7.818324018893,2005.88223077049,2007.61639999949,2450000
1300,1301,1.493398034,41.58289852731,-90.853929396988,42.4622741692536,-90.4165057095405,9.311722052893,7.818324018893,2005.88223077049,2007.37562880449,2450000
1301,484,0.388771195,42.4622741692536,-90.4165057095405,47.5617,-90.8993,9.700493247893,9.311722052893,2007.37562880449,2007.76439999949,2450000
1301,483,7.279171195,42.4622741692536,-90.4165057095405,42.3577,-89.6007,16.590893247893,9.311722052893,2007.37562880449,2014.65479999949,2450000
1302,485,6.390214895,41.4123239551288,-90.1698365150075,40.389,-97.692,16.355293247932,9.965078352932,2008.02898510453,2014.41919999953,2450000
1302,486,2.634014895,41.4123239551288,-90.1698365150075,41.5053,-90.2529,12.599093247932,9.965078352932,2008.02898510453,2010.66299999953,2450000
1303,1304,0.0310771292599981,39.0791411583472,-90.2559710503275,38.2170265141749,-89.5994585873259,4.129504592822,4.098427463562,2002.16233421516,2002.19341134442,2450000
1303,1305,0.933841509699999,39.0791411583472,-90.2559710503275,39.0720920316642,-88.8151672575954,5.032268973262,4.098427463562,2002.16233421516,2003.09617572486,2450000
1304,488,3.562788656,38.2170265141749,-89.5994585873259,43.8429,-111.3534,7.692293248822,4.129504592822,2002.19341134442,2005.75620000042,2450000
1304,489,0.806588655700001,38.2170265141749,-89.5994585873259,36.3689,-88.9819,4.936093248522,4.129504592822,2002.19341134442,2003.00000000012,2450000
1305,490,0.9038242753,39.0720920316642,-88.8151672575954,40.3783,-80.6662,5.936093248562,5.032268973262,2003.09617572486,2004.00000000016,2450000
1305,1306,1.987381697,39.0720920316642,-88.8151672575954,39.0168010553372,-88.9573050238058,7.019650670262,5.032268973262,2003.09617572486,2005.08355742186,2450000
1306,492,1.916442578,39.0168010553372,-88.9573050238058,37.5346,-82.5394,8.936093248262,7.019650670262,2005.08355742186,2006.99999999986,2450000
1306,491,1.554842578,39.0168010553372,-88.9573050238058,31.2867,-100.9208,8.574493248262,7.019650670262,2005.08355742186,2006.63839999986,2450000
1307,493,3.1823136,42.3701783026451,-76.0718360494656,31.367,-94.9933,6.936093248725,3.753779648725,2001.81768640032,2005.00000000032,2450000
1307,1308,4.001792421,42.3701783026451,-76.0718360494656,40.4370632186414,-79.6332977128661,7.755572069725,3.753779648725,2001.81768640032,2005.81947882132,2450000
1308,495,6.770721179,40.4370632186414,-79.6332977128661,31.6912,-94.7339,14.526293248725,7.755572069725,2005.81947882132,2012.59020000032,2450000
1308,494,4.791521179,40.4370632186414,-79.6332977128661,46.8851,-123.8606,12.547093248725,7.755572069725,2005.81947882132,2010.61100000032,2450000
1309,1310,6.142009173,42.1634767686175,-74.4908421511351,34.9945379548342,-97.7933466096324,9.907991357035,3.765982184035,2001.82988893563,2007.97189810863,2450000
1309,1312,5.798494961,42.1634767686175,-74.4908421511351,42.3465442902021,-76.654883619307,9.564477145035,3.765982184035,2001.82988893563,2007.62838389663,2450000
1310,496,0.7166018915,34.9945379548342,-97.7933466096324,34.006,-96.311,10.624593248535,9.907991357035,2007.97189810863,2008.68850000013,2450000
1310,1311,0.1353438955,34.9945379548342,-97.7933466096324,34.1735783950597,-99.18668720233,10.043335252535,9.907991357035,2007.97189810863,2008.10724200413,2450000
1311,497,1.500957996,34.1735783950597,-99.18668720233,34.2007,-99.4159,11.544293248535,10.043335252535,2008.10724200413,2009.60820000013,2450000
1311,498,0.543057996,34.1735783950597,-99.18668720233,34.2117,-99.0588,10.586393248535,10.043335252535,2008.10724200413,2008.65030000013,2450000
1312,500,0.0154161040100007,42.3465442902021,-76.654883619307,39.413,-76.7188,9.579893249045,9.564477145035,2007.62838389663,2007.64380000064,2450000
1312,499,0.0100161040100009,42.3465442902021,-76.654883619307,42.4088,-76.0563,9.574493249045,9.564477145035,2007.62838389663,2007.63840000064,2450000
1313,1315,0.0043921920170007,42.0704348548233,-75.7970338505949,42.0413502818233,-75.8698161095834,3.118091522588,3.113699330571,2001.17760608217,2001.18199827419,2450000
1313,1314,5.826524675,42.0704348548233,-75.7970338505949,44.4541898682492,-74.8095828485171,8.940224005571,3.113699330571,2001.17760608217,2007.00413075717,2450000
1314,501,2.664369243,44.4541898682492,-74.8095828485171,44.3501,-75.2842,11.604593248571,8.940224005571,2007.00413075717,2009.66850000017,2450000
1314,502,3.702669243,44.4541898682492,-74.8095828485171,43.0481,-74.5678,12.642893248571,8.940224005571,2007.00413075717,2010.70680000017,2450000
1315,1316,0.0257426499599998,42.0413502818233,-75.8698161095834,41.9760834447581,-76.3014151160108,3.143834172548,3.118091522588,2001.18199827419,2001.20774092415,2450000
1315,1319,0.3487082758,42.0413502818233,-75.8698161095834,42.2038089347083,-75.9579353553659,3.466799798388,3.118091522588,2001.18199827419,2001.53070654999,2450000
1316,1317,0.601627263900001,41.9760834447581,-76.3014151160108,42.2783484426862,-75.679495120076,3.745461436448,3.143834172548,2001.20774092415,2001.80936818805,2450000
1316,503,1.792259076,41.9760834447581,-76.3014151160108,41.5221,-81.0024,4.936093248548,3.143834172548,2001.20774092415,2003.00000000015,2450000
1317,1318,5.383744391,42.2783484426862,-75.679495120076,38.2987693058862,-83.6002118841353,9.129205827448,3.745461436448,2001.80936818805,2007.19311257905,2450000
1317,504,4.768731812,42.2783484426862,-75.679495120076,41.5873,-74.626,8.514193248448,3.745461436448,2001.80936818805,2006.57810000005,2450000
1318,506,1.424387422,38.2987693058862,-83.6002118841353,38.1383,-84.0886,10.553593249448,9.129205827448,2007.19311257905,2008.61750000105,2450000
1318,505,4.491787422,38.2987693058862,-83.6002118841353,39.8111,-85.482,13.620993249448,9.129205827448,2007.19311257905,2011.68490000105,2450000
1319,1320,0.6117333923,42.2038089347083,-75.9579353553659,42.8930741930886,-74.6140055605398,4.078533190688,3.466799798388,2001.53070654999,2002.14243994229,2450000
1319,507,2.06379345,42.2038089347083,-75.9579353553659,36.2187,-91.133,5.530593248388,3.466799798388,2001.53070654999,2003.59449999999,2450000
1320,508,4.495960058,42.8930741930886,-74.6140055605398,43.025,-74.4887,8.574493248688,4.078533190688,2002.14243994229,2006.63840000029,2450000
1320,1321,0.661297942099999,42.8930741930886,-74.6140055605398,42.1614995516321,-76.1518960090306,4.739831132788,4.078533190688,2002.14243994229,2002.80373788439,2450000
1321,1322,0.0145443851600007,42.1614995516321,-76.1518960090306,42.2536095824692,-75.2614953966867,4.754375517948,4.739831132788,2002.80373788439,2002.81828226955,2450000
1321,509,1.879362116,42.1614995516321,-76.1518960090306,42.0279,-76.2269,6.619193248788,4.739831132788,2002.80373788439,2004.68310000039,2450000
1322,510,1.804717731,42.2536095824692,-75.2614953966867,42.2082,-75.8169,6.559093248948,4.754375517948,2002.81828226955,2004.62300000055,2450000
1322,511,0.9132177306,42.2536095824692,-75.2614953966867,42.462,-92.0516,5.667593248548,4.754375517948,2002.81828226955,2003.73150000015,2450000
1323,1326,0.363326165,41.7239304950423,-75.6673247807259,41.2306140958333,-76.1396145549863,3.052120603116,2.688794438116,2000.75270118972,2001.11602735472,2450000
1323,1324,0.0309235072999989,41.7239304950423,-75.6673247807259,41.753067947042,-75.5809383008738,2.719717945416,2.688794438116,2000.75270118972,2000.78362469702,2450000
1324,1325,0.1373226136,41.753067947042,-75.5809383008738,41.2959205547799,-75.3511068556788,2.857040559016,2.719717945416,2000.78362469702,2000.92094731062,2450000
1324,514,1.923175303,41.753067947042,-75.5809383008738,44.7971,-70.0593,4.642893248416,2.719717945416,2000.78362469702,2002.70680000001,2450000
1325,512,1.72565269,41.2959205547799,-75.3511068556788,42.6367,-76.5688,4.582693249016,2.857040559016,2000.92094731062,2002.64660000062,2450000
1325,513,1.07905269,41.2959205547799,-75.3511068556788,42.0125,-74.0896,3.936093249016,2.857040559016,2000.92094731062,2002.00000000062,2450000
1326,1327,0.0847678241400001,41.2306140958333,-76.1396145549863,41.3652627769353,-75.6260152600867,3.136888427256,3.052120603116,2001.11602735472,2001.20079517886,2450000
1326,1328,0.21264199,41.2306140958333,-76.1396145549863,40.9696923178168,-75.8570812863999,3.264762593116,3.052120603116,2001.11602735472,2001.32866934472,2450000
1327,516,4.475904821,41.3652627769353,-75.6260152600867,42.7311,-75.5537,7.612793248256,3.136888427256,2001.20079517886,2005.67669999986,2450000
1327,515,1.497804821,41.3652627769353,-75.6260152600867,41.8373,-75.314,4.634693248256,3.136888427256,2001.20079517886,2002.69859999986,2450000
1328,517,8.378130655,40.9696923178168,-75.8570812863999,42.2942,-74.3253,11.642893248116,3.264762593116,2001.32866934472,2009.70679999972,2450000
1328,518,2.380930655,40.9696923178168,-75.8570812863999,42.2194,-78.7872,5.645693248116,3.264762593116,2001.32866934472,2003.70959999972,2450000
1329,1330,0.0149276500299997,41.7443489245301,-75.6527445137811,41.7376992169854,-75.6902706220225,2.711856667801,2.696929017771,2000.76083576937,2000.7757634194,2450000
1329,1354,0.416001999200001,41.7443489245301,-75.6527445137811,41.7784749527346,-75.9771361061149,3.112931016971,2.696929017771,2000.76083576937,2001.17683776857,2450000
1330,519,1.933836581,41.7376992169854,-75.6902706220225,39.5661,-77.2649,4.645693248801,2.711856667801,2000.7757634194,2002.7096000004,2450000
1330,1331,0.00158540481199942,41.7376992169854,-75.6902706220225,41.7564945684884,-75.6192371781281,2.713442072613,2.711856667801,2000.7757634194,2000.77734882421,2450000
1331,1332,0.0127242661999993,41.7564945684884,-75.6192371781281,41.7523242588044,-75.5969789069635,2.726166338813,2.713442072613,2000.77734882421,2000.79007309041,2450000
1331,543,1.915851176,41.7564945684884,-75.6192371781281,41.0386,-75.3562,4.629293248613,2.713442072613,2000.77734882421,2002.69320000021,2450000
1332,1333,0.1289113868,41.7523242588044,-75.5969789069635,41.8257944979135,-75.5789458633441,2.855077725613,2.726166338813,2000.79007309041,2000.91898447721,2450000
1332,1349,0.0145933787300017,41.7523242588044,-75.5969789069635,41.7402766341251,-75.6019008385692,2.740759717543,2.726166338813,2000.79007309041,2000.80466646914,2450000
1333,1334,0.0682521886899998,41.8257944979135,-75.5789458633441,41.8330680273801,-75.5774607204224,2.923329914303,2.855077725613,2000.91898447721,2000.9872366659,2450000
1333,1342,0.2265949445,41.8257944979135,-75.5789458633441,41.5555708826958,-76.4013341284059,3.081672670113,2.855077725613,2000.91898447721,2001.14557942171,2450000
1334,1335,0.118492514000001,41.8330680273801,-75.5774607204224,42.0220158781622,-75.4288555391519,3.041822428303,2.923329914303,2000.9872366659,2001.1057291799,2450000
1334,1338,0.207764923700001,41.8330680273801,-75.5774607204224,41.780053640043,-77.9887797778769,3.131094838003,2.923329914303,2000.9872366659,2001.1950015896,2450000
1335,1336,0.745322744799999,42.0220158781622,-75.4288555391519,41.8771253161389,-77.0754116333427,3.787145173103,3.041822428303,2001.1057291799,2001.8510519247,2450000
1335,520,2.63677082,42.0220158781622,-75.4288555391519,42.4086,-74.495,5.678593248303,3.041822428303,2001.1057291799,2003.7424999999,2450000
1336,521,1.743448075,41.8771253161389,-77.0754116333427,40.9596,-91.1141,5.530593248103,3.787145173103,2001.8510519247,2003.5944999997,2450000
1336,1337,0.180261375499999,41.8771253161389,-77.0754116333427,41.832836339452,-77.1130021248351,3.967406548603,3.787145173103,2001.8510519247,2002.0313133002,2450000
1337,523,0.585086700000002,41.832836339452,-77.1130021248351,42.8912,-78.1649,4.552493248603,3.967406548603,2002.0313133002,2002.6164000002,2450000
1337,522,1.7001867,41.832836339452,-77.1130021248351,42.3669,-78.0083,5.667593248603,3.967406548603,2002.0313133002,2003.7315000002,2450000
1338,1339,3.907183186,41.780053640043,-77.9887797778769,42.0635943250105,-74.3119110234303,7.038278024003,3.131094838003,2001.1950015896,2005.1021847756,2450000
1338,524,2.451598411,41.780053640043,-77.9887797778769,42.0708,-76.7808,5.582693249003,3.131094838003,2001.1950015896,2003.6466000006,2450000
1339,528,4.585515224,42.0635943250105,-74.3119110234303,42.3247,-76.4745,11.623793248003,7.038278024003,2005.1021847756,2009.6876999996,2450000
1339,1340,0.581869294099999,42.0635943250105,-74.3119110234303,42.0366208148024,-74.8213931925556,7.620147318103,7.038278024003,2005.1021847756,2005.6840540697,2450000
1340,1341,0.0704577447400005,42.0366208148024,-74.8213931925556,42.1288344968258,-74.8670045553924,7.690605062843,7.620147318103,2005.6840540697,2005.75451181444,2450000
1340,525,3.96804593,42.0366208148024,-74.8213931925556,41.6576,-74.7747,11.588193248103,7.620147318103,2005.6840540697,2009.6520999997,2450000
1341,527,4.878388186,42.1288344968258,-74.8670045553924,41.4042,-74.7071,12.568993248843,7.690605062843,2005.75451181444,2010.63290000044,2450000
1341,526,1.905788186,42.1288344968258,-74.8670045553924,41.9758,-75.9832,9.596393248843,7.690605062843,2005.75451181444,2007.66030000044,2450000
1342,529,1.854420578,41.5555708826958,-76.4013341284059,38.1581,-77.9004,4.936093248113,3.081672670113,2001.14557942171,2002.99999999971,2450000
1342,1343,0.0461133267099996,41.5555708826958,-76.4013341284059,41.5852491968684,-75.5631703739185,3.127785996823,3.081672670113,2001.14557942171,2001.19169274842,2450000
1343,1344,0.790303610900001,41.5852491968684,-75.5631703739185,42.3524322106397,-74.9993431245603,3.918089607723,3.127785996823,2001.19169274842,2001.98199635932,2450000
1343,1347,0.651109378300001,41.5852491968684,-75.5631703739185,42.5192930981115,-78.0375289349801,3.778895375123,3.127785996823,2001.19169274842,2001.84280212672,2450000
1344,1345,7.455021897,42.3524322106397,-74.9993431245603,41.3205192177889,-74.5175116258819,11.373111504723,3.918089607723,2001.98199635932,2009.43701825632,2450000
1344,1346,0.175422642799999,42.3524322106397,-74.9993431245603,43.2707582392337,-75.0244960343673,4.093512250523,3.918089607723,2001.98199635932,2002.15741900212,2450000
1345,530,0.2177817434,41.3205192177889,-74.5175116258819,41.679,-74.6267,11.590893248123,11.373111504723,2009.43701825632,2009.65479999972,2450000
1345,531,0.209581743399999,41.3205192177889,-74.5175116258819,40.8953,-74.3939,11.582693248123,11.373111504723,2009.43701825632,2009.64659999972,2450000
1346,532,4.527480998,43.2707582392337,-75.0244960343673,41.5344,-73.9097,8.620993248523,4.093512250523,2002.15741900212,2006.68490000012,2450000
1346,533,3.842580998,43.2707582392337,-75.0244960343673,33.4928,-107.3672,7.936093248523,4.093512250523,2002.15741900212,2006.00000000012,2450000
1347,1348,0.3641912765,42.5192930981115,-78.0375289349801,42.3974538916845,-77.974034640022,4.143086651623,3.778895375123,2001.84280212672,2002.20699340322,2450000
1347,536,1.844897873,42.5192930981115,-78.0375289349801,42.3046,-78.8122,5.623793248123,3.778895375123,2001.84280212672,2003.68769999972,2450000
1348,535,5.393006597,42.3974538916845,-77.974034640022,41.1295,-75.6694,9.536093248623,4.143086651623,2002.20699340322,2007.60000000022,2450000
1348,534,3.431406597,42.3974538916845,-77.974034640022,45.3309,-83.9168,7.574493248623,4.143086651623,2002.20699340322,2005.63840000022,2450000
1349,1350,0.170775796199999,41.7402766341251,-75.6019008385692,41.5742970393135,-75.8433778093791,2.911535513743,2.740759717543,2000.80466646914,2000.97544226534,2450000
1349,1351,0.3994189776,41.7402766341251,-75.6019008385692,41.6922792334213,-75.4905353989853,3.140178695143,2.740759717543,2000.80466646914,2001.20408544674,2450000
1350,537,1.742357735,41.5742970393135,-75.8433778093791,39.7845,-79.2485,4.653893248743,2.911535513743,2000.97544226534,2002.71780000034,2450000
1350,538,1.643757735,41.5742970393135,-75.8433778093791,43.5452,-74.2823,4.555293248743,2.911535513743,2000.97544226534,2002.61920000034,2450000
1351,1352,0.087335316299999,41.6922792334213,-75.4905353989853,41.6174704838203,-75.5939601378827,3.227514011443,3.140178695143,2001.20408544674,2001.29142076304,2450000
1351,1353,1.003736313,41.6922792334213,-75.4905353989853,41.4892948388784,-76.5131695357227,4.143915008143,3.140178695143,2001.20408544674,2002.20782175974,2450000
1352,539,1.708579237,41.6174704838203,-75.5939601378827,35.1096,-79.9484,4.936093248443,3.227514011443,2001.29142076304,2003.00000000004,2450000
1352,540,1.396279237,41.6174704838203,-75.5939601378827,42.742,-74.8911,4.623793248443,3.227514011443,2001.29142076304,2002.68770000004,2450000
1353,541,1.53187824,41.4892948388784,-76.5131695357227,41.8162,-75.9744,5.675793248143,4.143915008143,2002.20782175974,2003.73969999974,2450000
1353,542,1.41137824,41.4892948388784,-76.5131695357227,41.2716,-78.8333,5.555293248143,4.143915008143,2002.20782175974,2003.61919999974,2450000
1354,547,2.554662232,41.7784749527346,-75.9771361061149,41.9199,-77.1664,5.667593248971,3.112931016971,2001.17683776857,2003.73150000057,2450000
1354,1355,0.0288532111099986,41.7784749527346,-75.9771361061149,41.7702408935423,-75.8537793541857,3.141784228081,3.112931016971,2001.17683776857,2001.20569097968,2450000
1355,1356,0.2456589382,41.7702408935423,-75.8537793541857,41.449035602915,-77.0320290647334,3.387443166281,3.141784228081,2001.20569097968,2001.45134991788,2450000
1355,544,2.56420902,41.7702408935423,-75.8537793541857,36.8931,-79.7444,5.705993248081,3.141784228081,2001.20569097968,2003.76989999968,2450000
1356,546,1.548650082,41.449035602915,-77.0320290647334,44.4552,-83.4954,4.936093248281,3.387443166281,2001.45134991788,2002.99999999988,2450000
1356,545,1.206150082,41.449035602915,-77.0320290647334,41.7229,-75.3211,4.593593248281,3.387443166281,2001.45134991788,2002.65749999988,2450000
1357,1358,0.0529365887900006,41.6099382614723,-75.7679467781302,41.6135119653768,-75.7831412452156,2.79366894596,2.74073235717,2000.80463910877,2000.85757569756,2450000
1357,1365,2.45370364,41.6099382614723,-75.7679467781302,42.3876210744215,-76.7184064079883,5.19443599717,2.74073235717,2000.80463910877,2003.25834274877,2450000
1358,1361,0.304529524099999,41.6135119653768,-75.7831412452156,41.4354459924849,-74.6267001768735,3.09819847006,2.79366894596,2000.85757569756,2001.16210522166,2450000
1358,1359,0.231813411199999,41.6135119653768,-75.7831412452156,41.936316743157,-75.4788922596329,3.02548235716,2.79366894596,2000.85757569756,2001.08938910876,2450000
1359,548,3.435210891,41.936316743157,-75.4788922596329,41.1826,-75.585,6.46069324816,3.02548235716,2001.08938910876,2004.52459999976,2450000
1359,1360,0.0741174316500004,41.936316743157,-75.4788922596329,41.5240693533814,-76.7286863747394,3.09959978881,3.02548235716,2001.08938910876,2001.16350654041,2450000
1360,550,1.47209346,41.5240693533814,-76.7286863747394,41.2976,-75.4857,4.57169324881,3.09959978881,2001.16350654041,2002.63560000041,2450000
1360,549,2.51049346,41.5240693533814,-76.7286863747394,42.5223,-75.4846,5.61009324881,3.09959978881,2001.16350654041,2003.67400000041,2450000
1361,1362,2.102327597,41.4354459924849,-74.6267001768735,40.4959487071798,-74.7372378263563,5.20052606706,3.09819847006,2001.16210522166,2003.26443281866,2450000
1361,1363,0.6502710813,41.4354459924849,-74.6267001768735,40.1396027540356,-74.7291557166762,3.74846955136,3.09819847006,2001.16210522166,2001.81237630296,2450000
1362,551,2.445167181,40.4959487071798,-74.7372378263563,40.5392,-74.9741,7.64569324806,5.20052606706,2003.26443281866,2005.70959999966,2450000
1362,552,0.4889671814,40.4959487071798,-74.7372378263563,40.4795,-74.7172,5.68949324846,5.20052606706,2003.26443281866,2003.75340000006,2450000
1363,555,1.806823697,40.1396027540356,-74.7291557166762,30.7687,-82.4125,5.55529324836,3.74846955136,2001.81237630296,2003.61919999996,2450000
1363,1364,0.2069179979,40.1396027540356,-74.7291557166762,40.3200167449694,-74.8506682695139,3.95538754926,3.74846955136,2001.81237630296,2002.01929430086,2450000
1364,553,0.597105699300002,40.3200167449694,-74.8506682695139,38.5648,-76.2013,4.55249324856,3.95538754926,2002.01929430086,2002.61640000016,2450000
1364,554,1.594405699,40.3200167449694,-74.8506682695139,44.1461,-114.6348,5.54979324826,3.95538754926,2002.01929430086,2003.61369999986,2450000
1365,557,1.331857252,42.3876210744215,-76.7184064079883,42.8004,-77.6617,6.52629324917,5.19443599717,2003.25834274877,2004.59020000077,2450000
1365,556,1.203357252,42.3876210744215,-76.7184064079883,42.5395,-75.8747,6.39779324917,5.19443599717,2003.25834274877,2004.46170000077,2450000
1366,558,4.88979148,41.8246157541889,-76.2741704999419,36.2822,-80.677,7.60189324884,2.71210176884,2000.77600852044,2005.66580000044,2450000
1366,1367,0.00879496053599915,41.8246157541889,-76.2741704999419,41.7916159859454,-76.060545959201,2.720896729376,2.71210176884,2000.77600852044,2000.78480348098,2450000
1367,1368,0.981700490700002,41.7916159859454,-76.060545959201,39.8013054354919,-79.8561443977123,3.702597220076,2.720896729376,2000.78480348098,2001.76650397168,2450000
1367,1369,0.346483882500001,41.7916159859454,-76.060545959201,41.118612046495,-79.9674032153507,3.067380611876,2.720896729376,2000.78480348098,2001.13128736347,2450000
1368,560,0.233496028399999,39.8013054354919,-79.8561443977123,34.8504,-106.5955,3.936093248476,3.702597220076,2001.76650397168,2002.00000000008,2450000
1368,559,2.771796028,39.8013054354919,-79.8561443977123,40.3632,-75.1455,6.474393248076,3.702597220076,2001.76650397168,2004.53829999968,2450000
1369,567,1.978312637,41.118612046495,-79.9674032153507,35.7632,-76.0723,5.045693248876,3.067380611876,2001.13128736347,2003.10960000047,2450000
1369,1370,0.0298831898799996,41.118612046495,-79.9674032153507,40.7850541418891,-80.7270742605707,3.097263801756,3.067380611876,2001.13128736347,2001.16117055336,2450000
1370,1371,0.853292481299999,40.7850541418891,-80.7270742605707,40.265919712818,-83.2461478089808,3.950556283056,3.097263801756,2001.16117055336,2002.01446303466,2450000
1370,561,7.420829447,40.7850541418891,-80.7270742605707,40.3866,-74.4323,10.518093248756,3.097263801756,2001.16117055336,2008.58200000036,2450000
1371,1372,0.0815841011800007,40.265919712818,-83.2461478089808,39.9365235446335,-83.8961259286761,4.032140384236,3.950556283056,2002.01446303466,2002.09604713584,2450000
1371,562,0.9855369655,40.265919712818,-83.2461478089808,40.0813,-91.4537,4.936093248556,3.950556283056,2002.01446303466,2003.00000000016,2450000
1372,1373,0.619847720800001,39.9365235446335,-83.8961259286761,39.5368334921502,-91.6100240915933,4.651988105036,4.032140384236,2002.09604713584,2002.71589485664,2450000
1372,563,0.903952864300001,39.9365235446335,-83.8961259286761,39.8928,-91.701,4.936093248536,4.032140384236,2002.09604713584,2003.00000000014,2450000
1373,1374,0.0921104898199978,39.5368334921502,-91.6100240915933,39.5860960350899,-91.2215977818763,4.744098594856,4.651988105036,2002.71589485664,2002.80800534646,2450000
1373,564,0.2841051435,39.5368334921502,-91.6100240915933,39.4703,-91.4462,4.936093248536,4.651988105036,2002.71589485664,2003.00000000014,2450000
1374,566,0.1919946537,39.5860960350899,-91.2215977818763,39.5655,-91.7047,4.936093248556,4.744098594856,2002.80800534646,2003.00000000016,2450000
1374,565,0.6919946537,39.5860960350899,-91.2215977818763,39.5444,-91.8536,5.436093248556,4.744098594856,2002.80800534646,2003.50000000016,2450000
1375,570,2.750729752,42.0390469795161,-75.7161829082794,41.6399,-87.5245,5.93609324853,3.18536349653,2001.24927024813,2004.00000000013,2450000
1375,1376,0.8151323239,42.0390469795161,-75.7161829082794,41.348855911063,-74.21461693509,4.00049582043,3.18536349653,2001.24927024813,2002.06440257203,2450000
1376,569,0.9355974281,41.348855911063,-74.21461693509,40.1483,-79.4724,4.93609324853,4.00049582043,2002.06440257203,2003.00000000013,2450000
1376,568,0.664397428099999,41.348855911063,-74.21461693509,41.1458,-73.9531,4.66489324853,4.00049582043,2002.06440257203,2002.72880000013,2450000
1377,1464,0.000960706643800435,41.6491096362142,-74.9592882374383,41.6563656972901,-74.9477610179286,2.7016699763938,2.70070926975,2000.76461602135,2000.76557672799,2450000
1377,1378,0.000254047272900237,41.6491096362142,-74.9592882374383,41.6482864130546,-74.9645247567258,2.7009633170229,2.70070926975,2000.76461602135,2000.76487006862,2450000
1378,1379,0.0207689975599994,41.6482864130546,-74.9645247567258,41.6181655151582,-74.9451670653335,2.7217323145829,2.7009633170229,2000.76487006862,2000.78563906618,2450000
1378,1458,0.0265600358399993,41.6482864130546,-74.9645247567258,41.7827246937269,-75.8674054511907,2.7275233528629,2.7009633170229,2000.76487006862,2000.79143010446,2450000
1379,1380,0.428722716999999,41.6181655151582,-74.9451670653335,41.130084056267,-75.5360496803342,3.1504550315829,2.7217323145829,2000.78563906618,2001.21436178318,2450000
1379,1388,0.0063912434720006,41.6181655151582,-74.9451670653335,41.6715722328851,-75.160622041009,2.7281235580549,2.7217323145829,2000.78563906618,2000.79203030965,2450000
1380,1385,0.984471455,41.130084056267,-75.5360496803342,41.3807388647133,-76.1275751183034,4.1349264865829,3.1504550315829,2001.21436178318,2002.19883323818,2450000
1380,1381,2.744031196,41.130084056267,-75.5360496803342,41.964284294754,-76.6726425319846,5.8944862275829,3.1504550315829,2001.21436178318,2003.95839297918,2450000
1381,1382,1.127851196,41.964284294754,-76.6726425319846,41.2851001449635,-75.22035615788,7.0223374235829,5.8944862275829,2003.95839297918,2005.08624417518,2450000
1381,571,2.567607021,41.964284294754,-76.6726425319846,41.5066,-76.402,8.4620932485829,5.8944862275829,2003.95839297918,2006.52600000018,2450000
1382,1384,0.0245836816400011,41.2851001449635,-75.22035615788,41.2995091683358,-75.297934040198,7.0469211052229,7.0223374235829,2005.08624417518,2005.11082785682,2450000
1382,1383,0.0155740206299999,41.2851001449635,-75.22035615788,41.3467841665576,-75.1818271849792,7.0379114442129,7.0223374235829,2005.08624417518,2005.10181819581,2450000
1383,573,0.596781803999999,41.3467841665576,-75.1818271849792,41.3256,-75.6995,7.6346932482129,7.0379114442129,2005.10181819581,2005.69859999981,2450000
1383,572,1.539281804,41.3467841665576,-75.1818271849792,41.8136,-75.3233,8.5771932482129,7.0379114442129,2005.10181819581,2006.64109999981,2450000
1384,575,0.426172142999999,41.2995091683358,-75.297934040198,41.2423,-75.7732,7.4730932482229,7.0469211052229,2005.11082785682,2005.53699999982,2450000
1384,574,0.549472142999999,41.2995091683358,-75.297934040198,41.2901,-74.8126,7.5963932482229,7.0469211052229,2005.11082785682,2005.66029999982,2450000
1385,576,2.541566762,41.3807388647133,-76.1275751183034,41.4365,-74.4693,6.6764932485829,4.1349264865829,2002.19883323818,2004.74040000018,2450000
1385,1386,1.734667392,41.3807388647133,-76.1275751183034,41.5790937402171,-75.9334161906268,5.8695938785829,4.1349264865829,2002.19883323818,2003.93350063018,2450000
1386,577,1.57609937,41.5790937402171,-75.9334161906268,35.6503,-79.8106,7.4456932485829,5.8695938785829,2003.93350063018,2005.50960000018,2450000
1386,1387,1.73787108,41.5790937402171,-75.9334161906268,41.6030834129774,-75.3417202891164,7.6074649585829,5.8695938785829,2003.93350063018,2005.67137171018,2450000
1387,578,0.02722829006,41.6030834129774,-75.3417202891164,41.5536,-75.374,7.6346932486429,7.6074649585829,2005.67137171018,2005.69860000024,2450000
1387,579,0.8793282901,41.6030834129774,-75.3417202891164,41.52,-74.5827,8.4867932486829,7.6074649585829,2005.67137171018,2006.55070000028,2450000
1388,580,1.89836969,41.6715722328851,-75.160622041009,41.332,-108.841,4.6264932480549,2.7281235580549,2000.79203030965,2002.69039999965,2450000
1388,1389,0.2369770502,41.6715722328851,-75.160622041009,41.1277365353797,-116.41876164519,2.9651006082549,2.7281235580549,2000.79203030965,2001.02900735985,2450000
1389,1390,0.1078750221,41.1277365353797,-116.41876164519,41.1899348203013,-116.336396900265,3.0729756303549,2.9651006082549,2001.02900735985,2001.13688238195,2450000
1389,650,8.57649264,41.1277365353797,-116.41876164519,41.6436,-75.2786,11.5415932482549,2.9651006082549,2001.02900735985,2009.60549999985,2450000
1390,1391,0.0417961815699996,41.1899348203013,-116.336396900265,40.1967552900957,-116.9898001289,3.1147718119249,3.0729756303549,2001.13688238195,2001.17867856352,2450000
1390,1455,0.000534672378199375,41.1899348203013,-116.336396900265,41.3090896944601,-116.476310269252,3.0735103027331,3.0729756303549,2001.13688238195,2001.13741705433,2450000
1391,1392,0.0155290085599997,40.1967552900957,-116.9898001289,40.2155663501211,-116.985528352899,3.1303008204849,3.1147718119249,2001.17867856352,2001.19420757208,2450000
1391,581,0.8213214365,40.1967552900957,-116.9898001289,42.4824,-118.6443,3.9360932484249,3.1147718119249,2001.17867856352,2002.00000000002,2450000
1392,1393,0.4020184925,40.2155663501211,-116.985528352899,40.2166790095566,-117.263753361136,3.5323193129849,3.1303008204849,2001.19420757208,2001.59622606458,2450000
1392,645,7.382292428,40.2155663501211,-116.985528352899,38.4894,-118.5938,10.5125932484849,3.1303008204849,2001.19420757208,2008.57650000008,2450000
1393,1394,0.205254106,40.2166790095566,-117.263753361136,40.6848503719118,-116.961175033952,3.7375734189849,3.5323193129849,2001.59622606458,2001.80148017058,2450000
1393,1453,1.252184534,40.2166790095566,-117.263753361136,40.3666513752288,-117.556036533717,4.7845038469849,3.5323193129849,2001.59622606458,2002.84841059858,2450000
1394,582,2.198519829,40.6848503719118,-116.961175033952,38.1074,-121.4706,5.9360932479849,3.7375734189849,2001.80148017058,2003.99999999958,2450000
1394,1395,0.185366352700001,40.6848503719118,-116.961175033952,40.6618279272117,-117.056531728981,3.9229397716849,3.7375734189849,2001.80148017058,2001.98684652328,2450000
1395,1424,0.0038710170609999,40.6618279272117,-117.056531728981,40.6349065489578,-117.160223431419,3.9268107887459,3.9229397716849,2001.98684652328,2001.99071754035,2450000
1395,1396,0.0566087735499998,40.6618279272117,-117.056531728981,40.131777568554,-116.965864400557,3.9795485452349,3.9229397716849,2001.98684652328,2002.04345529683,2450000
1396,1397,0.155893413999999,40.131777568554,-116.965864400557,39.4931768379995,-115.788347876034,4.1354419592349,3.9795485452349,2002.04345529683,2002.19934871083,2450000
1396,1423,0.143904897099999,40.131777568554,-116.965864400557,39.5519662036129,-118.135789703586,4.1234534423349,3.9795485452349,2002.04345529683,2002.18736019393,2450000
1397,1398,0.393499414400001,39.4931768379995,-115.788347876034,36.6564741369393,-111.042777362819,4.5289413736349,4.1354419592349,2002.19934871083,2002.59284812523,2450000
1397,583,1.983751289,39.4931768379995,-115.788347876034,38.6263,-119.5573,6.1191932482349,4.1354419592349,2002.19934871083,2004.18309999983,2450000
1398,1399,0.176201007899998,36.6564741369393,-111.042777362819,36.7483613199451,-110.119586207135,4.7051423815349,4.5289413736349,2002.59284812523,2002.76904913313,2450000
1398,1407,0.120514258499998,36.6564741369393,-111.042777362819,36.3509205360405,-110.740905787465,4.6494556321349,4.5289413736349,2002.59284812523,2002.71336238373,2450000
1399,1405,0.0543575030500012,36.7483613199451,-110.119586207135,36.6118700906864,-110.231218005835,4.7594998845849,4.7051423815349,2002.76904913313,2002.82340663618,2450000
1399,1400,0.0392128864599997,36.7483613199451,-110.119586207135,36.6738130295323,-110.338968081681,4.7443552679949,4.7051423815349,2002.76904913313,2002.80826201959,2450000
1400,1401,0.0944695211800006,36.6738130295323,-110.338968081681,36.6608325972225,-109.950880276389,4.8388247891749,4.7443552679949,2002.80826201959,2002.90273154077,2450000
1400,1404,0.4282800386,36.6738130295323,-110.338968081681,36.6860014605545,-110.106477769401,5.1726353065949,4.7443552679949,2002.80826201959,2003.23654205819,2450000
1401,1402,4.242554425,36.6608325972225,-109.950880276389,37.4305968150323,-113.149588146369,9.0813792141749,4.8388247891749,2002.90273154077,2007.14528596577,2450000
1401,1403,0.9000144059,36.6608325972225,-109.950880276389,37.2606321786175,-110.800873619563,5.7388391950749,4.8388247891749,2002.90273154077,2003.80274594667,2450000
1402,585,2.035514034,37.4305968150323,-113.149588146369,36.8778,-110.3245,11.1168932481749,9.0813792141749,2007.14528596577,2009.18079999977,2450000
1402,584,4.676614034,37.4305968150323,-113.149588146369,36.7885,-106.4588,13.7579932481749,9.0813792141749,2007.14528596577,2011.82189999977,2450000
1403,586,1.838354053,37.2606321786175,-110.800873619563,36.7268,-109.6342,7.5771932480749,5.7388391950749,2003.80274594667,2005.64109999967,2450000
1403,587,1.879454053,37.2606321786175,-110.800873619563,38.1218,-120.8446,7.6182932480749,5.7388391950749,2003.80274594667,2005.68219999967,2450000
1404,588,2.297657942,36.6860014605545,-110.106477769401,36.0287,-110.4714,7.4702932485949,5.1726353065949,2003.23654205819,2005.53420000019,2450000
1404,589,2.253857942,36.6860014605545,-110.106477769401,36.7416,-109.9085,7.4264932485949,5.1726353065949,2003.23654205819,2005.49040000019,2450000
1405,1406,0.000512830895200267,36.6118700906864,-110.231218005835,36.6076822019233,-110.237882962162,4.7600127154801,4.7594998845849,2002.82340663618,2002.82391946708,2450000
1405,590,2.746493364,36.6118700906864,-110.231218005835,36.6792,-110.3114,7.5059932485849,4.7594998845849,2002.82340663618,2005.56990000018,2450000
1406,591,2.718580533,36.6076822019233,-110.237882962162,36.6607,-110.4601,7.4785932484801,4.7600127154801,2002.82391946708,2005.54250000008,2450000
1406,592,0.176080533,36.6076822019233,-110.237882962162,36.5842,-110.3176,4.9360932484801,4.7600127154801,2002.82391946708,2003.00000000008,2450000
1407,609,2.930437616,36.3509205360405,-110.740905787465,36.8152,-110.2012,7.5798932481349,4.6494556321349,2002.71336238373,2005.64379999973,2450000
1407,1408,0.0467430686599997,36.3509205360405,-110.740905787465,36.3542539805888,-110.753025695877,4.6961987007949,4.6494556321349,2002.71336238373,2002.76010545239,2450000
1408,1414,0.511120388800002,36.3542539805888,-110.753025695877,35.5835728544297,-111.976051753723,5.2073190895949,4.6961987007949,2002.76010545239,2003.27122584119,2450000
1408,1409,7.129703236,36.3542539805888,-110.753025695877,36.5246524351348,-109.208103418229,11.8259019367949,4.6961987007949,2002.76010545239,2009.88980868839,2450000
1409,598,1.132091312,36.5246524351348,-109.208103418229,36.4217,-110.2028,12.9579932487949,11.8259019367949,2009.88980868839,2011.02190000039,2450000
1409,1410,0.286413318299999,36.5246524351348,-109.208103418229,36.8128403307503,-110.18251912604,12.1123152550949,11.8259019367949,2009.88980868839,2010.17622200669,2450000
1410,597,0.845677993600001,36.8128403307503,-110.18251912604,36.7386,-109.4037,12.9579932486949,12.1123152550949,2010.17622200669,2011.02190000029,2450000
1410,1411,0.00661597287199989,36.8128403307503,-110.18251912604,36.7014004507789,-110.36580953679,12.1189312279669,12.1123152550949,2010.17622200669,2010.18283797957,2450000
1411,593,0.8390620207,36.7014004507789,-110.36580953679,37.3353,-111.8148,12.9579932486669,12.1189312279669,2010.18283797957,2011.02190000027,2450000
1411,1412,0.0475133491800008,36.7014004507789,-110.36580953679,36.7660328135058,-110.34306694951,12.1664445771469,12.1189312279669,2010.18283797957,2010.23035132875,2450000
1412,594,0.791548671599999,36.7660328135058,-110.34306694951,36.6035,-110.0845,12.9579932487469,12.1664445771469,2010.23035132875,2011.02190000035,2450000
1412,1413,0.115657863899999,36.7660328135058,-110.34306694951,36.6126649741029,-110.214180150904,12.2821024410469,12.1664445771469,2010.23035132875,2010.34600919265,2450000
1413,596,1.352590808,36.6126649741029,-110.214180150904,36.329,-109.9141,13.6346932490469,12.2821024410469,2010.34600919265,2011.69860000065,2450000
1413,595,0.6758908076,36.6126649741029,-110.214180150904,36.8561,-109.6947,12.9579932486469,12.2821024410469,2010.34600919265,2011.02190000025,2450000
1414,1416,0.00244356274399848,35.5835728544297,-111.976051753723,35.5821858510361,-112.04004825274,5.2097626523389,5.2073190895949,2003.27122584119,2003.27366940394,2450000
1414,1415,0.6354649337,35.5835728544297,-111.976051753723,35.393931367129,-111.860921400389,5.8427840232949,5.2073190895949,2003.27122584119,2003.90669077489,2450000
1415,599,3.657709225,35.393931367129,-111.860921400389,33.8051,-110.0453,9.5004932482949,5.8427840232949,2003.90669077489,2007.56439999989,2450000
1415,600,0.945809225199998,35.393931367129,-111.860921400389,34.7108,-110.5954,6.7885932484949,5.8427840232949,2003.90669077489,2004.85250000009,2450000
1416,1418,0.709672932500002,35.5821858510361,-112.04004825274,35.6240356454937,-110.891801503006,5.9194355848389,5.2097626523389,2003.27366940394,2003.98334233644,2450000
1416,1417,0.540385959000002,35.5821858510361,-112.04004825274,35.5089700602673,-113.061884323673,5.7501486113389,5.2097626523389,2003.27366940394,2003.81405536294,2450000
1417,601,7.292744637,35.5089700602673,-113.061884323673,29.8627,-104.0113,13.0428932483389,5.7501486113389,2003.81405536294,2011.10679999994,2450000
1417,602,3.917444637,35.5089700602673,-113.061884323673,34.7978,-109.7424,9.6675932483389,5.7501486113389,2003.81405536294,2007.73149999994,2450000
1418,1419,1.062705227,35.6240356454937,-110.891801503006,35.7784675092164,-109.469560178438,6.9821408118389,5.9194355848389,2003.98334233644,2005.04604756344,2450000
1418,1420,1.206058205,35.6240356454937,-110.891801503006,34.0956292751632,-114.81933421665,7.1254937898389,5.9194355848389,2003.98334233644,2005.18940054144,2450000
1419,603,0.5347524366,35.7784675092164,-109.469560178438,38.8332,-110.1965,7.5168932484389,6.9821408118389,2005.04604756344,2005.58080000004,2450000
1419,604,3.440252437,35.7784675092164,-109.469560178438,35.7198,-109.0759,10.4223932488389,6.9821408118389,2005.04604756344,2008.48630000044,2450000
1420,1421,1.687269001,34.0956292751632,-114.81933421665,34.7426687183448,-108.020960354628,8.8127627908389,7.1254937898389,2005.18940054144,2006.87666954244,2450000
1420,608,2.372199458,34.0956292751632,-114.81933421665,34.5812,-112.262,9.4976932478389,7.1254937898389,2005.18940054144,2007.56159999944,2450000
1421,605,0.6849304571,34.7426687183448,-108.020960354628,34.9641,-109.0226,9.4976932479389,8.8127627908389,2006.87666954244,2007.56159999954,2450000
1421,1422,0.394765809000001,34.7426687183448,-108.020960354628,34.6639116105618,-109.341962199389,9.2075285998389,8.8127627908389,2006.87666954244,2007.27143535144,2450000
1422,607,1.356964648,34.6639116105618,-109.341962199389,34.8146,-107.9551,10.5644932478389,9.2075285998389,2007.27143535144,2008.62839999944,2450000
1422,606,1.291364648,34.6639116105618,-109.341962199389,34.8847,-110.2262,10.4988932478389,9.2075285998389,2007.27143535144,2008.56279999944,2450000
1423,611,0.812639806100002,39.5519662036129,-118.135789703586,38.7345,-119.4394,4.9360932484349,4.1234534423349,2002.18736019393,2003.00000000003,2450000
1423,610,0.812639806100002,39.5519662036129,-118.135789703586,38.8056,-120.5343,4.9360932484349,4.1234534423349,2002.18736019393,2003.00000000003,2450000
1424,1425,0.144582999800001,40.6349065489578,-117.160223431419,40.627946512174,-118.17231988787,4.0713937885459,3.9268107887459,2001.99071754035,2002.13530054014,2450000
1424,1440,0.0843028556800007,40.6349065489578,-117.160223431419,41.3994741651841,-117.609461411942,4.0111136444259,3.9268107887459,2001.99071754035,2002.07502039602,2450000
1425,1435,0.0308870237699992,40.627946512174,-118.17231988787,40.5928982467231,-117.817390830828,4.1022808123159,4.0713937885459,2002.13530054014,2002.16618756391,2450000
1425,1426,0.181026841799998,40.627946512174,-118.17231988787,40.6797240991677,-117.9914026181,4.2524206303459,4.0713937885459,2002.13530054014,2002.31632738195,2450000
1426,1427,0.481422929700001,40.6797240991677,-117.9914026181,40.4382114576581,-119.592835892284,4.7338435600459,4.2524206303459,2002.31632738195,2002.79775031164,2450000
1426,621,0.683672618100001,40.6797240991677,-117.9914026181,40.7577,-118.1363,4.9360932484459,4.2524206303459,2002.31632738195,2003.00000000005,2450000
1427,612,1.781449688,40.4382114576581,-119.592835892284,40.7816,-118.0594,6.5152932480459,4.7338435600459,2002.79775031164,2004.57919999964,2450000
1427,1428,0.395430536499999,40.4382114576581,-119.592835892284,40.5583634063718,-118.749168332241,5.1292740965459,4.7338435600459,2002.79775031164,2003.19318084814,2450000
1428,1432,0.0259119658200007,40.5583634063718,-118.749168332241,40.6659001532703,-117.884968668273,5.1551860623659,5.1292740965459,2003.19318084814,2003.21909281396,2450000
1428,1429,1.912476567,40.5583634063718,-118.749168332241,41.2530039885838,-117.408969836278,7.0417506635459,5.1292740965459,2003.19318084814,2005.10565741514,2450000
1429,613,0.4614425853,41.2530039885838,-117.408969836278,41.8545,-110.853,7.5031932488459,7.0417506635459,2005.10565741514,2005.56710000044,2450000
1429,1430,0.0792606835700003,41.2530039885838,-117.408969836278,41.3824210670439,-117.123422856509,7.1210113471159,7.0417506635459,2005.10565741514,2005.18491809871,2450000
1430,616,0.464381901700001,41.3824210670439,-117.123422856509,42.1304,-117.7721,7.5853932488159,7.1210113471159,2005.18491809871,2005.64930000041,2450000
1430,1431,0.597106156399999,41.3824210670439,-117.123422856509,41.0172012599824,-117.124492842065,7.7181175035159,7.1210113471159,2005.18491809871,2005.78202425511,2450000
1431,615,1.801575745,41.0172012599824,-117.124492842065,40.9953,-117.1429,9.5196932485159,7.7181175035159,2005.78202425511,2007.58360000011,2450000
1431,614,2.012475745,41.0172012599824,-117.124492842065,41.1505,-116.8855,9.7305932485159,7.7181175035159,2005.78202425511,2007.79450000012,2450000
1432,617,1.319207186,40.6659001532703,-117.884968668273,40.6999,-118.0919,6.4743932483659,5.1551860623659,2003.21909281396,2004.53829999996,2450000
1432,1433,1.841223101,40.6659001532703,-117.884968668273,40.4383809890011,-117.568997928505,6.9964091633659,5.1551860623659,2003.21909281396,2005.06031591497,2450000
1433,1434,0.122187099799998,40.4383809890011,-117.568997928505,40.1025835251548,-117.590388773683,7.1185962631659,6.9964091633659,2005.06031591497,2005.18250301476,2450000
1433,618,0.3451840854,40.4383809890011,-117.568997928505,38.5408,-111.8547,7.3415932487659,6.9964091633659,2005.06031591497,2005.40550000037,2450000
1434,620,0.302396985600001,40.1025835251548,-117.590388773683,39.5031,-111.2202,7.4209932487659,7.1185962631659,2005.18250301476,2005.48490000036,2450000
1434,619,0.280496985600001,40.1025835251548,-117.590388773683,38.9728,-111.0924,7.3990932487659,7.1185962631659,2005.18250301476,2005.46300000036,2450000
1435,1439,0.0224143749899994,40.5928982467231,-117.817390830828,40.6250983525655,-117.89092331935,4.1246951873059,4.1022808123159,2002.16618756391,2002.1886019389,2450000
1435,1436,0.7056589896,40.5928982467231,-117.817390830828,39.4470307432868,-119.780644412464,4.8079398019159,4.1022808123159,2002.16618756391,2002.87184655351,2450000
1436,1437,0.00137304540499983,39.4470307432868,-119.780644412464,39.4410724383083,-119.748011751038,4.8093128473209,4.8079398019159,2002.87184655351,2002.87321959892,2450000
1436,622,2.832253446,39.4470307432868,-119.780644412464,39.4766,-119.9818,7.6401932479159,4.8079398019159,2002.87184655351,2005.70409999951,2450000
1437,625,1.686880401,39.4410724383083,-119.748011751038,38.8428,-121.22,6.4961932483209,4.8093128473209,2002.87321959892,2004.56009999992,2450000
1437,1438,0.867885331,39.4410724383083,-119.748011751038,39.6136268242605,-119.67776727056,5.6771981783209,4.8093128473209,2002.87321959892,2003.74110492992,2450000
1438,624,4.99109507,39.6136268242605,-119.67776727056,39.9518,-120.3889,10.6682932483209,5.6771981783209,2003.74110492992,2008.73219999992,2450000
1438,623,0.9036950701,39.6136268242605,-119.67776727056,39.5757,-120.1425,6.5808932484209,5.6771981783209,2003.74110492992,2004.64480000002,2450000
1439,627,2.185698061,40.6250983525655,-117.89092331935,38.4779,-119.6752,6.3103932483059,4.1246951873059,2002.1886019389,2004.3742999999,2450000
1439,626,2.464398061,40.6250983525655,-117.89092331935,39.7821,-111.7519,6.5890932483059,4.1246951873059,2002.1886019389,2004.6529999999,2450000
1440,641,0.924979603999999,41.3994741651841,-117.609461411942,41.3044,-117.5105,4.9360932484259,4.0111136444259,2002.07502039602,2003.00000000003,2450000
1440,1441,0.266635390399999,41.3994741651841,-117.609461411942,41.3693434154084,-117.626069798595,4.2777490348259,4.0111136444259,2002.07502039602,2002.34165578643,2450000
1441,1442,0.3968388746,41.3693434154084,-117.626069798595,40.9682924389256,-117.666998097939,4.6745879094259,4.2777490348259,2002.34165578643,2002.73849466103,2450000
1441,628,0.6583442136,41.3693434154084,-117.626069798595,41.4475,-119.576,4.9360932484259,4.2777490348259,2002.34165578643,2003.00000000003,2450000
1442,629,0.891605339,40.9682924389256,-117.666998097939,40.9276,-117.2052,5.5661932484259,4.6745879094259,2002.73849466103,2003.63010000002,2450000
1442,1443,0.0847639791700008,40.9682924389256,-117.666998097939,40.7751477159727,-117.899976540327,4.7593518885959,4.6745879094259,2002.73849466103,2002.8232586402,2450000
1443,1444,0.0433323746899994,40.7751477159727,-117.899976540327,40.8420800900791,-117.917132346139,4.8026842632859,4.7593518885959,2002.8232586402,2002.86659101488,2450000
1443,1452,0.413111298099999,40.7751477159727,-117.899976540327,40.5760078773059,-118.000645112615,5.1724631866959,4.7593518885959,2002.8232586402,2003.2363699383,2450000
1444,630,0.133408985100001,40.8420800900791,-117.917132346139,40.8743,-117.3783,4.9360932483859,4.8026842632859,2002.86659101488,2002.99999999998,2450000
1444,1445,0.3938691603,40.8420800900791,-117.917132346139,40.7596829564707,-117.452848185116,5.1965534235859,4.8026842632859,2002.86659101488,2003.26046017519,2450000
1445,1446,0.0208938304400021,40.7596829564707,-117.452848185116,40.3822279351376,-117.324578296158,5.2174472540259,5.1965534235859,2003.26046017519,2003.28135400562,2450000
1445,631,1.354339825,40.7596829564707,-117.452848185116,41.0388,-104.2123,6.5508932485859,5.1965534235859,2003.26046017519,2004.61480000018,2450000
1446,1448,0.485491526899999,40.3822279351376,-117.324578296158,40.4656663971411,-117.344054182592,5.7029387809259,5.2174472540259,2003.28135400562,2003.76684553252,2450000
1446,1447,0.585634091299999,40.3822279351376,-117.324578296158,40.3262252416593,-117.585405125761,5.8030813453259,5.2174472540259,2003.28135400562,2003.86698809692,2450000
1447,632,0.133011903,40.3262252416593,-117.585405125761,43.7731,-119.8022,5.9360932483259,5.8030813453259,2003.86698809692,2003.99999999992,2450000
1447,633,0.739611903,40.3262252416593,-117.585405125761,43.471,-118.1509,6.5426932483259,5.8030813453259,2003.86698809692,2004.60659999993,2450000
1448,634,0.7714544675,40.4656663971411,-117.344054182592,38.1404,-122.3224,6.4743932484259,5.7029387809259,2003.76684553252,2004.53830000002,2450000
1448,1449,0.087793360540001,40.4656663971411,-117.344054182592,40.0263109985912,-116.709995052736,5.7907321414659,5.7029387809259,2003.76684553252,2003.85463889306,2450000
1449,638,0.429561106999998,40.0263109985912,-116.709995052736,37.3683,-122.0781,6.2202932484659,5.7907321414659,2003.85463889306,2004.28420000006,2450000
1449,1450,0.0236693770899983,40.0263109985912,-116.709995052736,40.0309248029173,-116.873075707784,5.8144015185559,5.7907321414659,2003.85463889306,2003.87830827016,2450000
1450,1451,0.0260409332600009,40.0309248029173,-116.873075707784,40.1506666170764,-116.756598363186,5.8404424518159,5.8144015185559,2003.87830827016,2003.90434920341,2450000
1450,637,1.65589173,40.0309248029173,-116.873075707784,38.0833,-117.7697,7.4702932485559,5.8144015185559,2003.87830827016,2005.53420000015,2450000
1451,635,0.595650796599999,40.1506666170764,-116.756598363186,40.2566,-116.5905,6.4360932484159,5.8404424518159,2003.90434920341,2004.50000000002,2450000
1451,636,0.418050796600001,40.1506666170764,-116.756598363186,40.3966,-116.5639,6.2584932484159,5.8404424518159,2003.90434920341,2004.32240000002,2450000
1452,639,0.393730061700001,40.5760078773059,-118.000645112615,40.5045,-117.5745,5.5661932483959,5.1724631866959,2003.2363699383,2003.6301,2450000
1452,640,0.297830061700001,40.5760078773059,-118.000645112615,40.6882,-117.6863,5.4702932483959,5.1724631866959,2003.2363699383,2003.5342,2450000
1453,1454,0.998965936199999,40.3666513752288,-117.556036533717,40.2339250005845,-118.020960756261,5.7834697831849,4.7845038469849,2002.84841059858,2003.84737653478,2450000
1453,642,1.766389401,40.3666513752288,-117.556036533717,40.1949,-118.4093,6.5508932479849,4.7845038469849,2002.84841059858,2004.61479999958,2450000
1454,644,1.686823465,40.2339250005845,-118.020960756261,39.9349,-118.0524,7.4702932481849,5.7834697831849,2003.84737653478,2005.53419999978,2450000
1454,643,1.717023465,40.2339250005845,-118.020960756261,40.3086,-118.2045,7.5004932481849,5.7834697831849,2003.84737653478,2005.56439999978,2450000
1455,649,0.8625829457,41.3090896944601,-116.476310269252,45.5756,-114.3617,3.9360932484331,3.0735103027331,2001.13741705433,2002.00000000003,2450000
1455,1456,0.424141174899999,41.3090896944601,-116.476310269252,41.515342400377,-116.293320390466,3.4976514776331,3.0735103027331,2001.13741705433,2001.56155822923,2450000
1456,1457,0.6693969114,41.515342400377,-116.293320390466,41.9092525243558,-116.920460123656,4.1670483890331,3.4976514776331,2001.56155822923,2002.23095514063,2450000
1456,646,8.131641771,41.515342400377,-116.293320390466,36.9828,-112.3611,11.6292932486331,3.4976514776331,2001.56155822923,2009.69320000023,2450000
1457,647,1.360844859,41.9092525243558,-116.920460123656,48.2993,-121.3326,5.5278932480331,4.1670483890331,2002.23095514063,2003.59179999963,2450000
1457,648,0.769044859400001,41.9092525243558,-116.920460123656,33.6522,-117.0066,4.9360932484331,4.1670483890331,2002.23095514063,2003.00000000003,2450000
1458,1459,0.384500726200001,41.7827246937269,-75.8674054511907,41.7930969193356,-75.8525290909506,3.1120240790629,2.7275233528629,2000.79143010446,2001.17593083066,2450000
1458,1463,1.526330953,41.7827246937269,-75.8674054511907,42.4150696830352,-75.2839618433641,4.2538543058629,2.7275233528629,2000.79143010446,2002.31776105746,2450000
1459,655,2.456969169,41.7930969193356,-75.8525290909506,42.099,-75.8385,5.5689932480629,3.1120240790629,2001.17593083066,2003.63289999966,2450000
1459,1460,0.4412989681,41.7930969193356,-75.8525290909506,41.8940239134043,-75.7615397040666,3.5533230471629,3.1120240790629,2001.17593083066,2001.61722979876,2450000
1460,1461,0.3378743034,41.8940239134043,-75.7615397040666,41.7337919737991,-75.4462238075356,3.8911973505629,3.5533230471629,2001.61722979876,2001.95510410216,2450000
1460,654,1.040270201,41.8940239134043,-75.7615397040666,46.2749,-68.2964,4.5935932481629,3.5533230471629,2001.61722979876,2002.65749999976,2450000
1461,1462,0.180473236300001,41.7337919737991,-75.4462238075356,41.7686786911657,-75.1996247537866,4.0716705868629,3.8911973505629,2001.95510410216,2002.13557733846,2450000
1461,653,1.866795898,41.7337919737991,-75.4462238075356,41.6474,-75.4843,5.7579932485629,3.8911973505629,2001.95510410216,2003.82190000016,2450000
1462,651,0.579522661699999,41.7686786911657,-75.1996247537866,41.906,-75.2637,4.6511932485629,4.0716705868629,2002.13557733846,2002.71510000016,2450000
1462,652,2.599422662,41.7686786911657,-75.1996247537866,44.8384,-72.1753,6.6710932488629,4.0716705868629,2002.13557733846,2004.73500000046,2450000
1463,656,2.286038942,42.4150696830352,-75.2839618433641,42.1062,-75.3263,6.5398932478629,4.2538543058629,2002.31776105746,2004.60379999946,2450000
1463,657,1.386338942,42.4150696830352,-75.2839618433641,42.3593,-75.7261,5.6401932478629,4.2538543058629,2002.31776105746,2003.70409999946,2450000
1464,1497,0.00231594213500053,41.6563656972901,-74.9477610179286,41.6846850792928,-75.2880735988908,2.7039859185288,2.7016699763938,2000.76557672799,2000.76789267013,2450000
1464,1465,0.0134644893599987,41.6563656972901,-74.9477610179286,41.7187916497346,-74.9471218677955,2.7151344657538,2.7016699763938,2000.76557672799,2000.77904121735,2450000
1465,1494,0.366942233900002,41.7187916497346,-74.9471218677955,41.8611846422751,-75.8461233243441,3.0820766996538,2.7151344657538,2000.77904121735,2001.14598345125,2450000
1465,1466,0.00155512181800077,41.7187916497346,-74.9471218677955,41.7232226331658,-74.9030721996363,2.7166895875718,2.7151344657538,2000.77904121735,2000.78059633917,2450000
1466,1470,0.000156708130798933,41.7232226331658,-74.9030721996363,41.7253056044771,-74.9628939004718,2.7168462957026,2.7166895875718,2000.78059633917,2000.7807530473,2450000
1466,1467,1.366004637,41.7232226331658,-74.9030721996363,42.2310897569832,-75.9214097329867,4.0826942245718,2.7166895875718,2000.78059633917,2002.14660097617,2450000
1467,1468,0.0360733072399988,42.2310897569832,-75.9214097329867,42.1291551358259,-76.1361777690546,4.1187675318118,4.0826942245718,2002.14660097617,2002.18267428341,2450000
1467,658,0.4889990242,42.2310897569832,-75.9214097329867,37.543,-87.0705,4.5716932487718,4.0826942245718,2002.14660097617,2002.63560000037,2450000
1468,659,2.899525717,42.1291551358259,-76.1361777690546,42.7468,-74.8656,7.0182932488118,4.1187675318118,2002.18267428341,2005.08220000041,2450000
1468,1469,4.402233676,42.1291551358259,-76.1361777690546,42.1911302389067,-75.7026717866792,8.5210012078118,4.1187675318118,2002.18267428341,2006.58490795941,2450000
1469,660,0.0177920411999999,42.1911302389067,-75.7026717866792,42.2084,-75.7959,8.5387932490118,8.5210012078118,2006.58490795941,2006.60270000061,2450000
1469,661,0.0205920412000005,42.1911302389067,-75.7026717866792,41.4373,-74.9198,8.5415932490118,8.5210012078118,2006.58490795941,2006.60550000061,2450000
1470,1471,0.0091989613670016,41.7253056044771,-74.9628939004718,41.7878860099808,-74.8617625636796,2.7260452570696,2.7168462957026,2000.7807530473,2000.78995200867,2450000
1470,662,1.849346953,41.7253056044771,-74.9628939004718,41.856,-75.4415,4.5661932487026,2.7168462957026,2000.7807530473,2002.6301000003,2450000
1471,1485,0.00060304148669843,41.7878860099808,-74.8617625636796,41.806142833037,-75.2049711337198,2.7266482985563,2.7260452570696,2000.78995200867,2000.79055505016,2450000
1471,1472,0.279333176799998,41.7878860099808,-74.8617625636796,41.8005581333424,-74.5463684860431,3.0053784338696,2.7260452570696,2000.78995200867,2001.06928518547,2450000
1472,1473,0.0740296244200014,41.8005581333424,-74.5463684860431,41.5426197680907,-74.3838993307223,3.0794080582896,3.0053784338696,2001.06928518547,2001.14331480989,2450000
1472,1484,0.119654530800002,41.8005581333424,-74.5463684860431,41.9637107993481,-74.5368377414555,3.1250329646696,3.0053784338696,2001.06928518547,2001.18893971627,2450000
1473,1474,0.0424637235700001,41.5426197680907,-74.3838993307223,43.2201495644603,-76.2643468302157,3.1218717818596,3.0794080582896,2001.14331480989,2001.18577853346,2450000
1473,1476,0.02537829075,41.5426197680907,-74.3838993307223,41.4591012351505,-74.3256141240769,3.1047863490396,3.0794080582896,2001.14331480989,2001.16869310064,2450000
1474,1475,0.980395039599999,43.2201495644603,-76.2643468302157,44.0208734585171,-76.6899480819111,4.1022668214596,3.1218717818596,2001.18577853346,2002.16617357306,2450000
1474,665,1.814221467,43.2201495644603,-76.2643468302157,43.3215,-90.8408,4.9360932488596,3.1218717818596,2001.18577853346,2003.00000000046,2450000
1475,664,0.8338264271,44.0208734585171,-76.6899480819111,34.3257,-81.006,4.9360932485596,4.1022668214596,2002.16617357306,2003.00000000016,2450000
1475,663,1.425626427,44.0208734585171,-76.6899480819111,43.8782,-76.0425,5.5278932484596,4.1022668214596,2002.16617357306,2003.59180000006,2450000
1476,1478,0.0939085566899998,41.4591012351505,-74.3256141240769,42.0955197016937,-75.7097350166622,3.1986949057296,3.1047863490396,2001.16869310064,2001.26260165733,2450000
1476,1477,0.0393078139499998,41.4591012351505,-74.3256141240769,41.5200906803665,-73.7236670251721,3.1440941629896,3.1047863490396,2001.16869310064,2001.20800091459,2450000
1477,667,0.4522990855,41.5200906803665,-73.7236670251721,37.5729,-89.8071,3.5963932484896,3.1440941629896,2001.20800091459,2001.66030000009,2450000
1477,666,6.391999086,41.5200906803665,-73.7236670251721,41.6817,-74.1313,9.5360932489896,3.1440941629896,2001.20800091459,2007.60000000059,2450000
1478,1481,1.581085727,42.0955197016937,-75.7097350166622,41.4982819616986,-74.7051802277655,4.7797806327296,3.1986949057296,2001.26260165733,2002.84368738433,2450000
1478,1479,0.7500282081,42.0955197016937,-75.7097350166622,42.4703915245049,-76.030691388986,3.9487231138296,3.1986949057296,2001.26260165733,2002.01262986543,2450000
1479,668,1.987370135,42.4703915245049,-76.030691388986,45.2615,-87.5548,5.9360932488296,3.9487231138296,2002.01262986543,2004.00000000043,2450000
1479,1480,0.185087832900001,42.4703915245049,-76.030691388986,42.6674299348602,-75.6076327361572,4.1338109467296,3.9487231138296,2002.01262986543,2002.19771769833,2450000
1480,669,5.476282302,42.6674299348602,-75.6076327361572,42.4326,-75.0971,9.6100932487296,4.1338109467296,2002.19771769833,2007.67400000033,2450000
1480,670,3.596782302,42.6674299348602,-75.6076327361572,43.1551,-76.1956,7.7305932487296,4.1338109467296,2002.19771769833,2005.79450000033,2450000
1481,1483,0.444249145100001,41.4982819616986,-74.7051802277655,41.8794659923723,-77.322426134113,5.2240297778296,4.7797806327296,2002.84368738433,2003.28793652943,2450000
1481,1482,0.00883602352300095,41.4982819616986,-74.7051802277655,41.4193160836043,-74.8161436225809,4.7886166562526,4.7797806327296,2002.84368738433,2002.85252340785,2450000
1482,671,0.6789765921,41.4193160836043,-74.8161436225809,45.6887,-92.6179,5.4675932483526,4.7886166562526,2002.85252340785,2003.53149999995,2450000
1482,672,0.147476592099999,41.4193160836043,-74.8161436225809,38.0804,-102.4907,4.9360932483526,4.7886166562526,2002.85252340785,2002.99999999995,2450000
1483,673,3.31476347,41.8794659923723,-77.322426134113,44.2084,-73.1215,8.5387932478296,5.2240297778296,2003.28793652943,2006.60269999943,2450000
1483,674,5.26666347,41.8794659923723,-77.322426134113,41.9045,-75.5754,10.4906932478296,5.2240297778296,2003.28793652943,2008.55459999943,2450000
1484,675,1.548060284,41.9637107993481,-74.5368377414555,45.054,-69.6635,4.6730932486696,3.1250329646696,2001.18893971627,2002.73700000027,2450000
1484,676,5.526160284,41.9637107993481,-74.5368377414555,42.8856,-74.63,8.6511932486696,3.1250329646696,2001.18893971627,2006.71510000027,2450000
1485,1486,1.250073533,41.806142833037,-75.2049711337198,42.372068927658,-75.0815687923057,3.9767218315563,2.7266482985563,2000.79055505016,2002.04062858316,2450000
1485,1488,0.000731802624301281,41.806142833037,-75.2049711337198,41.7647128485742,-75.2132839946844,2.7273801011806,2.7266482985563,2000.79055505016,2000.79128685278,2450000
1486,1487,0.0423892928900003,42.372068927658,-75.0815687923057,42.1651029061197,-75.6042360853689,4.0191111244463,3.9767218315563,2002.04062858316,2002.08301787605,2450000
1486,677,1.526471417,42.372068927658,-75.0815687923057,41.7698,-75.6024,5.5031932485563,3.9767218315563,2002.04062858316,2003.56710000016,2450000
1487,678,1.645782124,42.1651029061197,-75.6042360853689,42.1377,-75.4068,5.6648932484463,4.0191111244463,2002.08301787605,2003.72880000005,2450000
1487,679,0.5498821242,42.1651029061197,-75.6042360853689,41.9579,-75.6355,4.5689932486463,4.0191111244463,2002.08301787605,2002.63290000025,2450000
1488,1489,0.348627297,41.7647128485742,-75.2132839946844,41.3900197207197,-76.2235331363989,3.0760073981806,2.7273801011806,2000.79128685278,2001.13991414978,2450000
1488,1491,0.371722155699999,41.7647128485742,-75.2132839946844,41.9607708003895,-74.7084566957379,3.0991022568806,2.7273801011806,2000.79128685278,2001.16300900848,2450000
1489,682,1.53958585,41.3900197207197,-76.2235331363989,40.365,-76.1113,4.6155932481806,3.0760073981806,2001.13991414978,2002.67949999978,2450000
1489,1490,0.035719370739999,41.3900197207197,-76.2235331363989,41.3605421651422,-76.1206900950698,3.1117267689206,3.0760073981806,2001.13991414978,2001.17563352052,2450000
1490,680,2.45176648,41.3605421651422,-76.1206900950698,41.8943,-75.5051,5.5634932489206,3.1117267689206,2001.17563352052,2003.62740000052,2450000
1490,681,1.44356648,41.3605421651422,-76.1206900950698,41.7271,-75.0901,4.5552932489206,3.1117267689206,2001.17563352052,2002.61920000052,2450000
1491,683,1.573990992,41.9607708003895,-74.7084566957379,39.7869,-77.5395,4.6730932488806,3.0991022568806,2001.16300900848,2002.73700000048,2450000
1491,1492,0.0431758789700005,41.9607708003895,-74.7084566957379,41.9554353086983,-75.5787652353714,3.1422781358506,3.0991022568806,2001.16300900848,2001.20618488745,2450000
1492,686,1.492415113,41.9554353086983,-75.5787652353714,41.9094,-76.148,4.6346932488506,3.1422781358506,2001.20618488745,2002.69860000045,2450000
1492,1493,0.0624824109600013,41.9554353086983,-75.5787652353714,41.9971982858641,-75.1264387476111,3.2047605468106,3.1422781358506,2001.20618488745,2001.26866729841,2450000
1493,684,4.432732702,41.9971982858641,-75.1264387476111,41.9465,-75.8508,7.6374932488106,3.2047605468106,2001.26866729841,2005.70140000041,2450000
1493,685,1.465532702,41.9971982858641,-75.1264387476111,41.6804,-72.8906,4.6702932488106,3.2047605468106,2001.26866729841,2002.73420000041,2450000
1494,687,1.456716549,41.8611846422751,-75.8461233243441,41.9917,-75.9682,4.5387932486538,3.0820766996538,2001.14598345125,2002.60270000025,2450000
1494,1495,3.999818687,41.8611846422751,-75.8461233243441,41.6077002872159,-77.311529086946,7.0818953866538,3.0820766996538,2001.14598345125,2005.14580213825,2450000
1495,1496,0.481337332899999,41.6077002872159,-77.311529086946,41.9275017324117,-75.67187255997,7.5632327195538,7.0818953866538,2005.14580213825,2005.62713947115,2450000
1495,690,1.434997862,41.6077002872159,-77.311529086946,41.0005,-76.9698,8.5168932486538,7.0818953866538,2005.14580213825,2006.58080000025,2450000
1496,688,0.942760529100001,41.9275017324117,-75.67187255997,41.899,-76.8069,8.5059932486538,7.5632327195538,2005.62713947115,2006.56990000025,2450000
1496,689,0.983860529100001,41.9275017324117,-75.67187255997,38.7654,-75.6907,8.5470932486538,7.5632327195538,2005.62713947115,2006.61100000025,2450000
1497,1498,0.0191975861799989,41.6846850792928,-75.2880735988908,41.6899303305894,-75.2868982785554,2.7231835047088,2.7039859185288,2000.76789267013,2000.78709025631,2450000
1497,1520,0.0216069640899992,41.6846850792928,-75.2880735988908,41.7018715115184,-75.2212762025238,2.7255928826188,2.7039859185288,2000.76789267013,2000.78949963422,2450000
1498,713,2.823909744,41.6899303305894,-75.2868982785554,41.8143,-75.6605,5.5470932487088,2.7231835047088,2000.78709025631,2003.61100000031,2450000
1498,1499,0.0607294607900002,41.6899303305894,-75.2868982785554,41.6692006686311,-75.2347858426578,2.7839129654988,2.7231835047088,2000.78709025631,2000.8478197171,2450000
1499,1500,0.244288258499999,41.6692006686311,-75.2347858426578,41.5542738062021,-75.0094145218026,3.0282012239988,2.7839129654988,2000.8478197171,2001.0921079756,2450000
1499,712,4.700080283,41.6692006686311,-75.2347858426578,41.1266,-75.5119,7.4839932484988,2.7839129654988,2000.8478197171,2005.5479000001,2450000
1500,711,2.595592024,41.5542738062021,-75.0094145218026,41.0707,-75.2217,5.6237932479988,3.0282012239988,2001.0921079756,2003.6876999996,2450000
1500,1501,0.0224715044700012,41.5542738062021,-75.0094145218026,41.5666904010961,-75.0879434490995,3.0506727284688,3.0282012239988,2001.0921079756,2001.11457948007,2450000
1501,1502,0.6980604773,41.5666904010961,-75.0879434490995,40.9229828196665,-75.127524691717,3.7487332057688,3.0506727284688,2001.11457948007,2001.81263995737,2450000
1501,710,2.53472052,41.5666904010961,-75.0879434490995,41.3642,-75.2479,5.5853932484688,3.0506727284688,2001.11457948007,2003.64930000007,2450000
1502,1503,0.00268920689699925,40.9229828196665,-75.127524691717,40.8984415119006,-75.190505322093,3.7514224126658,3.7487332057688,2001.81263995737,2001.81532916426,2450000
1502,709,1.801060043,40.9229828196665,-75.127524691717,41.2228,-75.7359,5.5497932487688,3.7487332057688,2001.81263995737,2003.61370000037,2450000
1503,1504,0.3134123009,40.8984415119006,-75.190505322093,41.0924919909339,-74.8143431042184,4.0648347135658,3.7514224126658,2001.81532916426,2002.12874146516,2450000
1503,691,1.836770836,40.8984415119006,-75.190505322093,41.3586,-77.3405,5.5881932486658,3.7514224126658,2001.81532916426,2003.65210000026,2450000
1504,692,1.613758535,41.0924919909339,-74.8143431042184,43.2602,-76.023,5.6785932485658,4.0648347135658,2002.12874146516,2003.74250000016,2450000
1504,1505,0.693249431,41.0924919909339,-74.8143431042184,41.6015176197951,-74.014770184699,4.7580841445658,4.0648347135658,2002.12874146516,2002.82199089616,2450000
1505,1517,0.4030618286,41.6015176197951,-74.014770184699,41.2385411705564,-75.8074590343296,5.1611459731658,4.7580841445658,2002.82199089616,2003.22505272476,2450000
1505,1506,0.0309012057100002,41.6015176197951,-74.014770184699,41.705466008045,-73.9889361704767,4.7889853502758,4.7580841445658,2002.82199089616,2002.85289210187,2450000
1506,1507,0.00627152364899963,41.705466008045,-73.9889361704767,41.6782188346782,-73.7756988230607,4.7952568739248,4.7889853502758,2002.85289210187,2002.85916362552,2450000
1506,1515,0.938342383,41.705466008045,-73.9889361704767,41.7350685504657,-75.0494883867864,5.7273277332758,4.7889853502758,2002.85289210187,2003.79123448487,2450000
1507,1514,0.0155854385899996,41.6782188346782,-73.7756988230607,41.6811608088388,-73.7647252116178,4.8108423125148,4.7952568739248,2002.85916362552,2002.87474906411,2450000
1507,1508,0.276410861599999,41.6782188346782,-73.7756988230607,41.7163405221935,-73.8508308659053,5.0716677355248,4.7952568739248,2002.85916362552,2003.13557448712,2450000
1508,1509,1.916770082,41.7163405221935,-73.8508308659053,41.6122300603414,-75.3859531845974,6.9884378175248,5.0716677355248,2003.13557448712,2005.05234456912,2450000
1508,699,2.491825513,41.7163405221935,-73.8508308659053,42.703,-72.1205,7.5634932485248,5.0716677355248,2003.13557448712,2005.62740000012,2450000
1509,1510,0.0486296865,41.6122300603414,-75.3859531845974,41.6204162110698,-75.4819884455439,7.0370675040248,6.9884378175248,2005.05234456912,2005.10097425562,2450000
1509,1511,0.01345398612,41.6122300603414,-75.3859531845974,41.6157766591689,-74.9989695602598,7.0018918036448,6.9884378175248,2005.05234456912,2005.06579855524,2450000
1510,694,0.499025744100001,41.6204162110698,-75.4819884455439,41.626,-75.6994,7.5360932481248,7.0370675040248,2005.10097425562,2005.59999999972,2450000
1510,693,0.466125744099999,41.6204162110698,-75.4819884455439,41.6456,-75.5387,7.5031932481248,7.0370675040248,2005.10097425562,2005.56709999972,2450000
1511,1512,0.0577353214600009,41.6157766591689,-74.9989695602598,41.590053011528,-75.2883519434651,7.0596271251048,7.0018918036448,2005.06579855524,2005.1235338767,2450000
1511,1513,0.0583401737199996,41.6157766591689,-74.9989695602598,41.6955059750026,-75.1443734160406,7.0602319773648,7.0018918036448,2005.06579855524,2005.12413872896,2450000
1512,696,0.481966122999999,41.590053011528,-75.2883519434651,41.6103,-75.4354,7.5415932481048,7.0596271251048,2005.1235338767,2005.6054999997,2450000
1512,695,0.495666122999999,41.590053011528,-75.2883519434651,41.045,-75.6254,7.5552932481048,7.0596271251048,2005.1235338767,2005.6191999997,2450000
1513,697,0.618361270700001,41.6955059750026,-75.1443734160406,41.0718,-75.7118,7.6785932480648,7.0602319773648,2005.12413872896,2005.74249999966,2450000
1513,698,0.582661270699999,41.6955059750026,-75.1443734160406,41.7525,-75.8046,7.6428932480648,7.0602319773648,2005.12413872896,2005.70679999966,2450000
1514,700,3.763650936,41.6811608088388,-73.7647252116178,35.058,-82.1994,8.5744932485148,4.8108423125148,2002.87474906411,2006.63840000011,2450000
1514,701,3.832050936,41.6811608088388,-73.7647252116178,44.7925,-73.298,8.6428932485148,4.8108423125148,2002.87474906411,2006.70680000011,2450000
1515,1516,0.231429734799999,41.7350685504657,-75.0494883867864,42.0240209019786,-74.9343540248825,5.9587574680758,5.7273277332758,2003.79123448487,2004.02266421967,2450000
1515,704,0.8153655152,41.7350685504657,-75.0494883867864,41.796,-74.5903,6.5426932484758,5.7273277332758,2003.79123448487,2004.60660000007,2450000
1516,702,0.723235780400001,42.0240209019786,-74.9343540248825,41.1318,-74.8257,6.6819932484758,5.9587574680758,2004.02266421967,2004.74590000007,2450000
1516,703,0.679535780400002,42.0240209019786,-74.9343540248825,41.8695,-75.5756,6.6382932484758,5.9587574680758,2004.02266421967,2004.70220000007,2450000
1517,1518,1.622829891,41.2385411705564,-75.8074590343296,41.5193842999203,-75.3116888984367,6.7839758641658,5.1611459731658,2003.22505272476,2004.84788261576,2450000
1517,708,1.463447275,41.2385411705564,-75.8074590343296,41.4047,-75.369,6.6245932481658,5.1611459731658,2003.22505272476,2004.68849999976,2450000
1518,1519,1.938485873,41.5193842999203,-75.3116888984367,40.6120884261253,-78.5629112807614,8.7224617371658,6.7839758641658,2004.84788261576,2006.78636848876,2450000
1518,705,0.850717384500001,41.5193842999203,-75.3116888984367,40.6835,-78.6721,7.6346932486658,6.7839758641658,2004.84788261576,2005.69860000026,2450000
1519,706,0.7752315119,40.6120884261253,-78.5629112807614,40.3087,-78.6694,9.4976932490658,8.7224617371658,2006.78636848876,2007.56160000066,2450000
1519,707,0.813631511900001,40.6120884261253,-78.5629112807614,40.6492,-78.9361,9.5360932490658,8.7224617371658,2006.78636848876,2007.60000000066,2450000
1520,1522,0.3121394036,41.7018715115184,-75.2212762025238,41.6883539434902,-73.9100169613339,3.0377322862188,2.7255928826188,2000.78949963422,2001.10163903782,2450000
1520,1521,0.1136072097,41.7018715115184,-75.2212762025238,41.7074819053113,-75.1833290746724,2.8392000923188,2.7255928826188,2000.78949963422,2000.90310684392,2450000
1521,715,0.855793156200001,41.7074819053113,-75.1833290746724,47.6606,-120.1086,3.6949932485188,2.8392000923188,2000.90310684392,2001.75890000012,2450000
1521,714,2.850293156,41.7074819053113,-75.1833290746724,43.7664,-71.5832,5.6894932483188,2.8392000923188,2000.90310684392,2003.75339999992,2450000
1522,716,2.512060962,41.6883539434902,-73.9100169613339,42.6625,-78.6013,5.5497932482188,3.0377322862188,2001.10163903782,2003.61369999982,2450000
1522,717,3.280860962,41.6883539434902,-73.9100169613339,41.2917,-72.7578,6.3185932482188,3.0377322862188,2001.10163903782,2004.38249999982,2450000
1523,719,0.118923496300003,42.6716045272665,-79.0112613073398,43.3812,-75.1407,1.93609324855,1.81716975225,1999.88107650385,2000.00000000015,2450000
1523,1524,0.609344569100003,42.6716045272665,-79.0112613073398,42.6509080720682,-80.1287244055008,2.42651432135,1.81716975225,1999.88107650385,2000.49042107295,2450000
1524,1525,0.215812268899999,42.6509080720682,-80.1287244055008,43.4563272588153,-83.7709427998731,2.64232659025,2.42651432135,2000.49042107295,2000.70623334185,2450000
1524,1529,0.151467662599998,42.6509080720682,-80.1287244055008,41.8434765222553,-84.3824183249764,2.57798198395,2.42651432135,2000.49042107295,2000.64188873555,2450000
1525,1526,0.0221733846799985,43.4563272588153,-83.7709427998731,43.3304121698911,-83.8771142953313,2.66449997493,2.64232659025,2000.70623334185,2000.72840672653,2450000
1525,720,2.293766658,43.4563272588153,-83.7709427998731,43.9373,-87.9211,4.93609324825,2.64232659025,2000.70623334185,2002.99999999985,2450000
1526,721,0.9866932736,43.3304121698911,-83.8771142953313,48.6494,-106.5415,3.65119324853,2.66449997493,2000.72840672653,2001.71510000013,2450000
1526,1527,0.0568601246300009,43.3304121698911,-83.8771142953313,43.3501065802021,-83.7265666842949,2.72136009956,2.66449997493,2000.72840672653,2000.78526685116,2450000
1527,1528,0.933001710000001,43.3501065802021,-83.7265666842949,43.5705872754803,-85.1896029859472,3.65436180956,2.72136009956,2000.78526685116,2001.71826856116,2450000
1527,722,0.951733149000001,43.3501065802021,-83.7265666842949,44.4343,-87.5012,3.67309324856,2.72136009956,2000.78526685116,2001.73700000016,2450000
1528,723,0.0187314389799997,43.5705872754803,-85.1896029859472,47.482,-105.0103,3.67309324854,3.65436180956,2001.71826856116,2001.73700000014,2450000
1528,724,0.0187314389799997,43.5705872754803,-85.1896029859472,43.4083,-85.2007,3.67309324854,3.65436180956,2001.71826856116,2001.73700000014,2450000
1529,1533,0.0492970545400002,41.8434765222553,-84.3824183249764,41.7012815631441,-84.4505789072899,2.62727903849,2.57798198395,2000.64188873555,2000.69118579009,2450000
1529,1530,0.1244743568,41.8434765222553,-84.3824183249764,41.8341054985635,-84.4034970699402,2.70245634075,2.57798198395,2000.64188873555,2000.76636309235,2450000
1530,1531,0.348268303699999,41.8341054985635,-84.4034970699402,41.0463076756508,-83.0919672479805,3.05072464445,2.70245634075,2000.76636309235,2001.11463139605,2450000
1530,728,1.233636908,41.8341054985635,-84.4034970699402,41.8196,-84.4588,3.93609324875,2.70245634075,2000.76636309235,2002.00000000035,2450000
1531,1532,0.0825051576299991,41.0463076756508,-83.0919672479805,41.1580620168105,-82.8647185116863,3.13322980208,3.05072464445,2001.11463139605,2001.19713655368,2450000
1531,725,0.6031686041,41.0463076756508,-83.0919672479805,40.8317,-84.9322,3.65389324855,3.05072464445,2001.11463139605,2001.71780000015,2450000
1532,727,0.550763446500001,41.1580620168105,-82.8647185116863,41.6002,-83.4912,3.68399324858,3.13322980208,2001.19713655368,2001.74790000018,2450000
1532,726,1.501463446,41.1580620168105,-82.8647185116863,37.1201,-80.4124,4.63469324808,3.13322980208,2001.19713655368,2002.69859999968,2450000
1533,1539,0.031680949810001,41.7012815631441,-84.4505789072899,41.6853510372425,-84.5144417757206,2.6589599883,2.62727903849,2000.69118579009,2000.7228667399,2450000
1533,1534,0.0774917408100002,41.7012815631441,-84.4505789072899,38.7198827179748,-84.3268743902261,2.7047707793,2.62727903849,2000.69118579009,2000.7686775309,2450000
1534,729,0.9327224693,38.7198827179748,-84.3268743902261,28.1672,-98.3137,3.6374932486,2.7047707793,2000.7686775309,2001.7014000002,2450000
1534,1535,0.00681864011099975,38.7198827179748,-84.3268743902261,38.722495056924,-84.2061564793277,2.711589419411,2.7047707793,2000.7686775309,2000.77549617101,2450000
1535,734,0.224503829200001,38.722495056924,-84.2061564793277,42.2503,-108.2135,2.936093248611,2.711589419411,2000.77549617101,2001.00000000021,2450000
1535,1536,0.286064511899999,38.722495056924,-84.2061564793277,38.5868077189579,-84.177718373221,2.997653931311,2.711589419411,2000.77549617101,2001.06156068291,2450000
1536,1537,0.137432719100001,38.5868077189579,-84.177718373221,37.7964087017579,-83.0211463505082,3.135086650411,2.997653931311,2001.06156068291,2001.19899340201,2450000
1536,1538,0.527197284700001,38.5868077189579,-84.177718373221,38.6344229436688,-84.2179156027645,3.524851216011,2.997653931311,2001.06156068291,2001.58875796761,2450000
1537,730,0.535206598199998,37.7964087017579,-83.0211463505082,33.0875,-83.0637,3.670293248611,3.135086650411,2001.19899340201,2001.73420000021,2450000
1537,731,0.535206598199998,37.7964087017579,-83.0211463505082,31.5869,-82.0945,3.670293248611,3.135086650411,2001.19899340201,2001.73420000021,2450000
1538,733,0.2085420326,38.6344229436688,-84.2179156027645,34.5209,-88.1137,3.733393248611,3.524851216011,2001.58875796761,2001.79730000021,2450000
1538,732,0.148242032599999,38.6344229436688,-84.2179156027645,32.932,-90.8141,3.673093248611,3.524851216011,2001.58875796761,2001.73700000021,2450000
1539,735,1.10723326,41.6853510372425,-84.5144417757206,42.9201,-91.9841,3.7661932483,2.6589599883,2000.7228667399,2001.8300999999,2450000
1539,1540,0.0565060208099997,41.6853510372425,-84.5144417757206,41.7197411806864,-84.3540830946899,2.71546600911,2.6589599883,2000.7228667399,2000.77937276071,2450000
1540,1546,0.00308428826299867,41.7197411806864,-84.3540830946899,41.5985187970619,-84.4881403295549,2.718550297373,2.71546600911,2000.77937276071,2000.78245704897,2450000
1540,1541,0.3168258205,41.7197411806864,-84.3540830946899,41.7982529567948,-83.926637916096,3.03229182961,2.71546600911,2000.77937276071,2001.09619858121,2450000
1541,741,0.6024014189,41.7982529567948,-83.926637916096,30.4413,-83.1357,3.63469324851,3.03229182961,2001.09619858121,2001.69860000011,2450000
1541,1542,0.0399400418999996,41.7982529567948,-83.926637916096,41.841976087996,-83.8998508758707,3.07223187151,3.03229182961,2001.09619858121,2001.13613862311,2450000
1542,1543,0.0189327413899996,41.841976087996,-83.8998508758707,41.7872132724437,-84.2157435554817,3.0911646129,3.07223187151,2001.13613862311,2001.1550713645,2450000
1542,1544,0.991367173799999,41.841976087996,-83.8998508758707,40.5524275732069,-87.084936177347,4.06359904531,3.07223187151,2001.13613862311,2002.12750579691,2450000
1543,736,0.6011286356,41.7872132724437,-84.2157435554817,41.8399,-84.737,3.6922932485,3.0911646129,2001.1550713645,2001.7562000001,2450000
1543,737,1.486028636,41.7872132724437,-84.2157435554817,42.9203,-83.3153,4.5771932489,3.0911646129,2001.1550713645,2002.6411000005,2450000
1544,738,0.8724942032,40.5524275732069,-87.084936177347,40.4988,-86.8885,4.93609324851,4.06359904531,2002.12750579691,2003.00000000011,2450000
1544,1545,0.772528190400001,40.5524275732069,-87.084936177347,41.0116063777446,-86.918384108289,4.83612723571,4.06359904531,2002.12750579691,2002.90003398731,2450000
1545,739,0.8862660128,41.0116063777446,-86.918384108289,40.9737,-86.5541,5.72239324851,4.83612723571,2002.90003398731,2003.78630000011,2450000
1545,740,0.746566012800001,41.0116063777446,-86.918384108289,41.327,-87.7322,5.58269324851,4.83612723571,2002.90003398731,2003.64660000011,2450000
1546,1547,0.0749903910900009,41.5985187970619,-84.4881403295549,41.7094309570964,-84.034848474506,2.793540688463,2.718550297373,2000.78245704897,2000.85744744006,2450000
1546,1549,0.0116637890600018,41.5985187970619,-84.4881403295549,41.572527759855,-84.4472761670708,2.730214086433,2.718550297373,2000.78245704897,2000.79412083803,2450000
1547,742,0.8439525601,41.7094309570964,-84.034848474506,42.0221,-84.2975,3.637493248563,2.793540688463,2000.85744744006,2001.70140000016,2450000
1547,1548,0.2867166572,41.7094309570964,-84.034848474506,41.9238326957422,-83.7433668882166,3.080257345663,2.793540688463,2000.85744744006,2001.14416409726,2450000
1548,743,3.265635903,41.9238326957422,-83.7433668882166,35.3414,-82.3185,6.345893248663,3.080257345663,2001.14416409726,2004.40980000026,2450000
1548,744,0.606535902900001,41.9238326957422,-83.7433668882166,44.0861,-71.1777,3.686793248563,3.080257345663,2001.14416409726,2001.75070000016,2450000
1549,747,1.205879162,41.572527759855,-84.4472761670708,37.7991,-86.2212,3.936093248433,2.730214086433,2000.79412083803,2002.00000000003,2450000
1549,1550,0.218162297899999,41.572527759855,-84.4472761670708,42.1557699597808,-84.0397259316144,2.948376384333,2.730214086433,2000.79412083803,2001.01228313593,2450000
1550,746,0.689116864299999,42.1557699597808,-84.0397259316144,42.0381,-84.2003,3.637493248633,2.948376384333,2001.01228313593,2001.70140000023,2450000
1550,745,0.987716864299999,42.1557699597808,-84.0397259316144,33.2972,-84.2987,3.936093248633,2.948376384333,2001.01228313593,2002.00000000023,2450000
1551,771,1.380838259,41.5404398096154,-73.6967529481603,40.7261,-74.3476,1.67309324815,0.292254989149999,1998.35616174075,1999.73699999975,2450000
1551,1552,1.207186728,41.5404398096154,-73.6967529481603,41.2693006979472,-73.4386656263055,1.49944171715,0.292254989149999,1998.35616174075,1999.56334846875,2450000
1552,1554,1.082007119,41.2693006979472,-73.4386656263055,41.3415261344349,-73.5540929823212,2.58144883615,1.49944171715,1999.56334846875,2000.64535558775,2450000
1552,1553,0.0054988715280011,41.2693006979472,-73.4386656263055,41.2595011499551,-73.50874185393,1.504940588678,1.49944171715,1999.56334846875,1999.56884734028,2450000
1553,749,1.14425266,41.2595011499551,-73.50874185393,41.2355,-74.2835,2.649193248678,1.504940588678,1999.56884734028,2000.71310000028,2450000
1553,750,0.431152659799999,41.2595011499551,-73.50874185393,40.9315,-74.3007,1.936093248478,1.504940588678,1999.56884734028,2000.00000000008,2450000
1554,1555,0.117567805,41.3415261344349,-73.5540929823212,41.1397567178871,-73.8033046725315,2.69901664115,2.58144883615,2000.64535558775,2000.76292339275,2450000
1554,1565,0.1081397807,41.3415261344349,-73.5540929823212,41.5712950610749,-74.1146246713684,2.68958861685,2.58144883615,2000.64535558775,2000.75349536845,2450000
1555,1556,0.00698325497100072,41.1397567178871,-73.8033046725315,41.2629141790312,-73.6214022659478,2.705999896121,2.69901664115,2000.76292339275,2000.76990664772,2450000
1555,1562,0.0286580179700007,41.1397567178871,-73.8033046725315,41.1399223168603,-73.7729603007113,2.72767465912,2.69901664115,2000.76292339275,2000.79158141072,2450000
1556,1558,0.2279507786,41.2629141790312,-73.6214022659478,41.2715447689778,-73.6740874688597,2.933950674721,2.705999896121,2000.76990664772,2000.99785742632,2450000
1556,1557,2.503144743,41.2629141790312,-73.6214022659478,40.1324671319043,-74.4611935433713,5.209144639121,2.705999896121,2000.76990664772,2003.27305139072,2450000
1557,751,0.3570486098,40.1324671319043,-74.4611935433713,40.1116,-74.5991,5.566193248921,5.209144639121,2003.27305139072,2003.63010000052,2450000
1557,752,0.376248609800001,40.1324671319043,-74.4611935433713,40.0552,-74.1484,5.585393248921,5.209144639121,2003.27305139072,2003.64930000052,2450000
1558,1560,0.140628466299999,41.2715447689778,-73.6740874688597,41.1917700626054,-73.056607181194,3.074579141021,2.933950674721,2000.99785742632,2001.13848589262,2450000
1558,1559,0.843231743899999,41.2715447689778,-73.6740874688597,41.0551639692654,-73.7316983320478,3.777182418621,2.933950674721,2000.99785742632,2001.84108917022,2450000
1559,753,0.879410829700001,41.0551639692654,-73.7316983320478,41.2558,-73.586,4.656593248321,3.777182418621,2001.84108917022,2002.72049999992,2450000
1559,754,1.15891083,41.0551639692654,-73.7316983320478,41.3715,-73.5009,4.936093248621,3.777182418621,2001.84108917022,2003.00000000022,2450000
1560,1561,0.0127848617400002,41.1917700626054,-73.056607181194,41.1949444553055,-73.8761781723208,3.087364002761,3.074579141021,2001.13848589262,2001.15127075436,2450000
1560,755,1.609414107,41.1917700626054,-73.056607181194,37.4209,-77.0997,4.683993248021,3.074579141021,2001.13848589262,2002.74789999962,2450000
1561,756,1.448729246,41.1949444553055,-73.8761781723208,41.8017,-74.3402,4.536093248761,3.087364002761,2001.15127075436,2002.60000000036,2450000
1561,757,0.467929245600001,41.1949444553055,-73.8761781723208,41.2235,-74.1833,3.555293248361,3.087364002761,2001.15127075436,2001.61919999996,2450000
1562,761,1.882418589,41.1399223168603,-73.7729603007113,41.0415,-73.5721,4.61009324812,2.72767465912,2000.79158141072,2002.67399999972,2450000
1562,1563,0.3500671139,41.1399223168603,-73.7729603007113,40.878501177174,-73.5649635015626,3.07774177302,2.72767465912,2000.79158141072,2001.14164852462,2450000
1563,758,0.7049514754,40.878501177174,-73.5649635015626,41.1227,-73.4603,3.78269324842,3.07774177302,2001.14164852462,2001.84660000002,2450000
1563,1564,0.0235727665999992,40.878501177174,-73.5649635015626,41.1438857320071,-73.1306470484147,3.10131453962,3.07774177302,2001.14164852462,2001.16522129122,2450000
1564,759,1.530678709,41.1438857320071,-73.1306470484147,41.2326,-73.2298,4.63199324862,3.10131453962,2001.16522129122,2002.69590000022,2450000
1564,760,1.448478709,41.1438857320071,-73.1306470484147,41.1789,-73.475,4.54979324862,3.10131453962,2001.16522129122,2002.61370000022,2450000
1565,1567,0.0205351784800012,41.5712950610749,-74.1146246713684,41.3424988720361,-73.9699151390811,2.71012379533,2.68958861685,2000.75349536845,2000.77403054693,2450000
1565,1566,0.0377849627500009,41.5712950610749,-74.1146246713684,41.5941301832988,-74.1200656929344,2.7273735796,2.68958861685,2000.75349536845,2000.7912803312,2450000
1566,763,0.959419668800001,41.5941301832988,-74.1200656929344,41.344,-75.1752,3.6867932484,2.7273735796,2000.7912803312,2001.7507,2450000
1566,762,0.852519668799999,41.5941301832988,-74.1200656929344,32.1674,-90.1009,3.5798932484,2.7273735796,2000.7912803312,2001.6438,2450000
1567,1568,0.2716217606,41.3424988720361,-73.9699151390811,41.1769441831497,-74.9046479737776,2.98174555593,2.71012379533,2000.77403054693,2001.04565230753,2450000
1567,764,1.056069453,41.3424988720361,-73.9699151390811,41.3168,-73.826,3.76619324833,2.71012379533,2000.77403054693,2001.83009999993,2450000
1568,1569,0.057715471909999,41.1769441831497,-74.9046479737776,41.7841658986303,-74.9880905297681,3.03946102784,2.98174555593,2001.04565230753,2001.10336777944,2450000
1568,1572,0.041528487079999,41.1769441831497,-74.9046479737776,41.3935670248303,-75.0235398472434,3.02327404301,2.98174555593,2001.04565230753,2001.08718079461,2450000
1569,765,0.6144322205,41.7841658986303,-74.9880905297681,40.756,-74.1299,3.65389324834,3.03946102784,2001.10336777944,2001.71779999994,2450000
1569,1570,0.1859276522,41.7841658986303,-74.9880905297681,41.5633135134507,-74.5195605931076,3.22538868004,3.03946102784,2001.10336777944,2001.28929543164,2450000
1570,1571,0.6196418378,41.5633135134507,-74.5195605931076,41.4490286638048,-74.7780933324122,3.84503051784,3.22538868004,2001.28929543164,2001.90893726944,2450000
1570,766,0.3491045684,41.5633135134507,-74.5195605931076,41.6078,-74.1587,3.57449324844,3.22538868004,2001.28929543164,2001.63840000004,2450000
1571,767,0.7705627306,41.4490286638048,-74.7780933324122,40.3256,-75.5096,4.61559324844,3.84503051784,2001.90893726944,2002.67950000004,2450000
1571,768,0.6362627306,41.4490286638048,-74.7780933324122,41.3694,-73.8576,4.48129324844,3.84503051784,2001.90893726944,2002.54520000004,2450000
1572,769,0.6224192054,41.3935670248303,-75.0235398472434,41.7977,-74.4545,3.64569324841,3.02327404301,2001.08718079461,2001.70960000001,2450000
1572,770,0.726519205400001,41.3935670248303,-75.0235398472434,41.3971,-76.258,3.74979324841,3.02327404301,2001.08718079461,2001.81370000001,2450000
1573,1576,0.523092498900002,41.2149332946443,-74.0364127715762,41.0107436885216,-74.5671623221732,2.56671279893,2.04362030003,2000.10752705163,2000.63061955053,2450000
1573,1574,0.677929771600001,41.2149332946443,-74.0364127715762,41.1312210114501,-74.0001090156621,2.72155007163,2.04362030003,2000.10752705163,2000.78545682323,2450000
1574,774,1.948743177,41.1312210114501,-74.0001090156621,40.9255,-73.8428,4.67029324863,2.72155007163,2000.78545682323,2002.73420000023,2450000
1574,1575,0.000406175467899672,41.1312210114501,-74.0001090156621,41.1381818821793,-73.992982802299,2.7219562470979,2.72155007163,2000.78545682323,2000.7858629987,2450000
1575,773,1.893637002,41.1381818821793,-73.992982802299,41.6338,-73.6957,4.6155932490979,2.7219562470979,2000.7858629987,2002.6795000007,2450000
1575,772,1.904537002,41.1381818821793,-73.992982802299,41.081,-74.0295,4.6264932490979,2.7219562470979,2000.7858629987,2002.6904000007,2450000
1576,775,0.0360804497399982,41.0107436885216,-74.5671623221732,40.9525,-74.1056,2.60279324867,2.56671279893,2000.63061955053,2000.66670000027,2450000
1576,1577,0.133918835399998,41.0107436885216,-74.5671623221732,40.932909057004,-73.5897282893656,2.70063163433,2.56671279893,2000.63061955053,2000.76453838593,2450000
1577,776,0.920361614400001,40.932909057004,-73.5897282893656,40.686,-74.54,3.62099324873,2.70063163433,2000.76453838593,2001.68490000033,2450000
1577,1578,0.5782878234,40.932909057004,-73.5897282893656,40.9654369750053,-73.8403651357823,3.27891945773,2.70063163433,2000.76453838593,2001.34282620933,2450000
1578,778,0.355773790900001,40.9654369750053,-73.8403651357823,40.9313,-73.9298,3.63469324863,3.27891945773,2001.34282620933,2001.69860000023,2450000
1578,777,2.287273791,40.9654369750053,-73.8403651357823,43.035,-72.7976,5.56619324873,3.27891945773,2001.34282620933,2003.63010000033,2450000
1579,800,2.533068947,41.0526289898114,-74.2678098335045,41.7395,-74.0822,2.6573932481,0.1243243011,1998.1882310527,2000.7212999997,2450000
1579,1580,0.000655586168701205,41.0526289898114,-74.2678098335045,41.063829623209,-74.2645804962597,0.124979887268701,0.1243243011,1998.1882310527,1998.18888663887,2450000
1580,1588,0.0505983677799975,41.063829623209,-74.2645804962597,41.0648979407978,-74.2594186718196,0.175578255048698,0.124979887268701,1998.18888663887,1998.23948500665,2450000
1580,1581,0.0056015706389978,41.063829623209,-74.2645804962597,41.049549766592,-74.4328230756439,0.130581457907699,0.124979887268701,1998.18888663887,1998.19448820951,2450000
1581,1587,0.148967710800001,41.049549766592,-74.4328230756439,41.4921023085954,-73.839499625253,0.2795491687077,0.130581457907699,1998.19448820951,1998.34345592031,2450000
1581,1582,0.1070664374,41.049549766592,-74.4328230756439,41.0668770475104,-74.5399643801293,0.237647895307699,0.130581457907699,1998.19448820951,1998.30155464691,2450000
1582,784,0.698445353300002,41.0668770475104,-74.5399643801293,41.0642,-74.1495,0.936093248607701,0.237647895307699,1998.30155464691,1999.00000000021,2450000
1582,1583,0.0450672887600021,41.0668770475104,-74.5399643801293,41.2100193026751,-74.0932696342879,0.282715184067701,0.237647895307699,1998.30155464691,1998.34662193567,2450000
1583,1584,2.429840148,41.2100193026751,-74.0932696342879,41.3707309735794,-74.4080129776056,2.7125553320677,0.282715184067701,1998.34662193567,2000.77646208367,2450000
1583,1586,0.0131238458799992,41.2100193026751,-74.0932696342879,41.1607943553268,-74.3335357661488,0.2958390299477,0.282715184067701,1998.34662193567,1998.35974578155,2450000
1584,779,0.8482379166,41.3707309735794,-74.4080129776056,41.3486,-74.3858,3.5607932486677,2.7125553320677,2000.77646208367,2001.62470000027,2450000
1584,1585,0.4360658887,41.3707309735794,-74.4080129776056,41.6160466455272,-74.3232927191075,3.1486212207677,2.7125553320677,2000.77646208367,2001.21252797237,2450000
1585,781,0.4915720279,41.6160466455272,-74.3232927191075,41.3834,-74.1089,3.6401932486677,3.1486212207677,2001.21252797237,2001.70410000027,2450000
1585,780,0.466972027900001,41.6160466455272,-74.3232927191075,42.1806,-73.9028,3.6155932486677,3.1486212207677,2001.21252797237,2001.67950000027,2450000
1586,782,1.295054219,41.1607943553268,-74.3335357661488,42.5398,-72.9864,1.5908932489477,0.2958390299477,1998.35974578155,1999.65480000055,2450000
1586,783,0.640254218599999,41.1607943553268,-74.3335357661488,41.4892,-74.5211,0.936093248547699,0.2958390299477,1998.35974578155,1999.00000000015,2450000
1587,785,1.36064408,41.4921023085954,-73.839499625253,41.3267,-74.2917,1.6401932487077,0.2795491687077,1998.34345592031,1999.70410000031,2450000
1587,786,4.36614408,41.4921023085954,-73.839499625253,41.4778,-74.0018,4.6456932487077,0.2795491687077,1998.34345592031,2002.70960000031,2450000
1588,1589,0.0243019402500018,41.0648979407978,-74.2594186718196,41.0460900327805,-74.356079429442,0.1998801952987,0.175578255048698,1998.23948500665,1998.2637869469,2450000
1588,1595,0.0823416606000009,41.0648979407978,-74.2594186718196,41.1411327049937,-74.3363605783477,0.257919915648699,0.175578255048698,1998.23948500665,1998.32182666725,2450000
1589,1590,0.0214507660899983,41.0460900327805,-74.356079429442,41.0063845074477,-74.5767865442992,0.221330961388698,0.1998801952987,1998.2637869469,1998.28523771299,2450000
1589,793,2.260813053,41.0460900327805,-74.356079429442,41.5217,-74.0078,2.4606932482987,0.1998801952987,1998.2637869469,2000.5245999999,2450000
1590,1592,1.284658055,41.0063845074477,-74.5767865442992,40.973950606019,-74.6349265080964,1.5059890163887,0.221330961388698,1998.28523771299,1999.56989576799,2450000
1590,1591,1.317375866,41.0063845074477,-74.5767865442992,41.2413269149741,-74.0956971142249,1.5387068273887,0.221330961388698,1998.28523771299,1999.60261357899,2450000
1591,788,0.397386421,41.2413269149741,-74.0956971142249,40.9511,-74.3281,1.9360932483887,1.5387068273887,1999.60261357899,1999.99999999999,2450000
1591,787,1.118686421,41.2413269149741,-74.0956971142249,42.1456,-75.1468,2.6573932483887,1.5387068273887,1999.60261357899,2000.72129999999,2450000
1592,1593,1.211798461,40.973950606019,-74.6349265080964,41.2970032452361,-76.3399767904764,2.7177874773887,1.5059890163887,1999.56989576799,2000.78169422899,2450000
1592,1594,0.0355294352400009,40.973950606019,-74.6349265080964,40.9793354079034,-74.6447756646816,1.5415184516287,1.5059890163887,1999.56989576799,1999.60542520323,2450000
1593,790,0.9306057705,41.2970032452361,-76.3399767904764,41.2742,-76.5284,3.6483932478887,2.7177874773887,2000.78169422899,2001.71229999949,2450000
1593,789,0.969005770499999,41.2970032452361,-76.3399767904764,41.4043,-76.2502,3.6867932478887,2.7177874773887,2000.78169422899,2001.75069999949,2450000
1594,792,1.061274797,40.9793354079034,-74.6447756646816,41.0489,-74.4225,2.6027932486287,1.5415184516287,1999.60542520323,2000.66670000023,2450000
1594,791,1.113174797,40.9793354079034,-74.6447756646816,41.0198,-74.6375,2.6546932486287,1.5415184516287,1999.60542520323,2000.71860000023,2450000
1595,1596,0.00347083612100008,41.1411327049937,-74.3363605783477,41.0652183228212,-74.5045362179024,0.261390751769699,0.257919915648699,1998.32182666725,1998.32529750337,2450000
1595,1597,0.0350182908200019,41.1411327049937,-74.3363605783477,41.1429016730465,-74.3537196530442,0.292938206468701,0.257919915648699,1998.32182666725,1998.35684495807,2450000
1596,795,4.293902497,41.0652183228212,-74.5045362179024,39.7308,-104.6879,4.5552932487697,0.261390751769699,1998.32529750337,2002.61920000037,2450000
1596,794,1.376102497,41.0652183228212,-74.5045362179024,41.0422,-74.5787,1.6374932487697,0.261390751769699,1998.32529750337,1999.70140000037,2450000
1597,796,1.385655042,41.1429016730465,-74.3537196530442,41.0616,-74.2641,1.6785932484687,0.292938206468701,1998.35684495807,1999.74250000007,2450000
1597,1598,2.429788591,41.1429016730465,-74.3537196530442,41.1341753915296,-74.5486059706894,2.7227267974687,0.292938206468701,1998.35684495807,2000.78663354907,2450000
1598,797,0.895566451300001,41.1341753915296,-74.5486059706894,41.3114,-74.2078,3.6182932487687,2.7227267974687,2000.78663354907,2001.68220000037,2450000
1598,1599,0.00681362051500045,41.1341753915296,-74.5486059706894,41.1293788325319,-74.5229194275418,2.7295404179837,2.7227267974687,2000.78663354907,2000.79344716958,2450000
1599,798,0.9627528308,41.1293788325319,-74.5229194275418,41.1812,-73.3777,3.6922932487837,2.7295404179837,2000.79344716958,2001.75620000038,2450000
1599,799,0.8038528308,41.1293788325319,-74.5229194275418,40.9583,-74.1856,3.5333932487837,2.7295404179837,2000.79344716958,2001.59730000038,2450000
