node1,node2,length,startLat,startLon,endLat,endLon,endNodeL,startNodeL,startYear,endYear,treeID
201,202,0.0530224627600013,41.2701841555931,-72.9956067489071,41.2523949067316,-72.8764540340327,0.0530224627600013,0,1999.25893067087,1999.31195313363,1530000
201,206,0.0539050661800005,41.2701841555931,-72.9956067489071,41.3391567918423,-72.6242622301396,0.0539050661800005,0,1999.25893067087,1999.31283573705,1530000
202,205,1.798431453,41.2523949067316,-72.8764540340327,41.5261345912087,-74.3962211489533,1.85145391576,0.0530224627600013,1999.31195313363,2001.11038458663,1530000
202,203,0.105767654299999,41.2523949067316,-72.8764540340327,40.7029277005991,-72.2540726937498,0.158790117060001,0.0530224627600013,1999.31195313363,1999.41772078793,1530000
203,3,2.140679212,40.7029277005991,-72.2540726937498,40.9188,-73.0458,2.29946932906,0.158790117060001,1999.41772078793,2001.55839999993,1530000
203,204,0.0620920994999992,40.7029277005991,-72.2540726937498,40.5014856389404,-71.956580831467,0.22088221656,0.158790117060001,1999.41772078793,1999.47981288743,1530000
204,1,2.275287112,40.5014856389404,-71.956580831467,40.7053,-71.9497,2.49616932856,0.22088221656,1999.47981288743,2001.75509999943,1530000
204,2,2.272587112,40.5014856389404,-71.956580831467,40.466,-72.6133,2.49346932856,0.22088221656,1999.47981288743,2001.75239999943,1530000
205,5,1.622015413,41.5261345912087,-74.3962211489533,40.0198,-72.3452,3.47346932876,1.85145391576,2001.11038458663,2002.73239999963,1530000
205,4,3.674115413,41.5261345912087,-74.3962211489533,40.2096,-72.9622,5.52556932876,1.85145391576,2001.11038458663,2004.78449999963,1530000
206,396,0.021800990660001,41.3391567918423,-72.6242622301396,41.0612674721653,-73.4384130030649,0.0757060568400014,0.0539050661800005,1999.31283573705,1999.33463672771,1530000
206,207,0.0113855475300007,41.3391567918423,-72.6242622301396,41.6106200229394,-73.194289532278,0.0652906137100011,0.0539050661800005,1999.31283573705,1999.32422128458,1530000
207,6,1.452078715,41.6106200229394,-73.194289532278,40.3832,-74.8552,1.51736932871,0.0652906137100011,1999.32422128458,2000.77629999958,1530000
207,208,0.0552614265699987,41.6106200229394,-73.194289532278,41.8002073552839,-73.1004253143882,0.12055204028,0.0652906137100011,1999.32422128458,1999.37948271115,1530000
208,210,0.0925032688400016,41.8002073552839,-73.1004253143882,41.9447824232662,-73.3613540869588,0.213055309120001,0.12055204028,1999.37948271115,1999.47198597999,1530000
208,209,1.956826586,41.8002073552839,-73.1004253143882,40.9245410648853,-72.4718905569379,2.07737862628,0.12055204028,1999.37948271115,2001.33630929715,1530000
209,8,1.376990703,40.9245410648853,-72.4718905569379,40.5436,-71.0976,3.45436932928,2.07737862628,2001.33630929715,2002.71330000015,1530000
209,7,1.322190703,40.9245410648853,-72.4718905569379,40.385,-73.0095,3.39956932928,2.07737862628,2001.33630929715,2002.65850000015,1530000
210,213,1.650748311,41.9447824232662,-73.3613540869588,41.5998669934155,-72.5327803934631,1.86380362012,0.213055309120001,1999.47198597999,2001.12273429099,1530000
210,211,1.732656085,41.9447824232662,-73.3613540869588,43.951287346242,-74.3021986304191,1.94571139412,0.213055309120001,1999.47198597999,2001.20464206499,1530000
211,11,1.530557934,43.951287346242,-74.3021986304191,45.1793,-62.8173,3.47626932812,1.94571139412,2001.20464206499,2002.73519999899,1530000
211,212,0.587299564,43.951287346242,-74.3021986304191,43.9671986649081,-76.3695966541252,2.53301095812,1.94571139412,2001.20464206499,2001.79194162899,1530000
212,9,2.24185837,43.9671986649081,-76.3695966541252,18.1735,-20.8082,4.77486932812,2.53301095812,2001.79194162899,2004.03379999899,1530000
212,10,0.978858370100001,43.9671986649081,-76.3695966541252,44.5604,-77.4862,3.51186932822,2.53301095812,2001.79194162899,2002.77079999909,1530000
213,365,0.0506606329199997,41.5998669934155,-72.5327803934631,41.7221280012806,-72.0796695379721,1.91446425304,1.86380362012,2001.12273429099,2001.17339492391,1530000
213,214,0.185889837,41.5998669934155,-72.5327803934631,41.5649911630546,-72.5015782750424,2.04969345712,1.86380362012,2001.12273429099,2001.30862412799,1530000
214,215,0.295363287299999,41.5649911630546,-72.5015782750424,40.7543952541822,-73.2648739114928,2.34505674442,2.04969345712,2001.30862412799,2001.60398741529,1530000
214,269,0.4491831315,41.5649911630546,-72.5015782750424,39.9754097509963,-73.496572773439,2.49887658862,2.04969345712,2001.30862412799,2001.75780725949,1530000
215,240,0.143472554300001,40.7543952541822,-73.2648739114928,40.8045681804598,-73.2011720753732,2.48852929872,2.34505674442,2001.60398741529,2001.74745996959,1530000
215,216,0.197224628300001,40.7543952541822,-73.2648739114928,40.104390621586,-72.8658809166456,2.54228137272,2.34505674442,2001.60398741529,2001.80121204359,1530000
216,239,0.0203610227700004,40.104390621586,-72.8658809166456,40.1279739457025,-72.7518447539642,2.56264239549,2.54228137272,2001.80121204359,2001.82157306636,1530000
216,217,0.0896679554799995,40.104390621586,-72.8658809166456,40.0221466374956,-72.4625168970469,2.6319493282,2.54228137272,2001.80121204359,2001.89087999907,1530000
217,218,0.0351745707400006,40.0221466374956,-72.4625168970469,40.4272180239411,-72.6455115482364,2.66712389894,2.6319493282,2001.89087999907,2001.92605456981,1530000
217,225,0.251927137800001,40.0221466374956,-72.4625168970469,37.7246993008923,-72.099629027617,2.883876466,2.6319493282,2001.89087999907,2002.14280713687,1530000
218,219,0.2219520262,40.4272180239411,-72.6455115482364,40.477154028722,-72.6474692056128,2.88907592514,2.66712389894,2001.92605456981,2002.14800659601,1530000
218,223,1.036496759,40.4272180239411,-72.6455115482364,40.4448710727075,-72.1826971391803,3.70362065794,2.66712389894,2001.92605456981,2002.96255132881,1530000
219,220,0.795829209599999,40.477154028722,-72.6474692056128,39.4340035286329,-76.8535175190749,3.68490513474,2.88907592514,2002.14800659601,2002.94383580561,1530000
219,221,0.8464455514,40.477154028722,-72.6474692056128,42.1397694973307,-76.4099625817348,3.73552147654,2.88907592514,2002.14800659601,2002.99445214741,1530000
220,13,2.581764194,39.4340035286329,-76.8535175190749,39.5184,-74.4071,6.26666932874,3.68490513474,2002.94383580561,2005.52559999961,1530000
220,12,5.657064194,39.4340035286329,-76.8535175190749,-2.99,-26.1653,9.34196932874,3.68490513474,2002.94383580561,2008.60089999961,1530000
221,16,3.039347852,42.1397694973307,-76.4099625817348,41.9131,-77.8566,6.77486932854,3.73552147654,2002.99445214741,2006.03379999941,1530000
221,222,5.721750397,42.1397694973307,-76.4099625817348,43.1143616055736,-74.6791689428765,9.45727187354,3.73552147654,2002.99445214741,2008.71620254441,1530000
222,14,2.912097455,43.1143616055736,-74.6791689428765,48.8334,-78.1383,12.36936932854,9.45727187354,2008.71620254441,2011.62829999941,1530000
222,15,3.868297455,43.1143616055736,-74.6791689428765,48.3586,-76.5981,13.32556932854,9.45727187354,2008.71620254441,2012.58449999941,1530000
223,224,5.571245839,40.4448710727075,-72.1826971391803,43.1128498436178,-62.1425592796624,9.27486649694,3.70362065794,2002.96255132881,2008.53379716781,1530000
223,17,3.071248671,40.4448710727075,-72.1826971391803,24.0063,-30.1346,6.77486932894,3.70362065794,2002.96255132881,2006.03379999981,1530000
224,19,5.090202832,43.1128498436178,-62.1425592796624,23.9158,-28.4129,14.36506932894,9.27486649694,2008.53379716781,2013.62399999981,1530000
224,18,3.111002832,43.1128498436178,-62.1425592796624,81.0893,175.442,12.38586932894,9.27486649694,2008.53379716781,2011.64479999981,1530000
225,226,0.101726280399999,37.7246993008923,-72.099629027617,37.4426719957684,-72.093239586641,2.9856027464,2.883876466,2002.14280713687,2002.24453341727,1530000
225,235,0.0664568016599993,37.7246993008923,-72.099629027617,37.7575365942731,-72.2496806525583,2.95033326766,2.883876466,2002.14280713687,2002.20926393853,1530000
226,20,4.183766583,37.4426719957684,-72.093239586641,26.7814,-34.8608,7.1693693294,2.9856027464,2002.24453341727,2006.42830000027,1530000
226,227,0.659102040800001,37.4426719957684,-72.093239586641,35.4184221707038,-72.7071809205702,3.6447047872,2.9856027464,2002.24453341727,2002.90363545807,1530000
227,228,0.840499492799999,35.4184221707038,-72.7071809205702,34.9760105645588,-72.1172009396125,4.48520428,3.6447047872,2002.90363545807,2003.74413495087,1530000
227,233,0.135365396299999,35.4184221707038,-72.7071809205702,35.438470552621,-72.6044789335841,3.7800701835,3.6447047872,2002.90363545807,2003.03900085437,1530000
228,231,0.0236598800300012,34.9760105645588,-72.1172009396125,34.3398299350702,-72.4108009431423,4.50886416003,4.48520428,2003.74413495087,2003.7677948309,1530000
228,229,0.0206071767899996,34.9760105645588,-72.1172009396125,34.8473635516265,-72.4144070221607,4.50581145679,4.48520428,2003.74413495087,2003.76474212766,1530000
229,21,2.855357872,34.8473635516265,-72.4144070221607,28.8977,-96.4534,7.36116932879,4.50581145679,2003.76474212766,2006.62009999966,1530000
229,230,4.563418787,34.8473635516265,-72.4144070221607,27.953941039959,-91.3186968604425,9.06923024379,4.50581145679,2003.76474212766,2008.32816091466,1530000
230,23,3.727539085,27.953941039959,-91.3186968604425,29.0698,-93.2301,12.79676932879,9.06923024379,2008.32816091466,2012.05569999966,1530000
230,22,1.727539085,27.953941039959,-91.3186968604425,28.1865,-93.2945,10.79676932879,9.06923024379,2008.32816091466,2010.05569999966,1530000
231,232,6.112672085,34.3398299350702,-72.4108009431423,27.5026699319975,-93.1355169736171,10.62153624503,4.50886416003,2003.7677948309,2009.8804669159,1530000
231,24,3.808505169,34.3398299350702,-72.4108009431423,29.9376,-96.9648,8.31736932903,4.50886416003,2003.7677948309,2007.5762999999,1530000
232,25,0.854733083899999,27.5026699319975,-93.1355169736171,27.82,-92.4157,11.47626932893,10.62153624503,2009.8804669159,2010.7351999998,1530000
232,26,1.734133084,27.5026699319975,-93.1355169736171,26.9332,-92.6613,12.35566932903,10.62153624503,2009.8804669159,2011.6145999999,1530000
233,27,2.524899145,35.438470552621,-72.6044789335841,27.9424,-99.6426,6.3049693285,3.7800701835,2003.03900085437,2005.56389999937,1530000
233,234,0.0112093638699999,35.438470552621,-72.6044789335841,35.4352133995469,-72.554873303915,3.79127954737,3.7800701835,2003.03900085437,2003.05021021824,1530000
234,28,0.983589781500001,35.4352133995469,-72.554873303915,31.5575,-100.3918,4.77486932887,3.79127954737,2003.05021021824,2004.03379999974,1530000
234,29,5.457589782,35.4352133995469,-72.554873303915,36.0634,-92.5214,9.24886932937,3.79127954737,2003.05021021824,2008.50780000024,1530000
235,237,0.00817666346100054,37.7575365942731,-72.2496806525583,37.9015792721681,-72.069885680183,2.958509931121,2.95033326766,2002.20926393853,2002.21744060199,1530000
235,236,0.0731209702100006,37.7575365942731,-72.2496806525583,37.6138468150374,-71.6276562039586,3.02345423787,2.95033326766,2002.20926393853,2002.28238490874,1530000
236,31,2.408915091,37.6138468150374,-71.6276562039586,31.2749,-66.5665,5.43236932887,3.02345423787,2002.28238490874,2004.69129999974,1530000
236,30,2.329515091,37.6138468150374,-71.6276562039586,31.654,-66.779,5.35296932887,3.02345423787,2002.28238490874,2004.61189999974,1530000
237,238,0.0127307328599997,37.9015792721681,-72.069885680183,37.8971022583546,-71.9825139389372,2.971240663981,2.958509931121,2002.21744060199,2002.23017133485,1530000
237,32,7.130559398,37.9015792721681,-72.069885680183,31.4922,-66.2109,10.089069329121,2.958509931121,2002.21744060199,2009.34799999999,1530000
238,34,2.803628665,37.8971022583546,-71.9825139389372,31.711,-57.1823,5.774869328981,2.971240663981,2002.23017133485,2005.03379999985,1530000
238,33,1.803628665,37.8971022583546,-71.9825139389372,37.4357,-63.8476,4.774869328981,2.971240663981,2002.23017133485,2004.03379999985,1530000
239,36,9.919026933,40.1279739457025,-72.7518447539642,36.8534,-65.5737,12.48166932849,2.56264239549,2001.82157306636,2011.74059999936,1530000
239,35,6.850626933,40.1279739457025,-72.7518447539642,40.034,-75.9526,9.41326932849,2.56264239549,2001.82157306636,2008.67219999936,1530000
240,241,0.00257103374999978,40.8045681804598,-73.2011720753732,40.9022555701917,-73.4656528395728,2.49110033247,2.48852929872,2001.74745996959,2001.75003100334,1530000
240,263,0.0121284247800002,40.8045681804598,-73.2011720753732,40.8171210945051,-73.1770309700997,2.5006577235,2.48852929872,2001.74745996959,2001.75958839437,1530000
241,242,0.0346640286300008,40.9022555701917,-73.4656528395728,40.7467186803382,-73.1233751850452,2.5257643611,2.49110033247,2001.75003100334,2001.78469503197,1530000
241,254,0.0508957050100012,40.9022555701917,-73.4656528395728,40.9302101726159,-72.9688916515124,2.54199603748,2.49110033247,2001.75003100334,2001.80092670835,1530000
242,243,0.00578335619699999,40.7467186803382,-73.1233751850452,40.7704658074869,-72.9182658648843,2.531547717297,2.5257643611,2001.78469503197,2001.79047838817,1530000
242,251,0.3443265085,40.7467186803382,-73.1233751850452,40.5084658932127,-73.6790011930936,2.8700908696,2.5257643611,2001.78469503197,2002.12902154047,1530000
243,245,0.0200877331599987,40.7704658074869,-72.9182658648843,40.7492501572458,-72.8574974447374,2.551635450457,2.531547717297,2001.79047838817,2001.81056612133,1530000
243,244,0.349660013799999,40.7704658074869,-72.9182658648843,40.792878280069,-72.8930486840912,2.881207731097,2.531547717297,2001.79047838817,2002.14013840197,1530000
244,38,2.521061598,40.792878280069,-72.8930486840912,40.3426,-72.8525,5.402269329097,2.881207731097,2002.14013840197,2004.66119999997,1530000
244,37,7.579461598,40.792878280069,-72.8930486840912,38.3006,-68.7887,10.460669329097,2.881207731097,2002.14013840197,2009.71959999997,1530000
245,246,0.0377412741000001,40.7492501572458,-72.8574974447374,40.5047031059741,-74.0173079127732,2.589376724557,2.551635450457,2001.81056612133,2001.84830739543,1530000
245,248,0.00146837472900074,40.7492501572458,-72.8574974447374,40.7158402876524,-72.9989553248794,2.553103825186,2.551635450457,2001.81056612133,2001.81203449606,1530000
246,39,7.190992604,40.5047031059741,-74.0173079127732,35.1448,-78.9161,9.780369328557,2.589376724557,2001.84830739543,2009.03929999943,1530000
246,247,0.0575248296000019,40.5047031059741,-74.0173079127732,40.5485747567759,-74.1945481318329,2.646901554157,2.589376724557,2001.84830739543,2001.90583222503,1530000
247,40,2.127967775,40.5485747567759,-74.1945481318329,42.3595,-76.1871,4.774869329157,2.646901554157,2001.90583222503,2004.03380000003,1530000
247,41,1.785467775,40.5485747567759,-74.1945481318329,42.1079,-73.4619,4.432369329157,2.646901554157,2001.90583222503,2003.69130000003,1530000
248,249,0.0726128476299994,40.7158402876524,-72.9989553248794,40.5762953213271,-73.2870276394132,2.625716672816,2.553103825186,2001.81203449606,2001.88464734369,1530000
248,42,2.221765504,40.7158402876524,-72.9989553248794,39.3431,-115.5017,4.774869329186,2.553103825186,2001.81203449606,2004.03380000006,1530000
249,250,0.5159414335,40.5762953213271,-73.2870276394132,40.5702667338997,-73.1905293996712,3.141658106316,2.625716672816,2001.88464734369,2002.40058877719,1530000
249,43,2.649152656,40.5762953213271,-73.2870276394132,39.43,-115.0816,5.274869328816,2.625716672816,2001.88464734369,2004.53379999969,1530000
250,44,1.362011223,40.5702667338997,-73.1905293996712,40.2482,-70.9501,4.503669329316,3.141658106316,2002.40058877719,2003.76260000019,1530000
250,45,1.633211223,40.5702667338997,-73.1905293996712,43.6574,-72.3595,4.774869329316,3.141658106316,2002.40058877719,2004.03380000019,1530000
251,253,5.042409901,40.5084658932127,-73.6790011930936,40.8067375665868,-69.0559261273661,7.9125007706,2.8700908696,2002.12902154047,2007.17143144147,1530000
251,252,0.1360532898,40.5084658932127,-73.6790011930936,40.5195280051219,-73.5387884480668,3.0061441594,2.8700908696,2002.12902154047,2002.26507483027,1530000
252,47,2.51122517,40.5195280051219,-73.5387884480668,39.7632,-72.0346,5.5173693294,3.0061441594,2002.26507483027,2004.77630000027,1530000
252,46,1.38512517,40.5195280051219,-73.5387884480668,41.345,-73.0608,4.3912693294,3.0061441594,2002.26507483027,2003.65020000027,1530000
253,49,3.550068559,40.8067375665868,-69.0559261273661,40.8914,-67.4645,11.4625693296,7.9125007706,2007.17143144147,2010.72150000047,1530000
253,48,3.514468559,40.8067375665868,-69.0559261273661,40.0079,-69.4047,11.4269693296,7.9125007706,2007.17143144147,2010.68590000047,1530000
254,255,0.0182133384299981,40.9302101726159,-72.9688916515124,41.0504653958343,-72.8686000167229,2.56020937591,2.54199603748,2001.80092670835,2001.81914004678,1530000
254,257,0.00208264122399981,40.9302101726159,-72.9688916515124,40.8654244309205,-72.7780125568847,2.544078678704,2.54199603748,2001.80092670835,2001.80300934957,1530000
255,256,0.164234693900001,41.0504653958343,-72.8686000167229,40.88391635862,-73.2672121953741,2.72444406981,2.56020937591,2001.81914004678,2001.98337474068,1530000
255,52,1.932459953,41.0504653958343,-72.8686000167229,41.1256,-73.2691,4.49266932891,2.56020937591,2001.81914004678,2003.75159999978,1530000
256,51,4.598325259,40.88391635862,-73.2672121953741,35.8089,-78.3914,7.32276932881,2.72444406981,2001.98337474068,2006.58169999968,1530000
256,50,8.697025259,40.88391635862,-73.2672121953741,40.3889,-73.0168,11.42146932881,2.72444406981,2001.98337474068,2010.68039999968,1530000
257,258,0.3294960148,40.8654244309205,-72.7780125568847,41.3521523892929,-75.2682852327545,2.873574693504,2.544078678704,2001.80300934957,2002.13250536437,1530000
257,261,0.00951095294799842,40.8654244309205,-72.7780125568847,40.7776497345446,-72.7379029297538,2.553589631652,2.544078678704,2001.80300934957,2001.81252030252,1530000
258,259,0.1782709937,41.3521523892929,-75.2682852327545,41.1072693913712,-75.0174864450682,3.051845687204,2.873574693504,2002.13250536437,2002.31077635808,1530000
258,56,1.597194635,41.3521523892929,-75.2682852327545,41.8402,-62.5565,4.470769328504,2.873574693504,2002.13250536437,2003.72969999938,1530000
259,260,7.551968847,41.1072693913712,-75.0174864450682,39.102077183011,-77.4237839990298,10.603814534204,3.051845687204,2002.31077635808,2009.86274520508,1530000
259,55,4.481923642,41.1072693913712,-75.0174864450682,41.0041,-74.5189,7.533769329204,3.051845687204,2002.31077635808,2006.79270000008,1530000
260,53,1.143654795,39.102077183011,-77.4237839990298,39.3035,-77.7437,11.747469329204,10.603814534204,2009.86274520508,2011.00640000008,1530000
260,54,2.798454795,39.102077183011,-77.4237839990298,40.4673,-74.1835,13.402269329204,10.603814534204,2009.86274520508,2012.66120000008,1530000
261,262,0.370946318900002,40.7776497345446,-72.7379029297538,40.4003999364945,-72.6326996508805,2.924535950552,2.553589631652,2001.81252030252,2002.18346662142,1530000
261,57,1.867879697,40.7776497345446,-72.7379029297538,41.4483,-72.8386,4.421469328652,2.553589631652,2001.81252030252,2003.68039999952,1530000
262,58,9.475033378,40.4003999364945,-72.6326996508805,21.0232,-62.5654,12.399569328552,2.924535950552,2002.18346662142,2011.65849999942,1530000
262,59,2.480433378,40.4003999364945,-72.6326996508805,40.3771,-72.9644,5.404969328552,2.924535950552,2002.18346662142,2004.66389999942,1530000
263,265,0.0342712907200013,40.8171210945051,-73.1770309700997,40.8046898673504,-73.2684263640722,2.53492901422,2.5006577235,2001.75958839437,2001.79385968509,1530000
263,264,0.4032110557,40.8171210945051,-73.1770309700997,41.848219508409,-73.7326389115662,2.9038687792,2.5006577235,2001.75958839437,2002.16279945007,1530000
264,61,3.30270055,41.848219508409,-73.7326389115662,42.5353,-72.0189,6.2065693292,2.9038687792,2002.16279945007,2005.46550000007,1530000
264,60,2.57780055,41.848219508409,-73.7326389115662,40.9071,-76.1229,5.4816693292,2.9038687792,2002.16279945007,2004.74060000007,1530000
265,66,3.830140315,40.8046898673504,-73.2684263640722,39.7289,-72.1111,6.36506932922,2.53492901422,2001.79385968509,2005.62400000009,1530000
265,266,0.0270999120699997,40.8046898673504,-73.2684263640722,40.8931960267774,-73.5428665346424,2.56202892629,2.53492901422,2001.79385968509,2001.82095959716,1530000
266,267,0.0157293617400001,40.8931960267774,-73.5428665346424,40.8938083417727,-73.516570478884,2.57775828803,2.56202892629,2001.82095959716,2001.8366889589,1530000
266,268,0.387390798399998,40.8931960267774,-73.5428665346424,40.9564729634557,-73.5282076966469,2.94941972469,2.56202892629,2001.82095959716,2002.20835039556,1530000
267,63,7.779111041,40.8938083417727,-73.516570478884,40.9899,-73.0589,10.35686932903,2.57775828803,2001.8366889589,2009.6157999999,1530000
267,62,5.761511041,40.8938083417727,-73.516570478884,40.7506,-74.0473,8.33926932903,2.57775828803,2001.8366889589,2007.5981999999,1530000
268,65,3.497549604,40.9564729634557,-73.5282076966469,45.2856,-76.6512,6.44696932869,2.94941972469,2002.20835039556,2005.70589999956,1530000
268,64,1.518649604,40.9564729634557,-73.5282076966469,40.5623,-72.5039,4.46806932869,2.94941972469,2002.20835039556,2003.72699999956,1530000
269,270,0.0188273169700004,39.9754097509963,-73.496572773439,40.3221814673364,-74.0148841734722,2.51770390559,2.49887658862,2001.75780725949,2001.77663457646,1530000
269,295,0.0307818982400008,39.9754097509963,-73.496572773439,40.1472619680489,-73.6618909939118,2.52965848686,2.49887658862,2001.75780725949,2001.78858915773,1530000
270,271,0.00813387599299986,40.3221814673364,-74.0148841734722,40.3146224212751,-73.7132740939778,2.525837781583,2.51770390559,2001.77663457646,2001.78476845245,1530000
270,288,0.00350861167299854,40.3221814673364,-74.0148841734722,40.3242217797539,-74.0731078001365,2.521212517263,2.51770390559,2001.77663457646,2001.78014318813,1530000
271,272,0.00872355629799948,40.3146224212751,-73.7132740939778,40.3220729511619,-73.726280459998,2.534561337881,2.525837781583,2001.78476845245,2001.79349200875,1530000
271,277,0.00510252898799912,40.3146224212751,-73.7132740939778,40.3127506793541,-73.7166666407801,2.530940310571,2.525837781583,2001.78476845245,2001.78987098144,1530000
272,273,0.0243112964600005,40.3220729511619,-73.726280459998,40.2887232752928,-74.2229070470772,2.558872634341,2.534561337881,2001.79349200875,2001.81780330521,1530000
272,72,2.930707991,40.3220729511619,-73.726280459998,40.5232,-73.4983,5.465269328881,2.534561337881,2001.79349200875,2004.72419999975,1530000
273,274,0.296359626099999,40.2887232752928,-74.2229070470772,40.419237763517,-74.1878739515375,2.855232260441,2.558872634341,2001.81780330521,2002.11416293131,1530000
273,71,1.952996695,40.2887232752928,-74.2229070470772,33.6302,-66.1902,4.511869329341,2.558872634341,2001.81780330521,2003.77080000021,1530000
274,67,8.544337069,40.419237763517,-74.1878739515375,39.6917,-70.3113,11.399569329441,2.855232260441,2002.11416293131,2010.65850000031,1530000
274,275,0.801209076200001,40.419237763517,-74.1878739515375,40.4893835522314,-74.1524409840824,3.656441336641,2.855232260441,2002.11416293131,2002.91537200751,1530000
275,70,3.808827992,40.4893835522314,-74.1524409840824,38.9481,-71.2945,7.465269328641,3.656441336641,2002.91537200751,2006.72419999951,1530000
275,276,3.142778329,40.4893835522314,-74.1524409840824,40.1982872395088,-73.7522097898068,6.799219665641,3.656441336641,2002.91537200751,2006.05815033651,1530000
276,68,0.644149663099999,40.1982872395088,-73.7522097898068,39.9832,-73.2806,7.443369328741,6.799219665641,2006.05815033651,2006.70229999961,1530000
276,69,1.635949663,40.1982872395088,-73.7522097898068,39.7536,-73.7022,8.435169328641,6.799219665641,2006.05815033651,2007.69409999951,1530000
277,278,0.0152971558499999,40.3127506793541,-73.7166666407801,40.3306981807917,-73.7416350441076,2.546237466421,2.530940310571,2001.78987098144,2001.80516813729,1530000
277,286,0.4343767487,40.3127506793541,-73.7166666407801,40.4056631663565,-73.3701877128311,2.965317059271,2.530940310571,2001.78987098144,2002.22424773014,1530000
278,279,0.4146430497,40.3306981807917,-73.7416350441076,40.5436023083758,-72.5554585109833,2.960880516121,2.546237466421,2001.80516813729,2002.21981118699,1530000
278,73,3.761431863,40.3306981807917,-73.7416350441076,41.4269,-78.1099,6.307669329421,2.546237466421,2001.80516813729,2005.56660000029,1530000
279,283,3.891104643,40.5436023083758,-72.5554585109833,40.9106921814896,-74.2220371528854,6.851985159121,2.960880516121,2002.21981118699,2006.11091582999,1530000
279,280,0.7577534999,40.5436023083758,-72.5554585109833,40.5661841319678,-72.7060912978687,3.718634016021,2.960880516121,2002.21981118699,2002.97756468689,1530000
280,281,0.0219325013499994,40.5661841319678,-72.7060912978687,40.8418480258736,-71.9712935690604,3.740566517371,3.718634016021,2002.97756468689,2002.99949718824,1530000
280,282,4.290687287,40.5661841319678,-72.7060912978687,40.7265710743936,-72.0537320813978,8.009321303021,3.718634016021,2002.97756468689,2007.26825197389,1530000
281,75,1.779502812,40.8418480258736,-71.9712935690604,46.6177,-84.5775,5.520069329371,3.740566517371,2002.99949718824,2004.77900000024,1530000
281,74,1.590502812,40.8418480258736,-71.9712935690604,26.2426,-42.0814,5.331069329371,3.740566517371,2002.99949718824,2004.59000000024,1530000
282,77,5.275148026,40.7265710743936,-72.0537320813978,40.3156,-74.5549,13.284469329021,8.009321303021,2007.26825197389,2012.54339999989,1530000
282,76,5.409348026,40.7265710743936,-72.0537320813978,36.2909,-64.127,13.418669329021,8.009321303021,2007.26825197389,2012.67759999989,1530000
283,78,1.61608417,40.9106921814896,-74.2220371528854,40.3156,-73.3309,8.468069329121,6.851985159121,2006.11091582999,2007.72699999999,1530000
283,284,1.282980089,40.9106921814896,-74.2220371528854,40.9831697332663,-73.6703722698897,8.134965248121,6.851985159121,2006.11091582999,2007.39389591899,1530000
284,79,1.253604082,40.9831697332663,-73.6703722698897,40.9287,-71.6261,9.388569330121,8.134965248121,2007.39389591899,2008.64750000099,1530000
284,285,1.065282158,40.9831697332663,-73.6703722698897,39.88399724471,-71.8900652076052,9.200247406121,8.134965248121,2007.39389591899,2008.45917807699,1530000
285,80,0.251321923400001,39.88399724471,-71.8900652076052,39.6262,-70.8854,9.451569329521,9.200247406121,2008.45917807699,2008.71050000039,1530000
285,81,3.237621923,39.88399724471,-71.8900652076052,39.5605,-71.5539,12.437869329121,9.200247406121,2008.45917807699,2011.69679999999,1530000
286,287,0.689578795000001,40.4056631663565,-73.3701877128311,40.0379341805054,-72.9429381028633,3.654895854271,2.965317059271,2002.22424773014,2002.91382652514,1530000
286,82,3.39695227,40.4056631663565,-73.3701877128311,40.3874,-70.935,6.362269329271,2.965317059271,2002.22424773014,2005.62120000014,1530000
287,84,5.837773475,40.0379341805054,-72.9429381028633,38.9783,-73.1741,9.492669329271,3.654895854271,2002.91382652514,2008.75160000014,1530000
287,83,1.752873475,40.0379341805054,-72.9429381028633,45.2389,-81.2048,5.407769329271,3.654895854271,2002.91382652514,2004.66670000014,1530000
288,291,0.0239686505300014,40.3242217797539,-74.0731078001365,40.1578117467364,-73.8943698488194,2.545181167793,2.521212517263,2001.78014318813,2001.80411183866,1530000
288,289,1.186046229,40.3242217797539,-74.0731078001365,40.4658765819878,-72.698390920316,3.707258746263,2.521212517263,2001.78014318813,2002.96618941713,1530000
289,290,0.907804888799999,40.4658765819878,-72.698390920316,40.9835101998806,-73.8991045433784,4.615063635063,3.707258746263,2002.96618941713,2003.87399430593,1530000
289,87,1.777210583,40.4658765819878,-72.698390920316,41.6912,-71.0991,5.484469329263,3.707258746263,2002.96618941713,2004.74340000013,1530000
290,86,0.8310056941,40.9835101998806,-73.8991045433784,40.8285,-72.3337,5.446069329163,4.615063635063,2003.87399430593,2004.70500000003,1530000
290,85,0.7927056941,40.9835101998806,-73.8991045433784,40.0873,-71.8559,5.407769329163,4.615063635063,2003.87399430593,2004.66670000003,1530000
291,292,0.0118987380799993,40.1578117467364,-73.8943698488194,40.2280263595349,-73.9096132871101,2.557079905873,2.545181167793,2001.80411183866,2001.81601057674,1530000
291,294,0.541741452,40.1578117467364,-73.8943698488194,40.5063104670905,-73.7762858511733,3.086922619793,2.545181167793,2001.80411183866,2002.34585329066,1530000
292,293,0.5024086173,40.2280263595349,-73.9096132871101,40.0397136140447,-73.9426609572255,3.059488523173,2.557079905873,2001.81601057674,2002.31841919404,1530000
292,88,4.883589423,40.2280263595349,-73.9096132871101,40.1568,-74.553,7.440669328873,2.557079905873,2001.81601057674,2006.69959999974,1530000
293,90,3.097880806,40.0397136140447,-73.9426609572255,39.0676,-60.1763,6.157369329173,3.059488523173,2002.31841919404,2005.41630000004,1530000
293,89,11.25908081,40.0397136140447,-73.9426609572255,45.4099,-69.1111,14.318569333173,3.059488523173,2002.31841919404,2013.57750000404,1530000
294,91,3.275346709,40.5063104670905,-73.7762858511733,39.2812,-73.3628,6.362269328793,3.086922619793,2002.34585329066,2005.62119999966,1530000
294,92,2.208446709,40.5063104670905,-73.7762858511733,40.1284,-73.1837,5.295369328793,3.086922619793,2002.34585329066,2004.55429999966,1530000
295,296,0.014894621089999,40.1472619680489,-73.6618909939118,40.0675797577228,-73.100958112457,2.54455310795,2.52965848686,2001.78858915773,2001.80348377882,1530000
295,357,0.0170816278999997,40.1472619680489,-73.6618909939118,39.9311324282886,-72.8197488209949,2.54674011476,2.52965848686,2001.78858915773,2001.80567078563,1530000
296,297,0.00276239907399933,40.0675797577228,-73.100958112457,40.1116261100174,-73.1796412255089,2.547315507024,2.54455310795,2001.80348377882,2001.8062461779,1530000
296,342,0.00299952096099965,40.0675797577228,-73.100958112457,40.0607717926249,-73.1060198210461,2.547552628911,2.54455310795,2001.80348377882,2001.80648329978,1530000
297,299,0.00321718010500049,40.1116261100174,-73.1796412255089,40.0554263960185,-73.2410281746257,2.550532687129,2.547315507024,2001.8062461779,2001.809463358,1530000
297,298,0.01464076273,40.1116261100174,-73.1796412255089,40.027829020288,-73.1904872928549,2.561956269754,2.547315507024,2001.8062461779,2001.82088694063,1530000
298,93,6.810213059,40.027829020288,-73.1904872928549,40.016,-73.455,9.372169328754,2.561956269754,2001.82088694063,2008.63109999963,1530000
298,94,1.067713059,40.027829020288,-73.1904872928549,39.6689,-72.7231,3.629669328754,2.561956269754,2001.82088694063,2002.88859999963,1530000
299,300,6.330735954,40.0554263960185,-73.2410281746257,39.2158055652487,-72.4262814884584,8.881268641129,2.550532687129,2001.809463358,2008.140199312,1530000
299,310,0.00630957302800006,40.0554263960185,-73.2410281746257,40.0564440023489,-73.2251675163675,2.556842260157,2.550532687129,2001.809463358,2001.81577293103,1530000
300,301,0.6330938248,39.2158055652487,-72.4262814884584,38.1149600713549,-68.4870207730697,9.514362465929,8.881268641129,2008.140199312,2008.7732931368,1530000
300,303,0.189103234999999,39.2158055652487,-72.4262814884584,40.0412222179749,-71.5209716813666,9.070371876129,8.881268641129,2008.140199312,2008.329302547,1530000
301,95,3.846806863,38.1149600713549,-68.4870207730697,34.6172,-62.4973,13.361169328929,9.514362465929,2008.7732931368,2012.6200999998,1530000
301,302,1.613778908,38.1149600713549,-68.4870207730697,38.6072458940273,-64.814137636222,11.128141373929,9.514362465929,2008.7732931368,2010.3870720448,1530000
302,96,1.145327954,38.6072458940273,-64.814137636222,38.3395,-70.5723,12.273469327929,11.128141373929,2010.3870720448,2011.5323999988,1530000
302,97,0.315227954299999,38.6072458940273,-64.814137636222,41.7901,-70.2223,11.443369328229,11.128141373929,2010.3870720448,2010.7022999991,1530000
303,105,5.193597452,40.0412222179749,-71.5209716813666,-0.9078,96.3383,14.263969328129,9.070371876129,2008.329302547,2013.522899999,1530000
303,304,1.506732907,40.0412222179749,-71.5209716813666,40.4602403907757,-72.6365839761569,10.577104783129,9.070371876129,2008.329302547,2009.836035454,1530000
304,98,3.834364545,40.4602403907757,-72.6365839761569,39.2734,-72.1933,14.411469328129,10.577104783129,2009.836035454,2013.670399999,1530000
304,305,1.406710281,40.4602403907757,-72.6365839761569,39.0649638561361,-73.1490390638236,11.983815064129,10.577104783129,2009.836035454,2011.242745735,1530000
305,307,0.2091281266,39.0649638561361,-73.1490390638236,38.9430125471015,-72.6990495593332,12.192943190729,11.983815064129,2011.242745735,2011.4518738616,1530000
305,306,1.068982776,39.0649638561361,-73.1490390638236,38.9928903737233,-73.2078446641943,13.052797840129,11.983815064129,2011.242745735,2012.311728511,1530000
306,99,4.335771489,38.9928903737233,-73.2078446641943,38.1608,-69.622,17.388569329129,13.052797840129,2012.311728511,2016.6475,1530000
306,100,2.319371489,38.9928903737233,-73.2078446641943,39.6779,-74.711,15.372169329129,13.052797840129,2012.311728511,2014.6311,1530000
307,309,0.0541747125299992,38.9430125471015,-72.6990495593332,38.7355540377711,-71.8368768912149,12.247117903259,12.192943190729,2011.4518738616,2011.50604857413,1530000
307,308,0.7495898189,38.9430125471015,-72.6990495593332,39.0498537265707,-71.4773372639957,12.942533009629,12.192943190729,2011.4518738616,2012.2014636805,1530000
308,102,1.436136319,39.0498537265707,-71.4773372639957,38.6447,-70.3611,14.378669328629,12.942533009629,2012.2014636805,2013.6375999995,1530000
308,101,1.526336319,39.0498537265707,-71.4773372639957,38.8657,-72.172,14.468869328629,12.942533009629,2012.2014636805,2013.7277999995,1530000
309,104,2.076951425,38.7355540377711,-71.8368768912149,38.8979,-72.2146,14.324069328259,12.247117903259,2011.50604857413,2013.58299999913,1530000
309,103,2.164351425,38.7355540377711,-71.8368768912149,38.9966,-72.878,14.411469328259,12.247117903259,2011.50604857413,2013.67039999913,1530000
310,311,0.1805487318,40.0564440023489,-73.2251675163675,40.0778883517203,-72.2665066485827,2.737390991957,2.556842260157,2001.81577293103,2001.99632166283,1530000
310,316,0.0847434934799995,40.0564440023489,-73.2251675163675,39.7635705604367,-72.6529168025741,2.641585753637,2.556842260157,2001.81577293103,2001.90051642451,1530000
311,312,0.172414192200002,40.0778883517203,-72.2665066485827,40.6541694906247,-71.8980337651068,2.909805184157,2.737390991957,2001.99632166283,2002.16873585503,1530000
311,315,0.1626325128,40.0778883517203,-72.2665066485827,40.3237221648559,-72.6138067300385,2.900023504757,2.737390991957,2001.99632166283,2002.15895417563,1530000
312,106,0.582864144799998,40.6541694906247,-71.8980337651068,40.42,-77.592,3.492669328957,2.909805184157,2002.16873585503,2002.75159999983,1530000
312,313,1.689077253,40.6541694906247,-71.8980337651068,41.010541828297,-70.5156337815105,4.598882437157,2.909805184157,2002.16873585503,2003.85781310803,1530000
313,107,3.762286892,41.010541828297,-70.5156337815105,41.6949,-69.3611,8.361169329157,4.598882437157,2003.85781310803,2007.62010000003,1530000
313,314,2.26978984,41.010541828297,-70.5156337815105,41.1412848999498,-69.9373938409732,6.868672277157,4.598882437157,2003.85781310803,2006.12760294803,1530000
314,108,1.533597053,41.1412848999498,-69.9373938409732,40.978,-70.128,8.402269330157,6.868672277157,2006.12760294803,2007.66120000103,1530000
314,109,2.623997053,41.1412848999498,-69.9373938409732,40.8983,-69.1845,9.492669330157,6.868672277157,2006.12760294803,2008.75160000103,1530000
315,111,2.641945824,40.3237221648559,-72.6138067300385,40.786,-73.1226,5.541969328757,2.900023504757,2002.15895417563,2004.80089999963,1530000
315,110,2.491245824,40.3237221648559,-72.6138067300385,38.7847,-72.1472,5.391269328757,2.900023504757,2002.15895417563,2004.65019999963,1530000
316,317,0.133039460000001,39.7635705604367,-72.6529168025741,40.3808692322915,-74.031934151335,2.774625213637,2.641585753637,2001.90051642451,2002.03355588451,1530000
316,321,1.039116326,39.7635705604367,-72.6529168025741,40.4529297807561,-72.1425779124549,3.680702079637,2.641585753637,2001.90051642451,2002.93963275051,1530000
317,318,0.1265131174,40.3808692322915,-74.031934151335,40.4429226965635,-73.8690073347444,2.901138331037,2.774625213637,2002.03355588451,2002.16006900191,1530000
317,116,3.606844115,40.3808692322915,-74.031934151335,39.567,-73.4192,6.381469328637,2.774625213637,2002.03355588451,2005.64039999951,1530000
318,115,2.462730998,40.4429226965635,-73.8690073347444,41.1858,-72.2066,5.363869329037,2.901138331037,2002.16006900191,2004.62279999991,1530000
318,319,1.718515772,40.4429226965635,-73.8690073347444,40.5669389191164,-74.5277386217842,4.619654103037,2.901138331037,2002.16006900191,2003.87858477391,1530000
319,112,5.772715226,40.5669389191164,-74.5277386217842,40.267,-73.5491,10.392369329037,4.619654103037,2003.87858477391,2009.65129999991,1530000
319,320,1.244292422,40.5669389191164,-74.5277386217842,40.1900698609128,-75.7023902022801,5.863946525037,4.619654103037,2003.87858477391,2005.12287719591,1530000
320,114,4.487422803,40.1900698609128,-75.7023902022801,40.9627,-76.3371,10.351369328037,5.863946525037,2005.12287719591,2009.61029999891,1530000
320,113,3.505422803,40.1900698609128,-75.7023902022801,40.1137,-74.6224,9.369369328037,5.863946525037,2005.12287719591,2008.62829999891,1530000
321,322,1.012664116,40.4529297807561,-72.1425779124549,39.888219550885,-73.9576570121243,4.693366195637,3.680702079637,2002.93963275051,2003.95229686651,1530000
321,341,2.072046026,40.4529297807561,-72.1425779124549,34.8562038887716,-65.7920785308498,5.752748105637,3.680702079637,2002.93963275051,2005.01167877651,1530000
322,339,5.730570033,39.888219550885,-73.9576570121243,41.1695115277062,-75.3456899058425,10.423936228637,4.693366195637,2003.95229686651,2009.68286689951,1530000
322,323,0.752057172699999,39.888219550885,-73.9576570121243,40.7596846175875,-73.9700737606446,5.445423368337,4.693366195637,2003.95229686651,2004.70435403921,1530000
323,117,4.044545961,40.7596846175875,-73.9700737606446,40.4885,-74.4309,9.489969329337,5.445423368337,2004.70435403921,2008.74890000021,1530000
323,324,1.425986434,40.7596846175875,-73.9700737606446,44.5166775550694,-79.4068168949789,6.871409802337,5.445423368337,2004.70435403921,2006.13034047321,1530000
324,337,0.765735515400001,44.5166775550694,-79.4068168949789,43.847237793851,-74.4046529074357,7.637145317737,6.871409802337,2006.13034047321,2006.89607598861,1530000
324,325,1.951761849,44.5166775550694,-79.4068168949789,43.4240819494286,-70.842402727446,8.823171651337,6.871409802337,2006.13034047321,2008.08210232221,1530000
325,331,1.735026353,43.4240819494286,-70.842402727446,42.7286224934093,-70.0561040972956,10.558198004337,8.823171651337,2008.08210232221,2009.81712867521,1530000
325,326,0.0693271632600005,43.4240819494286,-70.842402727446,43.310883000134,-70.7721981341353,8.892498814597,8.823171651337,2008.08210232221,2008.15142948547,1530000
326,327,0.3462988009,43.310883000134,-70.7721981341353,43.4435220846446,-71.6263799578989,9.238797615497,8.892498814597,2008.15142948547,2008.49772828637,1530000
326,118,6.600170515,43.310883000134,-70.7721981341353,42.459,-81.6193,15.492669329597,8.892498814597,2008.15142948547,2014.75160000047,1530000
327,123,4.201871714,43.4435220846446,-71.6263799578989,43.8147,-75.3368,13.440669329497,9.238797615497,2008.49772828637,2012.69960000037,1530000
327,328,0.6711562981,43.4435220846446,-71.6263799578989,43.4339957075166,-69.9640989332786,9.909953913597,9.238797615497,2008.49772828637,2009.16888458447,1530000
328,119,4.405915416,43.4339957075166,-69.9640989332786,42.8084,-74.6905,14.315869329597,9.909953913597,2009.16888458447,2013.57480000047,1530000
328,329,2.31862849,43.4339957075166,-69.9640989332786,43.5934166348784,-70.0606871490055,12.228582403597,9.909953913597,2009.16888458447,2011.48751307447,1530000
329,330,1.675444884,43.5934166348784,-70.0606871490055,44.0019281256491,-68.7986706708235,13.904027287597,12.228582403597,2011.48751307447,2013.16295795847,1530000
329,120,1.310686926,43.5934166348784,-70.0606871490055,43.3295,-67.6341,13.539269329597,12.228582403597,2011.48751307447,2012.79820000047,1530000
330,121,0.512942042300001,44.0019281256491,-68.7986706708235,43.937,-68.6748,14.416969329897,13.904027287597,2013.16295795847,2013.67590000077,1530000
330,122,0.5621420423,44.0019281256491,-68.7986706708235,43.7068,-68.292,14.466169329897,13.904027287597,2013.16295795847,2013.72510000077,1530000
331,332,0.0684084901500004,42.7286224934093,-70.0561040972956,42.1273812195509,-69.6596073955368,10.626606494487,10.558198004337,2009.81712867521,2009.88553716536,1530000
331,333,0.0322499967100001,42.7286224934093,-70.0561040972956,42.8495230554019,-70.3146730461358,10.590448001047,10.558198004337,2009.81712867521,2009.84937867192,1530000
332,124,3.727462834,42.1273812195509,-69.6596073955368,41.5479,-74.9201,14.354069328487,10.626606494487,2009.88553716536,2013.61299999936,1530000
332,125,3.724762834,42.1273812195509,-69.6596073955368,42.2257,-69.7596,14.351369328487,10.626606494487,2009.88553716536,2013.61029999936,1530000
333,334,1.419198013,42.8495230554019,-70.3146730461358,42.9857674384499,-70.6701405646546,12.009646014047,10.590448001047,2009.84937867192,2011.26857668492,1530000
333,335,0.5521804533,42.8495230554019,-70.3146730461358,41.3018561240454,-71.4095276045237,11.142628454347,10.590448001047,2009.84937867192,2010.40155912522,1530000
334,127,2.344423315,42.9857674384499,-70.6701405646546,43.654,-74.1969,14.354069329047,12.009646014047,2011.26857668492,2013.61299999992,1530000
334,126,3.359723315,42.9857674384499,-70.6701405646546,41.8764,-77.3603,15.369369329047,12.009646014047,2011.26857668492,2014.62829999992,1530000
335,336,1.38827799,41.3018561240454,-71.4095276045237,40.6042756409254,-70.1359959047386,12.530906444347,11.142628454347,2010.40155912522,2011.78983711522,1530000
335,128,4.248640875,41.3018561240454,-71.4095276045237,39.7606,-72.4995,15.391269329347,11.142628454347,2010.40155912522,2014.65020000022,1530000
336,130,1.768562884,40.6042756409254,-70.1359959047386,36.0054,-69.6212,14.299469328347,12.530906444347,2011.78983711522,2013.55839999922,1530000
336,129,1.899662884,40.6042756409254,-70.1359959047386,40.8463,-63.2697,14.430569328347,12.530906444347,2011.78983711522,2013.68949999922,1530000
337,131,8.847324011,43.847237793851,-74.4046529074357,44.4345,-76.7226,16.484469328737,7.637145317737,2006.89607598861,2015.74339999961,1530000
337,338,1.832420606,43.847237793851,-74.4046529074357,46.6536464915552,-79.628360769056,9.469565923737,7.637145317737,2006.89607598861,2008.72849659461,1530000
338,133,3.003903406,46.6536464915552,-79.628360769056,65.872,-80.0929,12.473469329737,9.469565923737,2008.72849659461,2011.73240000061,1530000
338,132,1.995703406,46.6536464915552,-79.628360769056,44.1912,-76.3623,11.465269329737,9.469565923737,2008.72849659461,2010.72420000061,1530000
339,134,3.057733101,41.1695115277062,-75.3456899058425,40.9607,-74.8542,13.481669329637,10.423936228637,2009.68286689951,2012.74060000051,1530000
339,340,0.566355160600001,41.1695115277062,-75.3456899058425,41.3162505035754,-73.8818172888521,10.990291389237,10.423936228637,2009.68286689951,2010.24922206011,1530000
340,135,0.4913779401,41.3162505035754,-73.8818172888521,41.2051,-74.6425,11.481669329337,10.990291389237,2010.24922206011,2010.74060000021,1530000
340,136,0.4393779401,41.3162505035754,-73.8818172888521,41.1176,-75.1195,11.429669329337,10.990291389237,2010.24922206011,2010.68860000021,1530000
341,138,5.022121224,34.8562038887716,-65.7920785308498,31.4958,-58.13,10.774869329637,5.752748105637,2005.01167877651,2010.03380000051,1530000
341,137,1.668721224,34.8562038887716,-65.7920785308498,59.5757,-78.3979,7.421469329637,5.752748105637,2005.01167877651,2006.68040000051,1530000
342,349,0.323479796600001,40.0607717926249,-73.1060198210461,40.4922304220815,-73.8151280091523,2.871032425511,2.547552628911,2001.80648329978,2002.12996309638,1530000
342,343,0.0164543465999998,40.0607717926249,-73.1060198210461,40.1552425472696,-73.2311264208967,2.564006975511,2.547552628911,2001.80648329978,2001.82293764638,1530000
343,346,0.274251167600001,40.1552425472696,-73.2311264208967,40.5025445461049,-75.544980015495,2.838258143111,2.564006975511,2001.82293764638,2002.09718881398,1530000
343,344,0.390870602,40.1552425472696,-73.2311264208967,41.0126568244304,-72.6298732374582,2.954877577511,2.564006975511,2001.82293764638,2002.21380824838,1530000
344,345,4.084082333,41.0126568244304,-72.6298732374582,40.8063922778548,-73.9500948486955,7.038959910511,2.954877577511,2002.21380824838,2006.29789058138,1530000
344,139,2.570691751,41.0126568244304,-72.6298732374582,39.5275,-68.642,5.525569328511,2.954877577511,2002.21380824838,2004.78449999938,1530000
345,141,0.357809418099999,40.8063922778548,-73.9500948486955,40.8231,-73.8557,7.396769328611,7.038959910511,2006.29789058138,2006.65569999948,1530000
345,140,1.371509418,40.8063922778548,-73.9500948486955,39.8645,-72.8219,8.410469328511,7.038959910511,2006.29789058138,2007.66939999938,1530000
346,348,0.0539968053699997,40.5025445461049,-75.544980015495,40.5398887702378,-75.4196782677602,2.892254948481,2.838258143111,2002.09718881398,2002.15118561935,1530000
346,347,0.219513743599999,40.5025445461049,-75.544980015495,40.5012845108903,-75.414761858282,3.057771886711,2.838258143111,2002.09718881398,2002.31670255758,1530000
347,142,0.475997442300001,40.5012845108903,-75.414761858282,72.3916,-74.8001,3.533769329011,3.057771886711,2002.31670255758,2002.79269999988,1530000
347,143,0.475997442300001,40.5012845108903,-75.414761858282,42.3778,-83.678,3.533769329011,3.057771886711,2002.31670255758,2002.79269999988,1530000
348,144,0.6415143805,40.5398887702378,-75.4196782677602,44.9747,-82.4492,3.533769328981,2.892254948481,2002.15118561935,2002.79269999985,1530000
348,145,7.598414381,40.5398887702378,-75.4196782677602,39.9607,-74.6089,10.490669329481,2.892254948481,2002.15118561935,2009.74960000035,1530000
349,350,0.150765823699999,40.4922304220815,-73.8151280091523,40.4133405612835,-73.9596018683751,3.021798249211,2.871032425511,2002.12996309638,2002.28072892008,1530000
349,356,3.893711017,40.4922304220815,-73.8151280091523,40.4870813853619,-74.3941393961863,6.764743442511,2.871032425511,2002.12996309638,2006.02367411338,1530000
350,351,2.821452471,40.4133405612835,-73.9596018683751,40.8717276150268,-73.2258130094844,5.843250720211,3.021798249211,2002.28072892008,2005.10218139108,1530000
350,354,0.757207686800001,40.4133405612835,-73.9596018683751,40.5457497554661,-74.7366943284304,3.779005936011,3.021798249211,2002.28072892008,2003.03793660688,1530000
351,352,5.265382296,40.8717276150268,-73.2258130094844,44.9122417662939,-77.7210855045394,11.108633016211,5.843250720211,2005.10218139108,2010.36756368708,1530000
351,149,8.642018609,40.8717276150268,-73.2258130094844,40.067,-73.7934,14.485269329211,5.843250720211,2005.10218139108,2013.74420000008,1530000
352,148,4.244336313,44.9122417662939,-77.7210855045394,44.9483,-77.518,15.352969329211,11.108633016211,2010.36756368708,2014.61190000008,1530000
352,353,1.820688698,44.9122417662939,-77.7210855045394,44.849135388988,-77.1128000588639,12.929321714211,11.108633016211,2010.36756368708,2012.18825238508,1530000
353,146,1.583247615,44.849135388988,-77.1128000588639,43.9419,-72.9557,14.512569329211,12.929321714211,2012.18825238508,2013.77150000008,1530000
353,147,0.5441476154,44.849135388988,-77.1128000588639,45.0537,-77.5785,13.473469329611,12.929321714211,2012.18825238508,2012.73240000048,1530000
354,150,2.564163393,40.5457497554661,-74.7366943284304,40.7446,-73.2236,6.343169329011,3.779005936011,2003.03793660688,2005.60209999988,1530000
354,355,0.7414707543,40.5457497554661,-74.7366943284304,40.5618078009142,-74.1427172541904,4.520476690311,3.779005936011,2003.03793660688,2003.77940736118,1530000
355,152,2.961192639,40.5618078009142,-74.1427172541904,42.1508,-73.8919,7.481669329311,4.520476690311,2003.77940736118,2006.74060000018,1530000
355,151,4.857092639,40.5618078009142,-74.1427172541904,41.6777,-76.4246,9.377569329311,4.520476690311,2003.77940736118,2008.63650000018,1530000
356,154,5.708725887,40.4870813853619,-74.3941393961863,40.6396,-74.7933,12.473469329511,6.764743442511,2006.02367411338,2011.73240000038,1530000
356,153,1.626525887,40.4870813853619,-74.3941393961863,40.6103,-73.6006,8.391269329511,6.764743442511,2006.02367411338,2007.65020000038,1530000
357,358,0.00289693776699984,39.9311324282886,-72.8197488209949,40.0933033657244,-72.0928541194616,2.549637052527,2.54674011476,2001.80567078563,2001.8085677234,1530000
357,363,0.4002173286,39.9311324282886,-72.8197488209949,39.748483007735,-72.2490670702454,2.94695744336,2.54674011476,2001.80567078563,2002.20588811423,1530000
358,359,1.270212595,40.0933033657244,-72.0928541194616,41.0395873649392,-74.4576198943325,3.819849647527,2.549637052527,2001.8085677234,2003.0787803184,1530000
358,360,1.120056426,40.0933033657244,-72.0928541194616,41.6371527457331,-74.153553112119,3.669693478527,2.549637052527,2001.8085677234,2002.9286241494,1530000
359,156,4.604319682,41.0395873649392,-74.4576198943325,41.2274,-75.3743,8.424169329527,3.819849647527,2003.0787803184,2007.6831000004,1530000
359,155,1.719419682,41.0395873649392,-74.4576198943325,43.4815,-76.8566,5.539269329527,3.819849647527,2003.0787803184,2004.7982000004,1530000
360,361,0.0431526302999998,41.6371527457331,-74.153553112119,41.4619792292197,-73.4986994266055,3.712846108827,3.669693478527,2002.9286241494,2002.9717767797,1530000
360,157,2.52867585,41.6371527457331,-74.153553112119,42.4773,-67.4371,6.198369328527,3.669693478527,2002.9286241494,2005.4572999994,1530000
361,362,0.145090015700001,41.4619792292197,-73.4986994266055,41.3946444645046,-74.2789670596261,3.857936124527,3.712846108827,2002.9717767797,2003.1168667954,1530000
361,160,0.6812232199,41.4619792292197,-73.4986994266055,39.9946,-69.7757,4.394069328727,3.712846108827,2002.9717767797,2003.6529999996,1530000
362,159,2.348633204,41.3946444645046,-74.2789670596261,41.8288,-74.0028,6.206569328527,3.857936124527,2003.1168667954,2005.4654999994,1530000
362,158,1.640233204,41.3946444645046,-74.2789670596261,43.263,-73.38,5.498169328527,3.857936124527,2003.1168667954,2004.7570999994,1530000
363,163,1.543011886,39.748483007735,-72.2490670702454,41.014,-73.239,4.48996932936,2.94695744336,2002.20588811423,2003.74890000023,1530000
363,364,0.764991881199999,39.748483007735,-72.2490670702454,39.9335966669172,-75.5075645056908,3.71194932456,2.94695744336,2002.20588811423,2002.97087999543,1530000
364,162,3.693020004,39.9335966669172,-75.5075645056908,40.0079,-75.0854,7.40496932856,3.71194932456,2002.97087999543,2006.66389999943,1530000
364,161,2.767820004,39.9335966669172,-75.5075645056908,40.3631,-73.3276,6.47976932856,3.71194932456,2002.97087999543,2005.73869999943,1530000
365,394,1.007664219,41.7221280012806,-72.0796695379721,39.9908631234092,-74.384866620132,2.92212847204,1.91446425304,2001.17339492391,2002.18105914291,1530000
365,366,0.1116524752,41.7221280012806,-72.0796695379721,41.4792904475106,-72.8811713478898,2.02611672824,1.91446425304,2001.17339492391,2001.28504739911,1530000
366,385,0.513101560800001,41.4792904475106,-72.8811713478898,41.432067787316,-73.5618406124261,2.53921828904,2.02611672824,2001.28504739911,2001.79814895991,1530000
366,367,0.5307032308,41.4792904475106,-72.8811713478898,41.8422201755534,-70.2256760306582,2.55681995904,2.02611672824,2001.28504739911,2001.81575062991,1530000
367,182,8.82354937,41.8422201755534,-70.2256760306582,40.9639,-72.6639,11.38036932904,2.55681995904,2001.81575062991,2010.63929999991,1530000
367,368,1.119794488,41.8422201755534,-70.2256760306582,41.4034687140655,-66.3473681328614,3.67661444704,2.55681995904,2001.81575062991,2002.93554511791,1530000
368,369,0.0311937038200014,41.4034687140655,-66.3473681328614,41.2825500473295,-66.3270309249905,3.70780815086,3.67661444704,2002.93554511791,2002.96673882173,1530000
368,377,0.0195379250900007,41.4034687140655,-66.3473681328614,41.3315879213674,-66.394212553682,3.69615237213,3.67661444704,2002.93554511791,2002.955083043,1530000
369,370,0.1547654811,41.2825500473295,-66.3270309249905,39.9121701417906,-63.3308590424675,3.86257363196,3.70780815086,2002.96673882173,2003.12150430283,1530000
369,374,0.2562394879,41.2825500473295,-66.3270309249905,42.3497299968643,-63.7790480600148,3.96404763876,3.70780815086,2002.96673882173,2003.22297830963,1530000
370,371,0.7356534992,39.9121701417906,-63.3308590424675,40.4583804927328,-64.7347299588329,4.59822713116,3.86257363196,2003.12150430283,2003.85715780203,1530000
370,164,2.527095697,39.9121701417906,-63.3308590424675,39.8085,-72.8918,6.38966932896,3.86257363196,2003.12150430283,2005.64859999983,1530000
371,373,0.00948107536399867,40.4583804927328,-64.7347299588329,40.4045049035178,-64.8292935875932,4.607708206524,4.59822713116,2003.85715780203,2003.8666388774,1530000
371,372,0.01698979759,40.4583804927328,-64.7347299588329,40.5997838278182,-65.2185632829042,4.61521692875,4.59822713116,2003.85715780203,2003.87414759962,1530000
372,166,1.5339524,40.5997838278182,-65.2185632829042,40.2063,-65.2924,6.14916932875,4.61521692875,2003.87414759962,2005.40809999962,1530000
372,165,1.7388524,40.5997838278182,-65.2185632829042,40.2829,-63.9801,6.35406932875,4.61521692875,2003.87414759962,2005.61299999962,1530000
373,168,2.572661122,40.4045049035178,-64.8292935875932,38.4655,-61.617,7.180369328524,4.607708206524,2003.8666388774,2006.4392999994,1530000
373,167,2.871261122,40.4045049035178,-64.8292935875932,38.6983,-63.9933,7.478969328524,4.607708206524,2003.8666388774,2006.7378999994,1530000
374,375,0.5349051721,42.3497299968643,-63.7790480600148,41.666959752519,-64.8514091974935,4.49895281086,3.96404763876,2003.22297830963,2003.75788348173,1530000
374,172,0.810821690099999,42.3497299968643,-63.7790480600148,42.5669,-66.1797,4.77486932886,3.96404763876,2003.22297830963,2004.03379999973,1530000
375,376,0.818631634599999,41.666959752519,-64.8514091974935,41.7383301726744,-65.6974905211467,5.31758444546,4.49895281086,2003.75788348173,2004.57651511633,1530000
375,169,0.275916517899999,41.666959752519,-64.8514091974935,42.227,-67.8514,4.77486932876,4.49895281086,2003.75788348173,2004.03379999963,1530000
376,171,0.4572848834,41.7383301726744,-65.6974905211467,38.9437,-54.6437,5.77486932886,5.31758444546,2004.57651511633,2005.03379999973,1530000
376,170,0.7796848834,41.7383301726744,-65.6974905211467,42.0455,-66.8127,6.09726932886,5.31758444546,2004.57651511633,2005.35619999973,1530000
377,173,1.078716957,41.3315879213674,-66.394212553682,41.0865,-66.3834,4.77486932913,3.69615237213,2002.955083043,2004.0338,1530000
377,378,0.1062574387,41.3315879213674,-66.394212553682,41.4803109653543,-66.0878409479368,3.80240981083,3.69615237213,2002.955083043,2003.0613404817,1530000
378,181,2.155559518,41.4803109653543,-66.0878409479368,41.0912,-65.797,5.95796932883,3.80240981083,2003.0613404817,2005.2168999997,1530000
378,379,0.607292617100001,41.4803109653543,-66.0878409479368,42.0855551052459,-64.1341230201938,4.40970242793,3.80240981083,2003.0613404817,2003.6686330988,1530000
379,380,0.149285642199999,42.0855551052459,-64.1341230201938,41.6768334901642,-63.9975781906403,4.55898807013,4.40970242793,2003.6686330988,2003.817918741,1530000
379,383,1.478599624,42.0855551052459,-64.1341230201938,42.0135056139142,-64.8072504335121,5.88830205193,4.40970242793,2003.6686330988,2005.1472327228,1530000
380,174,0.2158812588,41.6768334901642,-63.9975781906403,42.6009,-62.064,4.77486932893,4.55898807013,2003.817918741,2004.0337999998,1530000
380,381,0.050486835040001,41.6768334901642,-63.9975781906403,41.8464141910828,-63.9002503700831,4.60947490517,4.55898807013,2003.817918741,2003.86840557604,1530000
381,175,2.655794424,41.8464141910828,-63.9002503700831,42.6302,-62.0901,7.26526932917,4.60947490517,2003.86840557604,2006.52420000004,1530000
381,382,1.073007147,41.8464141910828,-63.9002503700831,41.5011686872221,-62.0001776266503,5.68248205217,4.60947490517,2003.86840557604,2004.94141272304,1530000
382,177,1.626587277,41.5011686872221,-62.0001776266503,41.7427,-62.0616,7.30906932917,5.68248205217,2004.94141272304,2006.56800000004,1530000
382,176,5.273187277,41.5011686872221,-62.0001776266503,42.4615,-61.5569,10.95566932917,5.68248205217,2004.94141272304,2010.21460000004,1530000
383,384,2.057754148,42.0135056139142,-64.8072504335121,40.7980728815197,-66.5187470632165,7.94605619993,5.88830205193,2005.1472327228,2007.2049868708,1530000
383,178,4.372867277,42.0135056139142,-64.8072504335121,43.3725,-64.0405,10.26116932893,5.88830205193,2005.1472327228,2009.5200999998,1530000
384,179,2.391613129,40.7980728815197,-66.5187470632165,40.3514,-66.1464,10.33766932893,7.94605619993,2007.2049868708,2009.5965999998,1530000
384,180,2.457213129,40.7980728815197,-66.5187470632165,41.4767,-66.4641,10.40326932893,7.94605619993,2007.2049868708,2009.6621999998,1530000
385,391,1.955300384,41.432067787316,-73.5618406124261,40.5022004304272,-71.2914195644911,4.49451867304,2.53921828904,2001.79814895991,2003.75344934391,1530000
385,386,0.00650543341399867,41.432067787316,-73.5618406124261,41.4118743850262,-73.5681975719692,2.545723722454,2.53921828904,2001.79814895991,2001.80465439333,1530000
386,183,2.842845606,41.4118743850262,-73.5681975719692,40.1195,-72.0521,5.388569328454,2.545723722454,2001.80465439333,2004.64749999932,1530000
386,387,0.00402033353000064,41.4118743850262,-73.5681975719692,41.3896089100488,-73.9753176242664,2.549744055984,2.545723722454,2001.80465439333,2001.80867472686,1530000
387,188,2.978525273,41.3896089100488,-73.9753176242664,41.879,-74.881,5.528269328984,2.549744055984,2001.80867472686,2004.78719999986,1530000
387,388,0.00403057892400049,41.3896089100488,-73.9753176242664,41.3931553199926,-73.9174992059039,2.553774634908,2.549744055984,2001.80867472686,2001.81270530578,1530000
388,389,0.188078278299999,41.3931553199926,-73.9174992059039,41.1659948365656,-74.4457669491499,2.741852913208,2.553774634908,2001.81270530578,2002.00078358408,1530000
388,390,1.110788368,41.3931553199926,-73.9174992059039,41.209496779668,-73.4518234496786,3.664563002908,2.553774634908,2001.81270530578,2002.92349367378,1530000
389,185,1.712516416,41.1659948365656,-74.4457669491499,39.9447,-74.4837,4.454369329208,2.741852913208,2002.00078358408,2003.71330000008,1530000
389,184,1.663116416,41.1659948365656,-74.4457669491499,41.7453,-73.0709,4.404969329208,2.741852913208,2002.00078358408,2003.66390000008,1530000
390,187,3.192506326,41.209496779668,-73.4518234496786,41.4829,-73.8807,6.857069328908,3.664563002908,2002.92349367378,2006.11599999978,1530000
390,186,4.713006326,41.209496779668,-73.4518234496786,42.0427,-74.2749,8.377569328908,3.664563002908,2002.92349367378,2007.63649999978,1530000
391,392,1.327841824,40.5022004304272,-71.2914195644911,39.9103747420743,-70.3862117145288,5.82236049704,4.49451867304,2003.75344934391,2005.08129116791,1530000
391,189,4.880350656,40.5022004304272,-71.2914195644911,50.6453,-71.6676,9.37486932904,4.49451867304,2003.75344934391,2008.63379999991,1530000
392,190,2.590908832,39.9103747420743,-70.3862117145288,36.4133,-79.6416,8.41326932904,5.82236049704,2005.08129116791,2007.67219999991,1530000
392,393,1.034711632,39.9103747420743,-70.3862117145288,40.605450135684,-70.2506063673826,6.85707212904,5.82236049704,2005.08129116791,2006.11600279991,1530000
393,191,0.5232971994,40.605450135684,-70.2506063673826,40.7441,-72.3548,7.38036932844,6.85707212904,2006.11600279991,2006.63929999931,1530000
393,192,0.6602971994,40.605450135684,-70.2506063673826,40.6493,-71.3509,7.51736932844,6.85707212904,2006.11600279991,2006.77629999931,1530000
394,395,0.0108930379299998,39.9908631234092,-74.384866620132,40.0921006377596,-73.7173322761683,2.93302150997,2.92212847204,2002.18105914291,2002.19195218084,1530000
394,195,2.852740857,39.9908631234092,-74.384866620132,37.4271,-76.6935,5.77486932904,2.92212847204,2002.18105914291,2005.03379999991,1530000
395,194,6.515847819,40.0921006377596,-73.7173322761683,39.3435,-72.9866,9.44886932897,2.93302150997,2002.19195218084,2008.70779999984,1530000
395,193,0.502147818999999,40.0921006377596,-73.7173322761683,32.8049,-40.5846,3.43516932897,2.93302150997,2002.19195218084,2002.69409999984,1530000
396,200,1.403263272,41.0612674721653,-73.4384130030649,40.8687,-73.5939,1.47896932884,0.0757060568400014,1999.33463672771,2000.73789999971,1530000
396,397,1.35659695,41.0612674721653,-73.4384130030649,41.1765139334217,-74.157523918179,1.43230300684,0.0757060568400014,1999.33463672771,2000.69123367771,1530000
397,398,0.3983027791,41.1765139334217,-74.157523918179,41.1632399242782,-74.5377396838457,1.83060578594,1.43230300684,2000.69123367771,2001.08953645681,1530000
397,199,0.3425663215,41.1765139334217,-74.157523918179,40.9918,-73.9753,1.77486932834,1.43230300684,2000.69123367771,2001.03379999921,1530000
398,198,1.694963542,41.1632399242782,-74.5377396838457,47.275,-81.5483,3.52556932794,1.83060578594,2001.08953645681,2002.78449999881,1530000
398,399,0.318670661,41.1632399242782,-74.5377396838457,41.4747517772441,-75.2234539680063,2.14927644694,1.83060578594,2001.08953645681,2001.40820711781,1530000
399,196,1.439292881,41.4747517772441,-75.2234539680063,41.8445,-74.8453,3.58856932794,2.14927644694,2001.40820711781,2002.84749999881,1530000
399,197,1.244792881,41.4747517772441,-75.2234539680063,41.1699,-77.0542,3.39406932794,2.14927644694,2001.40820711781,2002.65299999881,1530000
