node1,node2,length,startLat,startLon,endLat,endLon,endNodeL,startNodeL,startYear,endYear,treeID
98,120,0.424495286541823,23.8973457491855,112.587195598903,25.2096631420581,115.30190426104,0.424495286541823,0,2005.40687273674,2005.83136802328,104200000
98,99,0.504986786707063,23.8973457491855,112.587195598903,24.1733496845833,114.18452993128,0.504986786707063,0,2005.40687273674,2005.91185952345,104200000
99,102,1.08285743718254,24.1733496845833,114.18452993128,27.8905153276878,112.959680841862,1.5878442238896,0.504986786707063,2005.91185952345,2006.99471696063,104200000
99,100,9.79604691634708,24.1733496845833,114.18452993128,22.8596614434802,111.983368979888,10.3010337030541,0.504986786707063,2005.91185952345,2015.70790643979,104200000
100,1,0.333181965026624,22.8596614434802,111.983368979888,22.598172597012,112.289055509303,10.6342156680808,10.3010337030541,2015.70790643979,2016.04108840482,104200000
100,101,0.209344892350163,22.8596614434802,111.983368979888,24.4167033183008,113.291980137387,10.5103785954043,10.3010337030541,2015.70790643979,2015.91725133214,104200000
101,2,0.214001007102762,24.4167033183008,113.291980137387,23.8561398356182,112.990063923267,10.7243796025071,10.5103785954043,2015.91725133214,2016.13125233925,104200000
101,3,0.189410843168401,24.4167033183008,113.291980137387,24.6359625508047,112.037328231285,10.6997894385727,10.5103785954043,2015.91725133214,2016.10666217531,104200000
102,4,5.50293592035772,27.8905153276878,112.959680841862,30.8367911437837,103.843580502976,7.09078014424732,1.5878442238896,2006.99471696063,2012.49765288099,104200000
102,103,0.656859775899923,27.8905153276878,112.959680841862,27.4665018458203,113.419020153274,2.24470399978952,1.5878442238896,2006.99471696063,2007.65157673653,104200000
103,104,2.18521159963244,27.4665018458203,113.419020153274,29.3520332851822,110.554581954392,4.42991559942197,2.24470399978952,2007.65157673653,2009.83678833616,104200000
103,112,2.12346206927336,27.4665018458203,113.419020153274,24.7251415362224,113.373095444443,4.36816606906289,2.24470399978952,2007.65157673653,2009.7750388058,104200000
104,107,2.58032920248726,29.3520332851822,110.554581954392,29.8004499598246,110.000615299856,7.01024480190922,4.42991559942197,2009.83678833616,2012.41711753865,104200000
104,105,8.16240919350198,29.3520332851822,110.554581954392,32.3954853021137,118.153964189473,12.592324792924,4.42991559942197,2009.83678833616,2017.99919752966,104200000
105,106,0.194090303837931,32.3954853021137,118.153964189473,33.2502323901741,118.011294704842,12.7864150967619,12.592324792924,2017.99919752966,2018.1932878335,104200000
105,5,0.156977866352871,32.3954853021137,118.153964189473,32.405176576741,117.539271794832,12.7493026592768,12.592324792924,2017.99919752966,2018.15617539602,104200000
106,6,0.0383248561104788,33.2502323901741,118.011294704842,32.7899019437532,117.773885057243,12.8247399528724,12.7864150967619,2018.1932878335,2018.23161268961,104200000
106,7,0.0420747190681058,33.2502323901741,118.011294704842,32.635149372987,117.323351626163,12.82848981583,12.7864150967619,2018.1932878335,2018.23536255257,104200000
107,13,4.74452629696732,29.8004499598246,110.000615299856,31.2186759521491,114.83007851081,11.7547710988765,7.01024480190922,2012.41711753865,2017.16164383562,104200000
107,108,1.02884580185598,29.8004499598246,110.000615299856,29.954394611382,107.3889405885,8.03909060376521,7.01024480190922,2012.41711753865,2013.44596334051,104200000
108,109,2.56582080617101,29.954394611382,107.3889405885,32.1102324175937,105.5481088602,10.6049114099362,8.03909060376521,2013.44596334051,2016.01178414668,104200000
108,8,2.72900484573634,29.954394611382,107.3889405885,30.5802058484488,104.037812698634,10.7680954495015,8.03909060376521,2013.44596334051,2016.17496818624,104200000
109,111,0.638925250858056,32.1102324175937,105.5481088602,31.6360682131785,105.0169124037,11.2438366607943,10.6049114099362,2016.01178414668,2016.65070939753,104200000
109,110,2.52404424775069,32.1102324175937,105.5481088602,35.5512346212855,112.663471745342,13.1289556576869,10.6049114099362,2016.01178414668,2018.53582839443,104200000
110,10,0.664171605573095,35.5512346212855,112.663471745342,34.5391871774376,110.978703085086,13.79312726326,13.1289556576869,2018.53582839443,2019.2,104200000
110,9,0.664171605573095,35.5512346212855,112.663471745342,35.5997743726098,113.888890241839,13.79312726326,13.1289556576869,2018.53582839443,2019.2,104200000
111,12,0.935438485069607,31.6360682131785,105.0169124037,30.1569124034187,104.980625791043,12.1792751458639,11.2438366607943,2016.65070939753,2017.5861478826,104200000
111,11,0.804190916495708,31.6360682131785,105.0169124037,31.1764216339653,104.425333883426,12.04802757729,11.2438366607943,2016.65070939753,2017.45490031403,104200000
112,113,3.42626310238328,24.7251415362224,113.373095444443,23.5841941350286,112.035937999294,7.79442917144617,4.36816606906289,2009.7750388058,2013.20130190819,104200000
112,14,4.38112557775894,24.7251415362224,113.373095444443,22.3647082115284,114.050954622951,8.74929164682183,4.36816606906289,2009.7750388058,2014.15616438356,104200000
113,114,1.27117396590691,23.5841941350286,112.035937999294,25.4496328725152,112.201738985122,9.06560313735308,7.79442917144617,2013.20130190819,2014.47247587409,104200000
113,22,4.03157480414257,23.5841941350286,112.035937999294,33.1260881921353,115.4425969172,11.8260039755887,7.79442917144617,2013.20130190819,2017.23287671233,104200000
114,117,1.25387294023743,25.4496328725152,112.201738985122,26.0746892337762,114.87786310338,10.3194760775905,9.06560313735308,2014.47247587409,2015.72634881433,104200000
114,115,1.96924697172935,25.4496328725152,112.201738985122,26.5680359301749,112.492053367706,11.0348501090824,9.06560313735308,2014.47247587409,2016.44172284582,104200000
115,17,1.59389359253385,26.5680359301749,112.492053367706,23.8969474757138,107.869807993066,12.6287437016163,11.0348501090824,2016.44172284582,2018.03561643836,104200000
115,116,1.89300279662688,26.5680359301749,112.492053367706,33.3918388568806,117.700685938056,12.9278529057093,11.0348501090824,2016.44172284582,2018.33472564245,104200000
116,16,0.114546698683731,33.3918388568806,117.700685938056,32.8419964724136,117.629820028654,13.0423996043931,12.9278529057093,2018.33472564245,2018.44927234113,104200000
116,15,0.197577340896305,33.3918388568806,117.700685938056,32.5755641208109,117.353048105783,13.1254302466056,12.9278529057093,2018.33472564245,2018.53230298335,104200000
117,21,1.58324022676537,26.0746892337762,114.87786310338,24.1467121931049,107.708520725713,11.9027163043559,10.3194760775905,2015.72634881433,2017.3095890411,104200000
117,118,2.502570220927,26.0746892337762,114.87786310338,33.9700949928649,116.517231687133,12.8220462985175,10.3194760775905,2015.72634881433,2018.22891903526,104200000
118,20,0.0703685303503971,33.9700949928649,116.517231687133,34.1445648131343,116.533280820337,12.8924148288679,12.8220462985175,2018.22891903526,2018.29928756561,104200000
118,119,0.370737449771429,33.9700949928649,116.517231687133,33.6434520979938,117.245312957613,13.1927837482889,12.8220462985175,2018.22891903526,2018.59965648503,104200000
119,18,0.0135789805954347,33.6434520979938,117.245312957613,33.5776113800057,117.175816463035,13.2063627288844,13.1927837482889,2018.59965648503,2018.61323546562,104200000
119,19,0.193502426454435,33.6434520979938,117.245312957613,34.2859727178668,116.849909815559,13.3862861747434,13.1927837482889,2018.59965648503,2018.79315891148,104200000
120,123,1.1980538900769,25.2096631420581,115.30190426104,24.5171395527699,115.196179816093,1.62254917661873,0.424495286541823,2005.83136802328,2007.02942191336,104200000
120,121,2.06782725985578,25.2096631420581,115.30190426104,25.4285454979421,117.647315833866,2.49232254639761,0.424495286541823,2005.83136802328,2007.89919528314,104200000
121,122,5.03892284557042,25.4285454979421,117.647315833866,25.8442621418912,111.890884685291,7.53124539196803,2.49232254639761,2007.89919528314,2012.93811812871,104200000
121,23,2.60385209378444,25.4285454979421,117.647315833866,22.4907448277366,114.065193932399,5.09617464018205,2.49232254639761,2007.89919528314,2010.50304737692,104200000
122,25,1.99612844663444,25.8442621418912,111.890884685291,32.256484043572,114.880905724446,9.52737383860247,7.53124539196803,2012.93811812871,2014.93424657534,104200000
122,24,2.34442355385365,25.8442621418912,111.890884685291,22.4908072542391,111.900834304665,9.87566894582169,7.53124539196803,2012.93811812871,2015.28254168256,104200000
123,124,0.498470611731095,24.5171395527699,115.196179816093,24.7561454344263,115.318510043258,2.12101978834982,1.62254917661873,2007.02942191336,2007.52789252509,104200000
123,173,0.797669138155111,24.5171395527699,115.196179816093,24.1081851790648,114.456875664933,2.42021831477384,1.62254917661873,2007.02942191336,2007.82709105151,104200000
124,125,0.256127917464385,24.7561454344263,115.318510043258,25.2762732370261,115.473425688621,2.37714770581421,2.12101978834982,2007.52789252509,2007.78402044255,104200000
124,153,0.383224272740563,24.7561454344263,115.318510043258,24.5228268082864,115.724179271853,2.50424406109039,2.12101978834982,2007.52789252509,2007.91111679783,104200000
125,26,9.33926722867865,25.2762732370261,115.473425688621,30.7385000682046,121.166495199199,11.7164149344929,2.37714770581421,2007.78402044255,2017.12328767123,104200000
125,126,2.03983728181458,25.2762732370261,115.473425688621,25.9762308572504,116.512717392692,4.41698498762878,2.37714770581421,2007.78402044255,2009.82385772437,104200000
126,134,1.65114017621401,25.9762308572504,116.512717392692,31.2846233183949,119.164204882013,6.06812516384279,4.41698498762878,2009.82385772437,2011.47499790058,104200000
126,127,1.06943100434807,25.9762308572504,116.512717392692,25.3712976168797,116.305624915003,5.48641599197685,4.41698498762878,2009.82385772437,2010.89328872872,104200000
127,34,5.2543570531532,25.3712976168797,116.305624915003,31.903052348998,115.664458032265,10.7407730451301,5.48641599197685,2010.89328872872,2016.14764578187,104200000
127,128,0.235921776556252,25.3712976168797,116.305624915003,24.1475681144919,115.291378197925,5.7223377685331,5.48641599197685,2010.89328872872,2011.12921050527,104200000
128,129,2.14239737948309,24.1475681144919,115.291378197925,23.9642441140805,116.454311111007,7.8647351480162,5.7223377685331,2011.12921050527,2013.27160788476,104200000
128,131,0.771931475601497,24.1475681144919,115.291378197925,23.6480752019059,114.869400315491,6.4942692441346,5.7223377685331,2011.12921050527,2011.90114198087,104200000
129,29,1.96452599268519,23.9642441140805,116.454311111007,25.2093295599826,114.87462639921,9.82926114070138,7.8647351480162,2013.27160788476,2015.23613387744,104200000
129,130,1.1438635329905,23.9642441140805,116.454311111007,25.2448976920304,114.510574306917,9.0085986810067,7.8647351480162,2013.27160788476,2014.41547141775,104200000
130,27,1.15197647647134,25.2448976920304,114.510574306917,24.4311806497517,114.570522517801,10.160575157478,9.0085986810067,2014.41547141775,2015.56744789422,104200000
130,28,1.2462158220518,25.2448976920304,114.510574306917,25.3114224458247,113.161705322065,10.2548145030585,9.0085986810067,2014.41547141775,2015.6616872398,104200000
131,132,0.315908721210709,23.6480752019059,114.869400315491,24.153618732605,115.282840335551,6.81017796534531,6.4942692441346,2011.90114198087,2012.21705070209,104200000
131,30,3.7732330315874,23.6480752019059,114.869400315491,19.0113396592153,109.049814877248,10.267502275722,6.4942692441346,2011.90114198087,2015.67437501246,104200000
132,133,3.34162168047973,24.153618732605,115.282840335551,22.8287906270353,111.357534931458,10.151799645825,6.81017796534531,2012.21705070209,2015.55867238257,104200000
132,33,4.02349125464817,24.153618732605,115.282840335551,22.8057125311499,111.81424442206,10.8336692199935,6.81017796534531,2012.21705070209,2016.24054195673,104200000
133,31,0.138910745318318,22.8287906270353,111.357534931458,22.8468635604299,111.237195454973,10.2907103911434,10.151799645825,2015.55867238257,2015.69758312788,104200000
133,32,0.0189677698017618,22.8287906270353,111.357534931458,23.1068955634271,111.594133387566,10.1707674156268,10.151799645825,2015.55867238257,2015.57764015237,104200000
134,135,0.462025063019573,31.2846233183949,119.164204882013,30.910240018156,118.978796126369,6.53015022686236,6.06812516384279,2011.47499790058,2011.9370229636,104200000
134,138,2.7859902721852,31.2846233183949,119.164204882013,30.4374465980332,117.825380354002,8.85411543602799,6.06812516384279,2011.47499790058,2014.26098817277,104200000
135,137,0.139499777175013,30.910240018156,118.978796126369,31.6687618801461,118.579352009844,6.66965000403738,6.53015022686236,2011.9370229636,2012.07652274078,104200000
135,136,2.89104652237051,30.910240018156,118.978796126369,33.3235330621542,119.998049588613,9.42119674923287,6.53015022686236,2011.9370229636,2014.82806948597,104200000
136,35,2.37193051402713,33.3235330621542,119.998049588613,30.832736458027,119.682912226171,11.79312726326,9.42119674923287,2014.82806948597,2017.2,104200000
136,36,2.53905380169843,33.3235330621542,119.998049588613,30.3548350836512,113.898339907086,11.9602505509313,9.42119674923287,2014.82806948597,2017.36712328767,104200000
137,37,6.12928684987013,31.6687618801461,118.579352009844,32.2611008651245,117.831498492797,12.7989368539075,6.66965000403738,2012.07652274078,2018.20580959065,104200000
137,38,4.46691562284644,31.6687618801461,118.579352009844,34.8290644430265,113.765676919656,11.1365656268838,6.66965000403738,2012.07652274078,2016.54343836362,104200000
138,152,0.179017766508403,30.4374465980332,117.825380354002,29.6543942381288,119.315177568691,9.03313320253639,8.85411543602799,2014.26098817277,2014.44000593928,104200000
138,139,0.765466946040459,30.4374465980332,117.825380354002,29.6851447758088,116.601366874698,9.61958238206845,8.85411543602799,2014.26098817277,2015.02645511881,104200000
139,140,1.92748784470249,29.6851447758088,116.601366874698,30.1671216663203,117.103423428806,11.5470702267709,9.61958238206845,2015.02645511881,2016.95394296351,104200000
139,39,2.14066816886281,29.6851447758088,116.601366874698,30.4234061519932,116.983125751328,11.7602505509313,9.61958238206845,2015.02645511881,2017.16712328767,104200000
140,40,0.322769365256207,30.1671216663203,117.103423428806,30.6335725866982,117.668439662591,11.8698395920271,11.5470702267709,2016.95394296351,2017.27671232877,104200000
140,141,0.342150294373561,30.1671216663203,117.103423428806,30.0992376334381,117.214690249665,11.8892205211445,11.5470702267709,2016.95394296351,2017.29609325788,104200000
141,143,0.135537365681798,30.0992376334381,117.214690249665,29.2285185559349,116.527344185011,12.0247578868263,11.8892205211445,2017.29609325788,2017.43163062357,104200000
141,142,0.409348220160727,30.0992376334381,117.214690249665,31.8213252084459,117.596053336473,12.2985687413052,11.8892205211445,2017.29609325788,2017.70544147805,104200000
142,42,0.842405968720877,31.8213252084459,117.596053336473,32.9142896132963,118.120799320598,13.1409747100261,12.2985687413052,2017.70544147805,2018.54784744677,104200000
142,41,0.346613316475429,31.8213252084459,117.596053336473,30.5453150148537,115.203871462873,12.6451820577807,12.2985687413052,2017.70544147805,2018.05205479452,104200000
143,149,1.26154755186044,29.2285185559349,116.527344185011,22.863245308634,111.127009851509,13.2863054386867,12.0247578868263,2017.43163062357,2018.69317817543,104200000
143,144,0.548929437593607,29.2285185559349,116.527344185011,32.2401788084483,117.890572771238,12.5736873244199,12.0247578868263,2017.43163062357,2017.98056006116,104200000
144,145,0.105789889801478,32.2401788084483,117.890572771238,32.0197638067347,118.280251493721,12.6794772142214,12.5736873244199,2017.98056006116,2018.08634995096,104200000
144,43,0.188812573859988,32.2401788084483,117.890572771238,32.717537371223,117.51612711716,12.7624998982799,12.5736873244199,2017.98056006116,2018.16937263502,104200000
145,44,0.0177596380797471,32.0197638067347,118.280251493721,31.6463792690768,118.177114650543,12.6972368523011,12.6794772142214,2018.08634995096,2018.10410958904,104200000
145,146,0.0926445508291798,32.0197638067347,118.280251493721,32.5733351254374,118.167680922355,12.7721217650506,12.6794772142214,2018.08634995096,2018.17899450179,104200000
146,147,0.0332507595705347,32.5733351254374,118.167680922355,32.4881223972027,117.979161692734,12.8053725246211,12.7721217650506,2018.17899450179,2018.21224526136,104200000
146,45,0.0427627538655138,32.5733351254374,118.167680922355,32.5735078195341,118.196531350507,12.8148845189161,12.7721217650506,2018.17899450179,2018.22175725566,104200000
147,148,0.0164056562241314,32.4881223972027,117.979161692734,32.7047455142935,118.173959337717,12.8217781808452,12.8053725246211,2018.21224526136,2018.22865091759,104200000
147,46,0.0168027615707507,32.4881223972027,117.979161692734,32.7595045610669,117.975061591361,12.8221752861918,12.8053725246211,2018.21224526136,2018.22904802293,104200000
148,47,0.047307557243358,32.7047455142935,118.173959337717,32.5543658119755,118.097498610243,12.8690857380886,12.8217781808452,2018.22865091759,2018.27595847483,104200000
148,48,0.238452619559708,32.7047455142935,118.173959337717,32.7817247803858,117.246975943544,13.0602308004049,12.8217781808452,2018.22865091759,2018.46710353715,104200000
149,49,0.239713485629896,22.863245308634,111.127009851509,23.2505725149588,113.348112297193,13.5260189243166,13.2863054386867,2018.69317817543,2018.93289166106,104200000
149,150,0.0798940572331995,22.863245308634,111.127009851509,22.7747165983753,109.957964987482,13.3661994959199,13.2863054386867,2018.69317817543,2018.77307223266,104200000
150,52,0.123953634226557,22.7747165983753,109.957964987482,22.4637834852172,108.406854515359,13.4901531301465,13.3661994959199,2018.77307223266,2018.89702586689,104200000
150,151,0.124324003964432,22.7747165983753,109.957964987482,22.9481867690214,109.016801568835,13.4905234998844,13.3661994959199,2018.77307223266,2018.89739623662,104200000
151,50,0.0315248519823826,22.9481867690214,109.016801568835,23.1569509642291,108.961794480137,13.5220483518668,13.4905234998844,2018.89739623662,2018.92892108861,104200000
151,51,0.0457194155209445,22.9481867690214,109.016801568835,22.6161834893492,108.281081627881,13.5362429154053,13.4905234998844,2018.89739623662,2018.94311565215,104200000
152,53,3.98417156444265,29.6543942381288,119.315177568691,23.1051318099508,113.469318809471,13.017304766979,9.03313320253639,2014.44000593928,2018.42417750372,104200000
152,54,3.99334881871443,29.6543942381288,119.315177568691,33.6019020297834,113.761432088201,13.0264820212508,9.03313320253639,2014.44000593928,2018.43335475799,104200000
153,156,1.71185420335922,24.5228268082864,115.724179271853,26.270173297753,116.554009551973,4.2160982644496,2.50424406109039,2007.91111679783,2009.62297100119,104200000
153,154,2.30700544357994,24.5228268082864,115.724179271853,28.1906794275138,116.48828094116,4.81124950467033,2.50424406109039,2007.91111679783,2010.21812224141,104200000
154,55,6.79564375903895,28.1906794275138,116.48828094116,30.9699809908212,121.715736572581,11.6068932637093,4.81124950467033,2010.21812224141,2017.01376600045,104200000
154,155,3.2054997820483,28.1906794275138,116.48828094116,34.5779373062719,118.402219973401,8.01674928671863,4.81124950467033,2010.21812224141,2013.42362202346,104200000
155,57,4.0901728445932,34.5779373062719,118.402219973401,39.1477144922993,115.510541369517,12.1069221313118,8.01674928671863,2013.42362202346,2017.51379486805,104200000
155,56,0.792901130542247,34.5779373062719,118.402219973401,36.6620272159254,116.875010570049,8.80965041726088,8.01674928671863,2013.42362202346,2014.216523154,104200000
156,157,2.34510223910259,26.270173297753,116.554009551973,29.4358651518211,117.64990260188,6.5612005035522,4.2160982644496,2009.62297100119,2011.96807324029,104200000
156,75,5.38250845086529,26.270173297753,116.554009551973,31.388814227478,119.399254153842,9.5986067153149,4.2160982644496,2009.62297100119,2015.00547945205,104200000
157,74,5.36891306107772,29.4358651518211,117.64990260188,36.8452289501554,114.448009620612,11.9301135646299,6.5612005035522,2011.96807324029,2017.33698630137,104200000
157,158,4.93361179731294,29.4358651518211,117.64990260188,34.7462713660524,118.522715968425,11.4948123008651,6.5612005035522,2011.96807324029,2016.90168503761,104200000
158,159,0.915413275444788,34.7462713660524,118.522715968425,34.1346680302318,117.248351590654,12.4102255763099,11.4948123008651,2016.90168503761,2017.81709831305,104200000
158,172,1.29159138766504,34.7462713660524,118.522715968425,35.1196985456287,118.703997434973,12.7864036885302,11.4948123008651,2016.90168503761,2018.19327642527,104200000
159,58,0.418663340937282,34.1346680302318,117.248351590654,35.3283489162313,118.110074655745,12.8288889172472,12.4102255763099,2017.81709831305,2018.23576165399,104200000
159,160,0.0967156958613873,34.1346680302318,117.248351590654,34.3055252053443,116.760588269528,12.5069412721713,12.4102255763099,2017.81709831305,2017.91381400891,104200000
160,161,0.31595093978741,34.3055252053443,116.760588269528,33.3614932244177,115.167564242277,12.8228922119587,12.5069412721713,2017.91381400891,2018.2297649487,104200000
160,164,0.267898085590087,34.3055252053443,116.760588269528,35.2724107254347,118.145798931575,12.7748393577614,12.5069412721713,2017.91381400891,2018.1817120945,104200000
161,162,0.00474624099338383,33.3614932244177,115.167564242277,33.3595140672678,114.947233980941,12.8276384529521,12.8228922119587,2018.2297649487,2018.23451118969,104200000
161,163,0.000513493803109277,33.3614932244177,115.167564242277,33.4283727048787,115.127462984512,12.8234057057618,12.8228922119587,2018.2297649487,2018.2302784425,104200000
162,60,0.0175436048285927,33.3595140672678,114.947233980941,33.2835851934196,115.088362458743,12.8451820577807,12.8276384529521,2018.23451118969,2018.25205479452,104200000
162,59,0.0175436048285927,33.3595140672678,114.947233980941,33.6825094690354,114.974824017488,12.8451820577807,12.8276384529521,2018.23451118969,2018.25205479452,104200000
163,62,0.0217763520188673,33.4283727048787,115.127462984512,33.7422455364154,115.001199071565,12.8451820577807,12.8234057057618,2018.2302784425,2018.25205479452,104200000
163,61,0.254653064347656,33.4283727048787,115.127462984512,33.8971847716582,115.462183390442,13.0780587701095,12.8234057057618,2018.2302784425,2018.48493150685,104200000
164,165,0.0375522914126616,35.2724107254347,118.145798931575,35.568501932719,118.19148318213,12.8123916491741,12.7748393577614,2018.1817120945,2018.21926438591,104200000
164,166,0.00878389073267494,35.2724107254347,118.145798931575,35.1868959335889,117.933051352303,12.7836232484941,12.7748393577614,2018.1817120945,2018.19049598523,104200000
165,64,0.000707946919584312,35.568501932719,118.19148318213,35.6598664487741,118.289590825003,12.8130995960937,12.8123916491741,2018.21926438591,2018.21997233283,104200000
165,63,0.0343001402985749,35.568501932719,118.19148318213,35.266433712256,118.396318414068,12.8466917894726,12.8123916491741,2018.21926438591,2018.25356452621,104200000
166,167,0.0143661278896751,35.1868959335889,117.933051352303,34.972218457094,118.044753893363,12.7979893763838,12.7836232484941,2018.19049598523,2018.20486211312,104200000
166,65,0.11695189287429,35.1868959335889,117.933051352303,35.0972960590943,117.817631553206,12.9005751413684,12.7836232484941,2018.19049598523,2018.30744787811,104200000
167,168,0.0141373817586222,34.972218457094,118.044753893363,35.3829084250475,118.140335815288,12.8121267581424,12.7979893763838,2018.20486211312,2018.21899949488,104200000
167,170,0.0106534229977632,34.972218457094,118.044753893363,35.070565766487,118.013021547824,12.8086427993815,12.7979893763838,2018.20486211312,2018.21551553612,104200000
168,66,0.124938206745227,35.3829084250475,118.140335815288,35.5310433433369,117.778440495627,12.9370649648876,12.8121267581424,2018.21899949488,2018.34393770163,104200000
168,169,0.00628131192933123,35.3829084250475,118.140335815288,35.1708972588187,118.114838835374,12.8184080700717,12.8121267581424,2018.21899949488,2018.22528080681,104200000
169,68,0.00149886173232294,35.1708972588187,118.114838835374,35.0627256641828,118.03035671748,12.819906931804,12.8184080700717,2018.22528080681,2018.22677966854,104200000
169,67,0.0985549261970647,35.1708972588187,118.114838835374,34.8124507165416,118.672256310606,12.9169629962688,12.8184080700717,2018.22528080681,2018.32383573301,104200000
170,171,0.019643311494955,35.070565766487,118.013021547824,35.2703188040894,118.058541366538,12.8282861108765,12.8086427993815,2018.21551553612,2018.23515884762,104200000
170,71,0.0409960510045878,35.070565766487,118.013021547824,35.1002240165344,118.110754811231,12.8496388503861,12.8086427993815,2018.21551553612,2018.25651158713,104200000
171,70,0.0318471889962767,35.2703188040894,118.058541366538,35.4409472271865,117.98378650402,12.8601332998727,12.8282861108765,2018.23515884762,2018.26700603661,104200000
171,69,0.0127108091283007,35.2703188040894,118.058541366538,35.5752108903147,118.130799398557,12.8409969200048,12.8282861108765,2018.23515884762,2018.24786965674,104200000
172,72,0.033384138578609,35.1196985456287,118.703997434973,35.2224845396567,118.672419167668,12.8197878271088,12.7864036885302,2018.19327642527,2018.22666056385,104200000
172,73,0.0567093390494655,35.1196985456287,118.703997434973,36.0512509657822,118.99544872249,12.8431130275796,12.7864036885302,2018.19327642527,2018.24998576432,104200000
173,97,7.01066274545458,24.1081851790648,114.456875664933,25.5468139578366,111.995161164126,9.43088106022842,2.42021831477384,2007.82709105151,2014.83775379697,104200000
173,174,0.835369812927659,24.1081851790648,114.456875664933,23.2410519766402,114.39074770414,3.2555881277015,2.42021831477384,2007.82709105151,2008.66246086444,104200000
174,175,0.900997097277008,23.2410519766402,114.39074770414,22.9447429721707,113.175816425143,4.15658522497851,3.2555881277015,2008.66246086444,2009.56345796172,104200000
174,176,1.34633480809619,23.2410519766402,114.39074770414,26.4015403738512,114.99582463005,4.60192293579769,3.2555881277015,2008.66246086444,2010.00879567254,104200000
175,77,5.45845984650076,22.9447429721707,113.175816425143,30.2644292504334,113.454917380963,9.61504507147927,4.15658522497851,2009.56345796172,2015.02191780822,104200000
175,76,0.385993995807745,22.9447429721707,113.175816425143,22.5145330115636,114.267352938604,4.54257922078625,4.15658522497851,2009.56345796172,2009.94945195753,104200000
176,192,2.56617255159228,26.4015403738512,114.99582463005,31.5180870119743,116.650203624463,7.16809548738997,4.60192293579769,2010.00879567254,2012.57496822413,104200000
176,177,0.16671688736446,26.4015403738512,114.99582463005,26.2011412321601,115.534711567475,4.76863982316215,4.60192293579769,2010.00879567254,2010.1755125599,104200000
177,178,2.00994218941147,26.2011412321601,115.534711567475,27.7936929434509,114.433737252926,6.77858201257362,4.76863982316215,2010.1755125599,2012.18545474931,104200000
177,93,6.86284360448149,26.2011412321601,115.534711567475,29.4382182462245,119.800122216352,11.6314834276436,4.76863982316215,2010.1755125599,2017.03835616438,104200000
178,179,1.29854225386096,27.7936929434509,114.433737252926,26.1501048303074,115.3485451752,8.07712426643458,6.77858201257362,2012.18545474931,2013.48399700317,104200000
178,185,5.86298220136663,27.7936929434509,114.433737252926,33.5068613266852,118.620831912345,12.6415642139402,6.77858201257362,2012.18545474931,2018.04843695068,104200000
179,180,1.98305825382804,26.1501048303074,115.3485451752,25.0418955489199,114.52344759562,10.0601825202626,8.07712426643458,2013.48399700317,2015.467055257,104200000
179,84,3.5299356733383,26.1501048303074,115.3485451752,39.9114175205968,117.288889470245,11.6070599397729,8.07712426643458,2013.48399700317,2017.01393267651,104200000
180,183,0.585667278830786,25.0418955489199,114.52344759562,24.8403571022522,112.317839014865,10.6458497990934,10.0601825202626,2015.467055257,2016.05272253583,104200000
180,181,0.147082113921062,25.0418955489199,114.52344759562,24.9770679657623,114.366053173922,10.2072646341837,10.0601825202626,2015.467055257,2015.61413737092,104200000
181,182,0.610079143523271,24.9770679657623,114.366053173922,23.9073629429054,111.863089280391,10.8173437777069,10.2072646341837,2015.61413737092,2016.22421651445,104200000
181,78,0.555366334443616,24.9770679657623,114.366053173922,23.8680582349874,113.021767066655,10.7626309686273,10.2072646341837,2015.61413737092,2016.16950370537,104200000
182,80,0.27486369297029,23.9073629429054,111.863089280391,22.9360407770592,112.58741487961,11.0922074706772,10.8173437777069,2016.22421651445,2016.49908020742,104200000
182,79,0.013593201849178,23.9073629429054,111.863089280391,24.2457042351506,112.019789899486,10.8309369795561,10.8173437777069,2016.22421651445,2016.2378097163,104200000
183,81,0.078529803413669,24.8403571022522,112.317839014865,24.3656256317733,112.375351602175,10.7243796025071,10.6458497990934,2016.05272253583,2016.13125233925,104200000
183,184,0.00073500466254961,24.8403571022522,112.317839014865,24.8106915017064,112.292094171069,10.646584803756,10.6458497990934,2016.05272253583,2016.0534575405,104200000
184,82,0.0450079135051524,24.8106915017064,112.292094171069,25.0174825969991,112.419354159866,10.6915927172611,10.646584803756,2016.0534575405,2016.098465454,104200000
184,83,0.0641335965652612,24.8106915017064,112.292094171069,24.8905165075039,112.403383996664,10.7107184003212,10.646584803756,2016.0534575405,2016.11759113706,104200000
185,186,0.284127285035352,33.5068613266852,118.620831912345,34.5482988946103,118.711646215222,12.9256914989756,12.6415642139402,2018.04843695068,2018.33256423572,104200000
185,92,0.491047609308656,33.5068613266852,118.620831912345,33.3536481670556,118.734566404266,13.1326118232489,12.6415642139402,2018.04843695068,2018.53948455999,104200000
186,187,0.162208291563976,34.5482988946103,118.711646215222,33.3748891595558,118.58321533469,13.0878997905396,12.9256914989756,2018.33256423572,2018.49477252728,104200000
186,188,0.0338268527533205,34.5482988946103,118.711646215222,33.9681826830709,118.532687378107,12.9595183517289,12.9256914989756,2018.33256423572,2018.36639108847,104200000
187,85,0.0240375958963196,33.3748891595558,118.58321533469,33.7024049863171,118.52127072618,13.1119373864359,13.0878997905396,2018.49477252728,2018.51881012318,104200000
187,86,0.00562492845050699,33.3748891595558,118.58321533469,33.233464979568,118.448063403141,13.0935247189901,13.0878997905396,2018.49477252728,2018.50039745573,104200000
188,87,0.146886931426053,33.9681826830709,118.532687378107,33.3758654323173,118.46945848116,13.106405283155,12.9595183517289,2018.36639108847,2018.5132780199,104200000
188,189,0.01067017301934,33.9681826830709,118.532687378107,34.0210970177748,118.362809215206,12.9701885247483,12.9595183517289,2018.36639108847,2018.37706126149,104200000
189,190,0.113557725392354,34.0210970177748,118.362809215206,33.1069919607393,117.543950057342,13.0837462501406,12.9701885247483,2018.37706126149,2018.49061898688,104200000
189,88,0.213738634469696,34.0210970177748,118.362809215206,34.0662288575953,118.146096038419,13.183927159218,12.9701885247483,2018.37706126149,2018.59079989596,104200000
190,191,0.159974953754666,33.1069919607393,117.543950057342,33.4532297551455,118.101665309734,13.2437212038953,13.0837462501406,2018.49061898688,2018.65059394064,104200000
190,91,0.285880481345583,33.1069919607393,117.543950057342,34.1341442367201,118.960901461232,13.3696267314862,13.0837462501406,2018.49061898688,2018.77649946823,104200000
191,90,0.0367628742348847,33.4532297551455,118.101665309734,33.6424133920227,118.358132086093,13.2804840781302,13.2437212038953,2018.65059394064,2018.68735681487,104200000
191,89,0.148599710690919,33.4532297551455,118.101665309734,33.2818842271211,118.129835154587,13.3923209145862,13.2437212038953,2018.65059394064,2018.79919365133,104200000
192,96,4.025056902793,31.5180870119743,116.650203624463,35.7830473197625,114.153448139378,11.193152390183,7.16809548738997,2012.57496822413,2016.60002512692,104200000
192,193,2.38408765730055,31.5180870119743,116.650203624463,32.7491228009292,120.534371185288,9.55218314469053,7.16809548738997,2012.57496822413,2014.95905588143,104200000
193,95,0.0255754059575226,32.7491228009292,120.534371185288,33.0658653831601,120.709339157715,9.57775855064805,9.55218314469053,2014.95905588143,2014.98463128739,104200000
193,94,3.4257766156133,32.7491228009292,120.534371185288,23.3449538570018,113.138715486281,12.9779597603038,9.55218314469053,2014.95905588143,2018.38483249704,104200000
