node1,node2,length,startLat,startLon,endLat,endLon,endNodeL,startNodeL,startYear,endYear,treeID
601,639,0.0044528056849984,39.1371254878793,-73.9620528938785,39.1420426078763,-73.97059928713,0.0044528056849984,0,1997.32098142353,1997.32543422922,3890000
601,602,0.1011198078,39.1371254878793,-73.9620528938785,40.7955849861775,-73.8859320263632,0.1011198078,0,1997.32098142353,1997.42210123133,3890000
602,603,1.019633582,40.7955849861775,-73.8859320263632,40.8638907237533,-73.7206775876363,1.1207533898,0.1011198078,1997.42210123133,1998.44173481333,3890000
602,606,0.6519565153,40.7955849861775,-73.8859320263632,40.1854221346688,-73.8307981209952,0.7530763231,0.1011198078,1997.42210123133,1998.07405774663,3890000
603,604,0.0756267167099978,40.8638907237533,-73.7206775876363,40.9154623017232,-73.5715667364824,1.19638010651,1.1207533898,1998.44173481333,1998.51736153004,3890000
603,605,2.564033941,40.8638907237533,-73.7206775876363,41.309714338316,-73.6467444712204,3.6847873308,1.1207533898,1998.44173481333,2001.00576875433,3890000
604,1,1.22513847,40.9154623017232,-73.5715667364824,40.8676,-73.6716,2.42151857651,1.19638010651,1998.51736153004,1999.74250000004,3890000
604,2,1.18403847,40.9154623017232,-73.5715667364824,40.7019,-73.6114,2.38041857651,1.19638010651,1998.51736153004,1999.70140000004,3890000
605,3,0.6764312458,41.309714338316,-73.6467444712204,41.0166,-73.7045,4.3612185766,3.6847873308,2001.00576875433,2001.68220000013,3890000
605,4,0.750431245800002,41.309714338316,-73.6467444712204,41.2852,-72.7193,4.4352185766,3.6847873308,2001.00576875433,2001.75620000013,3890000
606,607,0.0359041508599987,40.1854221346688,-73.8307981209952,40.0224654199166,-74.1587060453116,0.788980473959999,0.7530763231,1998.07405774663,1998.10996189749,3890000
606,634,1.85798377,40.1854221346688,-73.8307981209952,41.1862669818229,-73.1747794879867,2.6110600931,0.7530763231,1998.07405774663,1999.93204151663,3890000
607,609,0.0231530860000007,40.0224654199166,-74.1587060453116,40.8769781275807,-73.2823500296884,0.81213355996,0.788980473959999,1998.10996189749,1998.13311498349,3890000
607,608,0.117133512200002,40.0224654199166,-74.1587060453116,40.0787478432771,-73.633372772571,0.906113986160001,0.788980473959999,1998.10996189749,1998.22709540969,3890000
608,5,0.772904590299998,40.0787478432771,-73.633372772571,41.0062,-74.1801,1.67901857646,0.906113986160001,1998.22709540969,1998.99999999999,3890000
608,6,1.42770459,40.0787478432771,-73.633372772571,39.9065,-74.0949,2.33381857616,0.906113986160001,1998.22709540969,1999.65479999969,3890000
609,610,0.300915642700001,40.8769781275807,-73.2823500296884,40.6008518311443,-75.4734054377513,1.11304920266,0.81213355996,1998.13311498349,1998.43403062619,3890000
609,628,0.0672486057899988,40.8769781275807,-73.2823500296884,40.9332332546204,-73.2676570153279,0.879382165749998,0.81213355996,1998.13311498349,1998.20036358928,3890000
610,612,0.0728476542099976,40.6008518311443,-75.4734054377513,40.4903280108846,-75.5792723604222,1.18589685687,1.11304920266,1998.43403062619,1998.5068782804,3890000
610,611,2.60740735,40.6008518311443,-75.4734054377513,42.2116409301796,-74.3959505487614,3.72045655266,1.11304920266,1998.43403062619,2001.04143797619,3890000
611,7,0.6380620237,42.2116409301796,-74.3959505487614,41.7479,-73.1368,4.35851857636,3.72045655266,2001.04143797619,2001.67949999989,3890000
611,8,0.662662023700001,42.2116409301796,-74.3959505487614,41.995,-74.2042,4.38311857636,3.72045655266,2001.04143797619,2001.70409999989,3890000
612,9,2.01772172,40.4903280108846,-75.5792723604222,40.8124,-73.4759,3.20361857687,1.18589685687,1998.5068782804,2000.5246000004,3890000
612,613,1.342522864,40.4903280108846,-75.5792723604222,41.3135997379168,-75.7713294814774,2.52841972087,1.18589685687,1998.5068782804,1999.8494011444,3890000
613,618,0.117200069099997,41.3135997379168,-75.7713294814774,40.9919607447054,-74.7994956359575,2.64561978997,2.52841972087,1999.8494011444,1999.9666012135,3890000
613,614,0.2056354598,41.3135997379168,-75.7713294814774,41.4678936379059,-75.6241394429367,2.73405518067,2.52841972087,1999.8494011444,2000.0550366042,3890000
614,10,1.775063396,41.4678936379059,-75.6241394429367,40.6916,-76.1166,4.50911857667,2.73405518067,2000.0550366042,2001.8301000002,3890000
614,615,0.800791535999998,41.4678936379059,-75.6241394429367,41.7073684358674,-75.8715747020353,3.53484671667,2.73405518067,2000.0550366042,2000.8558281402,3890000
615,14,0.782571859800001,41.7073684358674,-75.8715747020353,42.3372,-78.4412,4.31741857647,3.53484671667,2000.8558281402,2001.6384,3890000
615,616,0.1816286472,41.7073684358674,-75.8715747020353,41.5937502643856,-78.5176283187548,3.71647536387,3.53484671667,2000.8558281402,2001.0374567874,3890000
616,617,0.164242661299999,41.5937502643856,-78.5176283187548,42.195756475571,-78.6449146950093,3.88071802517,3.71647536387,2001.0374567874,2001.2016994487,3890000
616,11,0.776243212600001,41.5937502643856,-78.5176283187548,42.7346,-79.1809,4.49271857647,3.71647536387,2001.0374567874,2001.8137,3890000
617,13,0.516100551199999,42.195756475571,-78.6449146950093,40.9009,-75.9858,4.39681857637,3.88071802517,2001.2016994487,2001.7177999999,3890000
617,12,0.507900551200001,42.195756475571,-78.6449146950093,42.2478,-78.551,4.38861857637,3.88071802517,2001.2016994487,2001.7095999999,3890000
618,619,0.1069984158,40.9919607447054,-74.7994956359575,41.0869878260301,-75.5059978236954,2.75261820577,2.64561978997,1999.9666012135,2000.0735996293,3890000
618,627,0.014685180179999,40.9919607447054,-74.7994956359575,40.9632167273901,-74.6719023963012,2.66030497015,2.64561978997,1999.9666012135,1999.98128639368,3890000
619,620,0.933772811500001,41.0869878260301,-75.5059978236954,40.7828511184533,-74.9900300925962,3.68639101727,2.75261820577,2000.0735996293,2001.0073724408,3890000
619,625,0.791624496000001,41.0869878260301,-75.5059978236954,39.4337450647626,-76.7396955466996,3.54424270177,2.75261820577,2000.0735996293,2000.8652241253,3890000
620,621,0.02298329019,40.7828511184533,-74.9900300925962,40.4173507623723,-74.8787590216548,3.70937430746,3.68639101727,2001.0073724408,2001.03035573099,3890000
620,624,0.0225604751000006,40.7828511184533,-74.9900300925962,40.650364005867,-75.0802609241927,3.70895149237,3.68639101727,2001.0073724408,2001.0299329159,3890000
621,622,0.08378107359,40.4173507623723,-74.8787590216548,40.9299619697276,-75.9792113306343,3.79315538105,3.70937430746,2001.03035573099,2001.11413680458,3890000
621,623,1.830584086,40.4173507623723,-74.8787590216548,39.6774542306318,-75.0527002820605,5.53995839346,3.70937430746,2001.03035573099,2002.86093981699,3890000
622,15,1.606363195,40.9299619697276,-75.9792113306343,40.9586,-76.0019,5.39951857605,3.79315538105,2001.11413680458,2002.72049999958,3890000
622,16,1.559863195,40.9299619697276,-75.9792113306343,40.8366,-76.5259,5.35301857605,3.79315538105,2001.11413680458,2002.67399999958,3890000
623,18,0.788360183,39.6774542306318,-75.0527002820605,39.7337,-75.1261,6.32831857646,5.53995839346,2002.86093981699,2003.64929999999,3890000
623,17,0.769160183,39.6774542306318,-75.0527002820605,39.5988,-75.0413,6.30911857646,5.53995839346,2002.86093981699,2003.63009999999,3890000
624,19,0.589267084099999,40.650364005867,-75.0802609241927,40.9855,-76.5296,4.29821857647,3.70895149237,2001.0299329159,2001.6192,3890000
624,20,1.717967084,40.650364005867,-75.0802609241927,41.7172,-81.7193,5.42691857637,3.70895149237,2001.0299329159,2002.7478999999,3890000
625,626,0.174042480100001,39.4337450647626,-76.7396955466996,41.3079135114701,-76.5907577198003,3.71828518187,3.54424270177,2000.8652241253,2001.0392666054,3890000
625,23,0.981375874699999,39.4337450647626,-76.7396955466996,40.8345,-76.0734,4.52561857647,3.54424270177,2000.8652241253,2001.8466,3890000
626,22,1.656633395,41.3079135114701,-76.5907577198003,40.7326,-75.6928,5.37491857687,3.71828518187,2001.0392666054,2002.6959000004,3890000
626,21,1.574433395,41.3079135114701,-76.5907577198003,41.2513,-75.9435,5.29271857687,3.71828518187,2001.0392666054,2002.6137000004,3890000
627,24,0.731813606300001,40.9632167273901,-74.6719023963012,40.686,-73.4431,3.39211857645,2.66030497015,1999.98128639368,2000.71309999998,3890000
627,25,1.662513606,40.9632167273901,-74.6719023963012,42.8775,-74.1535,4.32281857615,2.66030497015,1999.98128639368,2001.64379999968,3890000
628,631,0.1281393143,40.9332332546204,-73.2676570153279,40.9647792651495,-73.2957295754509,1.00752148005,0.879382165749998,1998.20036358928,1998.32850290358,3890000
628,629,0.00286616735500189,40.9332332546204,-73.2676570153279,40.9333429324367,-73.2553283409706,0.882248333105,0.879382165749998,1998.20036358928,1998.20322975664,3890000
629,630,1.638547335,40.9333429324367,-73.2553283409706,40.888006720052,-73.4773961369469,2.520795668105,0.882248333105,1998.20322975664,1999.84177709164,3890000
629,26,4.391270243,40.9333429324367,-73.2553283409706,41.4854,-74.0235,5.273518576105,0.882248333105,1998.20322975664,2002.59449999964,3890000
630,28,0.158222908600003,40.888006720052,-73.4773961369469,40.8932,-73.784,2.679018576705,2.520795668105,1999.84177709164,2000.00000000024,3890000
630,27,0.879522908600002,40.888006720052,-73.4773961369469,41.8786,-76.2376,3.400318576705,2.520795668105,1999.84177709164,2000.72130000024,3890000
631,32,1.375597096,40.9647792651495,-73.2957295754509,40.8009,-73.4405,2.38311857605,1.00752148005,1998.32850290358,1999.70409999958,3890000
631,632,1.580366533,40.9647792651495,-73.2957295754509,41.1571173203157,-72.8257973894331,2.58788801305,1.00752148005,1998.32850290358,1999.90886943658,3890000
632,633,0.947519456399998,41.1571173203157,-72.8257973894331,40.1456716863629,-71.6510354469388,3.53540746945,2.58788801305,1999.90886943658,2000.85638889298,3890000
632,31,0.809730563699999,41.1571173203157,-72.8257973894331,41.1457,-73.6095,3.39761857675,2.58788801305,1999.90886943658,2000.71860000028,3890000
633,29,0.855911107400001,40.1456716863629,-71.6510354469388,40.2938,-71.9081,4.39131857685,3.53540746945,2000.85638889298,2001.71230000038,3890000
633,30,0.8943111074,40.1456716863629,-71.6510354469388,40.3177,-71.6799,4.42971857685,3.53540746945,2000.85638889298,2001.75070000038,3890000
634,636,0.567215262999998,41.1862669818229,-73.1747794879867,41.2639674454748,-73.588333837908,3.1782753561,2.6110600931,1999.93204151663,2000.49925677963,3890000
634,635,1.041259771,41.1862669818229,-73.1747794879867,41.028201537524,-73.7688325021909,3.6523198641,2.6110600931,1999.93204151663,2000.97330128763,3890000
635,33,1.760898712,41.028201537524,-73.7688325021909,40.7962,-74.3458,5.4132185761,3.6523198641,2000.97330128763,2002.73419999963,3890000
635,34,1.706198712,41.028201537524,-73.7688325021909,40.3189,-72.2598,5.3585185761,3.6523198641,2000.97330128763,2002.67949999963,3890000
636,35,1.18564322,41.2639674454748,-73.588333837908,41.1429,-73.1918,4.3639185761,3.1782753561,2000.49925677963,2001.68489999963,3890000
636,637,0.108199299000002,41.2639674454748,-73.588333837908,41.0494049399701,-73.4249099790954,3.2864746551,3.1782753561,2000.49925677963,2000.60745607863,3890000
637,638,0.934592154599999,41.0494049399701,-73.4249099790954,41.0495042729618,-73.6875028635797,4.2210668097,3.2864746551,2000.60745607863,2001.54204823323,3890000
637,36,0.0592439213199984,41.0494049399701,-73.4249099790954,41.0309,-73.7387,3.34571857642,3.2864746551,2000.60745607863,2000.66669999995,3890000
638,37,2.088051767,41.0495042729618,-73.6875028635797,39.8221,-72.2522,6.3091185767,4.2210668097,2001.54204823323,2003.63010000023,3890000
638,38,0.1565517667,41.0495042729618,-73.6875028635797,41.0536,-73.6601,4.3776185764,4.2210668097,2001.54204823323,2001.69859999993,3890000
639,640,0.827216675200003,39.1420426078763,-73.97059928713,38.6969904839105,-71.8467266312814,0.831669480885001,0.0044528056849984,1997.32543422922,1998.15265090442,3890000
639,1197,2.584285184,39.1420426078763,-73.97059928713,39.7566719728463,-77.3113943473201,2.588737989685,0.0044528056849984,1997.32543422922,1999.90971941322,3890000
640,39,2.399249096,38.6969904839105,-71.8467266312814,40.853,-74.2426,3.230918576885,0.831669480885001,1998.15265090442,2000.55190000042,3890000
640,641,0.126099067599998,38.6969904839105,-71.8467266312814,38.5118872724178,-72.1318307550607,0.957768548484999,0.831669480885001,1998.15265090442,1998.27874997202,3890000
641,642,0.981523173199999,38.5118872724178,-72.1318307550607,39.6408894539886,-71.9594311396604,1.939291721685,0.957768548484999,1998.27874997202,1999.26027314522,3890000
641,1178,0.4536056902,38.5118872724178,-72.1318307550607,38.5853127165276,-72.0909200245313,1.411374238685,0.957768548484999,1998.27874997202,1998.73235566222,3890000
642,921,1.389500286,39.6408894539886,-71.9594311396604,40.7297125315782,-73.8702566113072,3.328792007685,1.939291721685,1999.26027314522,2000.64977343122,3890000
642,643,0.5306681464,39.6408894539886,-71.9594311396604,39.851138446955,-73.1426918382284,2.469959868085,1.939291721685,1999.26027314522,1999.79094129162,3890000
643,644,0.0968742050300016,39.851138446955,-73.1426918382284,39.9014645971477,-73.4043795887977,2.566834073115,2.469959868085,1999.79094129162,1999.88781549665,3890000
643,702,0.0609056609300005,39.851138446955,-73.1426918382284,39.9149206266591,-73.1667257530525,2.530865529015,2.469959868085,1999.79094129162,1999.85184695255,3890000
644,653,0.904203319900001,39.9014645971477,-73.4043795887977,40.3163805933769,-74.4719755528296,3.471037393015,2.566834073115,1999.88781549665,2000.79201881655,3890000
644,645,0.7783472965,39.9014645971477,-73.4043795887977,41.0922419150681,-73.7991253023112,3.345181369615,2.566834073115,1999.88781549665,2000.66616279315,3890000
645,40,6.048937207,41.0922419150681,-73.7991253023112,41.0877,-73.8146,9.394118576615,3.345181369615,2000.66616279315,2006.71510000015,3890000
645,646,0.2489293766,41.0922419150681,-73.7991253023112,40.9664776629503,-74.4237671253237,3.594110746215,3.345181369615,2000.66616279315,2000.91509216975,3890000
646,647,0.106434588200001,40.9664776629503,-74.4237671253237,40.944590564178,-74.4393578905369,3.700545334415,3.594110746215,2000.91509216975,2001.02152675795,3890000
646,649,0.0813399874900007,40.9664776629503,-74.4237671253237,41.0148028448015,-74.4977444802692,3.675450733705,3.594110746215,2000.91509216975,2000.99643215724,3890000
647,648,0.0297845171700004,40.944590564178,-74.4393578905369,40.2635191187062,-75.1780618313139,3.730329851585,3.700545334415,2001.02152675795,2001.05131127512,3890000
647,43,6.578473242,40.944590564178,-74.4393578905369,38.8452,-72.1196,10.279018576415,3.700545334415,2001.02152675795,2007.59999999995,3890000
648,41,2.948688725,40.2635191187062,-75.1780618313139,39.4256,-57.7737,6.679018576585,3.730329851585,2001.05131127512,2004.00000000012,3890000
648,42,5.551388725,40.2635191187062,-75.1780618313139,37.6307,-76.2509,9.281718576585,3.730329851585,2001.05131127512,2006.60270000012,3890000
649,44,4.798067843,41.0148028448015,-74.4977444802692,40.5482,-74.3622,8.473518576705,3.675450733705,2000.99643215724,2005.79450000024,3890000
649,650,0.0658001769799998,41.0148028448015,-74.4977444802692,41.0707119847795,-74.4678261780683,3.741250910685,3.675450733705,2000.99643215724,2001.06223233422,3890000
650,48,6.611767666,41.0707119847795,-74.4678261780683,40.5585,-76.0662,10.353018576685,3.741250910685,2001.06223233422,2007.67400000022,3890000
650,651,0.04334773243,41.0707119847795,-74.4678261780683,41.0415186380244,-74.8043785798285,3.784598643115,3.741250910685,2001.06223233422,2001.10558006665,3890000
651,652,0.9172773611,41.0415186380244,-74.8043785798285,40.8950356118158,-75.209290002117,4.701876004215,3.784598643115,2001.10558006665,2002.02285742775,3890000
651,47,1.894419933,41.0415186380244,-74.8043785798285,41.1719,-74.465,5.679018576115,3.784598643115,2001.10558006665,2002.99999999965,3890000
652,46,0.9771425723,40.8950356118158,-75.209290002117,63.6629,-121.0595,5.679018576515,4.701876004215,2002.02285742775,2003.00000000005,3890000
652,45,1.568942572,40.8950356118158,-75.209290002117,54.52,-108.9509,6.270818576215,4.701876004215,2002.02285742775,2003.59179999975,3890000
653,657,0.0493042146700002,40.3163805933769,-74.4719755528296,40.4792354892031,-73.7425867594867,3.520341607685,3.471037393015,2000.79201881655,2000.84132303122,3890000
653,654,0.2810443435,40.3163805933769,-74.4719755528296,40.3309044862387,-73.9617564062365,3.752081736515,3.471037393015,2000.79201881655,2001.07306316005,3890000
654,52,2.55983684,40.3309044862387,-73.9617564062365,40.1804,-73.5746,6.311918576515,3.752081736515,2001.07306316005,2003.63290000005,3890000
654,655,0.8957027979,40.3309044862387,-73.9617564062365,40.9370884597213,-74.007400468794,4.647784534415,3.752081736515,2001.07306316005,2001.96876595795,3890000
655,51,1.853134042,40.9370884597213,-74.007400468794,41.3921,-74.4,6.500918576415,4.647784534415,2001.96876595795,2003.82189999995,3890000
655,656,0.2193809158,40.9370884597213,-74.007400468794,40.8272830825775,-73.911797433999,4.867165450215,4.647784534415,2001.96876595795,2002.18814687375,3890000
656,50,2.546853126,40.8272830825775,-73.911797433999,36.8475,-67.6728,7.414018576215,4.867165450215,2002.18814687375,2004.73499999975,3890000
656,49,0.5269531264,40.8272830825775,-73.911797433999,40.6406,-73.7184,5.394118576615,4.867165450215,2002.18814687375,2002.71510000015,3890000
657,684,0.0161923990899986,40.4792354892031,-73.7425867594867,40.5758157665818,-73.726336289805,3.536534006775,3.520341607685,2000.84132303122,2000.85751543031,3890000
657,658,0.0246107376099989,40.4792354892031,-73.7425867594867,40.2797422204186,-73.2325802705392,3.544952345295,3.520341607685,2000.84132303122,2000.86593376883,3890000
658,681,0.726352867299999,40.2797422204186,-73.2325802705392,40.2159093290714,-72.6692750163437,4.271305212595,3.544952345295,2000.86593376883,2001.59228663613,3890000
658,659,0.0809806877699994,40.2797422204186,-73.2325802705392,40.8891346907962,-73.915296508419,3.625933033065,3.544952345295,2000.86593376883,2000.9469144566,3890000
659,660,1.029418479,40.8891346907962,-73.915296508419,41.2998430346414,-73.8450084250533,4.655351512065,3.625933033065,2000.9469144566,2001.9763329356,3890000
659,675,0.00784079685600148,40.8891346907962,-73.915296508419,40.2386083045949,-73.9416312428054,3.633773829921,3.625933033065,2000.9469144566,2000.95475525345,3890000
660,661,0.122595494900001,41.2998430346414,-73.8450084250533,41.0416217794987,-73.383033420447,4.777947006965,4.655351512065,2001.9763329356,2002.0989284305,3890000
660,53,1.675767065,41.2998430346414,-73.8450084250533,44.9471,-76.7082,6.331118577065,4.655351512065,2001.9763329356,2003.6521000006,3890000
661,68,1.64357157,41.0416217794987,-73.383033420447,40.3475,-75.3676,6.421518576965,4.777947006965,2002.0989284305,2003.7425000005,3890000
661,662,0.7387697801,41.0416217794987,-73.383033420447,41.8297125738273,-74.4717559169116,5.516716787065,4.777947006965,2002.0989284305,2002.8376982106,3890000
662,663,0.101576876300001,41.8297125738273,-74.4717559169116,41.1801910326224,-73.9381532348632,5.618293663365,5.516716787065,2002.8376982106,2002.9392750869,3890000
662,667,0.0237365060299997,41.8297125738273,-74.4717559169116,41.6709209515695,-74.4820059965506,5.540453293095,5.516716787065,2002.8376982106,2002.86143471663,3890000
663,664,0.916396757699999,41.1801910326224,-73.9381532348632,41.5633934117167,-74.6716316860299,6.534690421065,5.618293663365,2002.9392750869,2003.8556718446,3890000
663,666,1.110753949,41.1801910326224,-73.9381532348632,41.135534137878,-73.8724331582858,6.729047612365,5.618293663365,2002.9392750869,2004.0500290359,3890000
664,54,0.8328281558,41.5633934117167,-74.6716316860299,41.3813,-74.7316,7.367518576865,6.534690421065,2003.8556718446,2004.6885000004,3890000
664,665,3.126451256,41.5633934117167,-74.6716316860299,39.6257229339416,-71.9259765741972,9.661141677065,6.534690421065,2003.8556718446,2006.9821231006,3890000
665,56,0.617876900000001,39.6257229339416,-71.9259765741972,39.4568,-71.1678,10.279018577065,9.661141677065,2006.9821231006,2007.6000000006,3890000
665,55,0.5794769,39.6257229339416,-71.9259765741972,39.6925,-71.4989,10.240618577065,9.661141677065,2006.9821231006,2007.5616000006,3890000
666,57,0.695870964299999,41.135534137878,-73.8724331582858,40.8615,-74.2149,7.424918576665,6.729047612365,2004.0500290359,2004.7459000002,3890000
666,58,0.5565709643,41.135534137878,-73.8724331582858,42.0001,-73.6521,7.285618576665,6.729047612365,2004.0500290359,2004.6066000002,3890000
667,674,0.0251179496299994,41.6709209515695,-74.4820059965506,40.9685875474448,-72.4927770426717,5.565571242725,5.540453293095,2002.86143471663,2002.88655266626,3890000
667,668,0.0792773425700002,41.6709209515695,-74.4820059965506,41.2994268788826,-72.3202441462043,5.619730635665,5.540453293095,2002.86143471663,2002.9407120592,3890000
668,65,3.697687941,41.2994268788826,-72.3202441462043,29.3148,-73.6901,9.317418576665,5.619730635665,2002.9407120592,2006.6384000002,3890000
668,669,2.006602227,41.2994268788826,-72.3202441462043,40.4403120317878,-72.852590890106,7.626332862665,5.619730635665,2002.9407120592,2004.9473142862,3890000
669,670,0.2996317376,40.4403120317878,-72.852590890106,40.677388389974,-73.171874487374,7.925964600265,7.626332862665,2004.9473142862,2005.2469460238,3890000
669,672,0.2580266745,40.4403120317878,-72.852590890106,40.5661009019542,-73.1180667563048,7.884359537165,7.626332862665,2004.9473142862,2005.2053409607,3890000
670,671,0.0206269701299995,40.677388389974,-73.171874487374,40.8534300045963,-73.3447880919933,7.946591570395,7.925964600265,2005.2469460238,2005.26757299393,3890000
670,59,0.4598539771,40.677388389974,-73.171874487374,40.5314,-73.2547,8.385818577365,7.925964600265,2005.2469460238,2005.7068000009,3890000
671,60,0.337927006900001,40.8534300045963,-73.3447880919933,40.9061,-73.3691,8.284518577295,7.946591570395,2005.26757299393,2005.60550000083,3890000
671,61,0.2995270069,40.8534300045963,-73.3447880919933,40.7542,-73.3686,8.246118577295,7.946591570395,2005.26757299393,2005.56710000083,3890000
672,64,0.4138590401,40.5661009019542,-73.1180667563048,40.638,-72.9663,8.298218577265,7.884359537165,2005.2053409607,2005.6192000008,3890000
672,673,0.0537469699999988,40.5661009019542,-73.1180667563048,40.7109674860095,-73.0446406382622,7.938106507165,7.884359537165,2005.2053409607,2005.2590879307,3890000
673,63,0.340912070100002,40.7109674860095,-73.0446406382622,40.9789,-73.1993,8.279018577265,7.938106507165,2005.2590879307,2005.6000000008,3890000
673,62,0.483412070100002,40.7109674860095,-73.0446406382622,40.5841,-73.1288,8.421518577265,7.938106507165,2005.2590879307,2005.7425000008,3890000
674,67,3.820247334,40.9685875474448,-72.4927770426717,44.1133,-69.8996,9.385818576725,5.565571242725,2002.88655266626,2006.70680000026,3890000
674,66,2.740847334,40.9685875474448,-72.4927770426717,41.2893,-79.3593,8.306418576725,5.565571242725,2002.88655266626,2005.62740000026,3890000
675,678,0.1855992159,40.2386083045949,-73.9416312428054,40.6847773814561,-74.7770948184457,3.819373045821,3.633773829921,2000.95475525345,2001.14035446935,3890000
675,676,0.0980807133799999,40.2386083045949,-73.9416312428054,40.2953522571908,-73.8767403241956,3.731854543301,3.633773829921,2000.95475525345,2001.05283596683,3890000
676,71,2.560864033,40.2953522571908,-73.8767403241956,40.2594,-74.2016,6.292718576301,3.731854543301,2001.05283596683,2003.61369999983,3890000
676,677,1.032484629,40.2953522571908,-73.8767403241956,40.194709760342,-73.7275472338418,4.764339172301,3.731854543301,2001.05283596683,2002.08532059583,3890000
677,69,2.518479404,40.194709760342,-73.7275472338418,40.8184,-73.6621,7.282818576301,4.764339172301,2002.08532059583,2004.60379999983,3890000
677,70,1.618779404,40.194709760342,-73.7275472338418,40.0906,-73.0461,6.383118576301,4.764339172301,2002.08532059583,2003.70409999983,3890000
678,72,1.489745531,40.6847773814561,-74.7770948184457,40.6976,-73.9039,5.309118576821,3.819373045821,2001.14035446935,2002.63010000035,3890000
678,679,0.916289362900001,40.6847773814561,-74.7770948184457,40.108643739752,-73.8975782893132,4.735662408721,3.819373045821,2001.14035446935,2002.05664383225,3890000
679,73,1.672156168,40.108643739752,-73.8975782893132,40.0059,-73.7773,6.407818576721,4.735662408721,2002.05664383225,2003.72880000025,3890000
679,680,0.0627290572299994,40.108643739752,-73.8975782893132,40.1576138068048,-73.9483459902138,4.798391465951,4.735662408721,2002.05664383225,2002.11937288948,3890000
680,75,0.5135271106,40.1576138068048,-73.9483459902138,40.4123,-73.6639,5.311918576551,4.798391465951,2002.11937288948,2002.63290000008,3890000
680,74,1.447727111,40.1576138068048,-73.9483459902138,39.2003,-73.8004,6.246118576951,4.798391465951,2002.11937288948,2003.56710000048,3890000
681,76,1.144713364,40.2159093290714,-72.6692750163437,40.4863,-72.52,5.416018576595,4.271305212595,2001.59228663613,2002.73700000013,3890000
681,682,0.2329315557,40.2159093290714,-72.6692750163437,40.57242896142,-72.6056627445046,4.504236768295,4.271305212595,2001.59228663613,2001.82521819183,3890000
682,683,0.172727417199999,40.57242896142,-72.6056627445046,41.026833442083,-72.6052445290868,4.676964185495,4.504236768295,2001.82521819183,2001.99794560903,3890000
682,79,0.8733818083,40.57242896142,-72.6056627445046,40.7836,-74.0614,5.377618576595,4.504236768295,2001.82521819183,2002.69860000013,3890000
683,78,0.736254391100001,41.026833442083,-72.6052445290868,36.7368,-78.2744,5.413218576595,4.676964185495,2001.99794560903,2002.73420000013,3890000
683,77,3.703454391,41.026833442083,-72.6052445290868,40.4066,-74.204,8.380418576495,4.676964185495,2001.99794560903,2005.70140000003,3890000
684,690,0.0521685745100004,40.5758157665818,-73.726336289805,40.8325200636381,-74.0975691302501,3.588702581285,3.536534006775,2000.85751543031,2000.90968400482,3890000
684,685,0.00534673946500064,40.5758157665818,-73.726336289805,40.5320198771697,-73.6596588619902,3.54188074624,3.536534006775,2000.85751543031,2000.86286216977,3890000
685,85,1.81663783,40.5320198771697,-73.6596588619902,40.7131,-73.5029,5.35851857624,3.54188074624,2000.86286216977,2002.67949999977,3890000
685,686,0.01034586888,40.5320198771697,-73.6596588619902,40.8039507409968,-73.6052943906866,3.55222661512,3.54188074624,2000.86286216977,2000.87320803865,3890000
686,689,0.631850909599999,40.8039507409968,-73.6052943906866,41.9552580821994,-72.9243749390785,4.18407752472,3.55222661512,2000.87320803865,2001.50505894825,3890000
686,687,0.166548472100001,40.8039507409968,-73.6052943906866,40.8691020983713,-73.6494130795318,3.71877508722,3.55222661512,2000.87320803865,2001.03975651075,3890000
687,688,0.0631040883500003,40.8691020983713,-73.6494130795318,41.5140674120216,-73.5845411001952,3.78187917557,3.71877508722,2001.03975651075,2001.1028605991,3890000
687,82,0.7191434893,40.8691020983713,-73.6494130795318,62.2861,-77.9528,4.43791857652,3.71877508722,2001.03975651075,2001.75890000005,3890000
688,81,2.546439401,41.5140674120216,-73.5845411001952,41.4708,-73.6792,6.32831857657,3.78187917557,2001.1028605991,2003.6493000001,3890000
688,80,4.445039401,41.5140674120216,-73.5845411001952,41.959,-72.0291,8.22691857657,3.78187917557,2001.1028605991,2005.5479000001,3890000
689,84,1.185341052,41.9552580821994,-72.9243749390785,19.7971,-32.5939,5.36941857672,4.18407752472,2001.50505894825,2002.69040000025,3890000
689,83,2.248341052,41.9552580821994,-72.9243749390785,42.3709,-71.575,6.43241857672,4.18407752472,2001.50505894825,2003.75340000025,3890000
690,692,0.0246839068499991,40.8325200636381,-74.0975691302501,41.1354781680984,-74.0585631361137,3.613386488135,3.588702581285,2000.90968400482,2000.93436791167,3890000
690,691,0.1210114747,40.8325200636381,-74.0975691302501,40.8792190559632,-73.9815827777977,3.709714055985,3.588702581285,2000.90968400482,2001.03069547952,3890000
691,86,2.580304521,40.8792190559632,-73.9815827777977,41.2063,-73.8167,6.290018576985,3.709714055985,2001.03069547952,2003.61100000052,3890000
691,87,3.351804521,40.8792190559632,-73.9815827777977,39.9786,-76.6648,7.061518576985,3.709714055985,2001.03069547952,2004.38250000052,3890000
692,693,0.0983654372300009,41.1354781680984,-74.0585631361137,41.0839380053579,-74.0209286371091,3.711751925365,3.613386488135,2000.93436791167,2001.0327333489,3890000
692,698,0.859730394700001,41.1354781680984,-74.0585631361137,41.785943903819,-73.7694600761262,4.473116882835,3.613386488135,2000.93436791167,2001.79409830637,3890000
693,697,4.306201874,41.0839380053579,-74.0209286371091,40.4160788619374,-74.9550965799662,8.017953799365,3.711751925365,2001.0327333489,2005.3389352229,3890000
693,694,0.887313021699999,41.0839380053579,-74.0209286371091,41.2967565536313,-74.3441973724302,4.599064947065,3.711751925365,2001.0327333489,2001.9200463706,3890000
694,695,0.170585346500001,41.2967565536313,-74.3441973724302,41.1269346507158,-73.9689604082167,4.769650293565,4.599064947065,2001.9200463706,2002.0906317171,3890000
694,88,3.162153629,41.2967565536313,-74.3441973724302,40.2288,-74.8051,7.761218576065,4.599064947065,2001.9200463706,2005.0821999996,3890000
695,89,0.544968282900001,41.1269346507158,-73.9689604082167,35.564,-70.6334,5.314618576465,4.769650293565,2002.0906317171,2002.6356,3890000
695,696,4.487500802,41.1269346507158,-73.9689604082167,40.7175704950009,-74.2262146048193,9.257151095565,4.769650293565,2002.0906317171,2006.5781325191,3890000
696,91,0.0273674807699997,40.7175704950009,-74.2262146048193,40.6112,-73.8019,9.284518576335,9.257151095565,2006.5781325191,2006.60549999987,3890000
696,90,0.0245674807699992,40.7175704950009,-74.2262146048193,40.6975,-74.1257,9.281718576335,9.257151095565,2006.5781325191,2006.60269999987,3890000
697,92,1.241864777,40.4160788619374,-74.9550965799662,40.2982,-74.7951,9.259818576365,8.017953799365,2005.3389352229,2006.5807999999,3890000
697,93,1.272064777,40.4160788619374,-74.9550965799662,39.3375,-76.6343,9.290018576365,8.017953799365,2005.3389352229,2006.6109999999,3890000
698,94,4.731901694,41.785943903819,-73.7694600761262,42.1346,-73.7221,9.205018576835,4.473116882835,2001.79409830637,2006.52600000037,3890000
698,699,1.061029331,41.785943903819,-73.7694600761262,41.7406803715117,-75.132431513342,5.534146213835,4.473116882835,2001.79409830637,2002.85512763737,3890000
699,95,1.885272362,41.7406803715117,-75.132431513342,40.613,-72.3927,7.419418575835,5.534146213835,2002.85512763737,2004.74039999937,3890000
699,700,1.463282635,41.7406803715117,-75.132431513342,40.7159440684649,-73.814858990616,6.997428848835,5.534146213835,2002.85512763737,2004.31841027237,3890000
700,701,1.044874767,40.7159440684649,-73.814858990616,40.8046755500498,-73.6359764290961,8.042303615835,6.997428848835,2004.31841027237,2005.36328503937,3890000
700,96,1.191189727,40.7159440684649,-73.814858990616,37.7947,-80.517,8.188618575835,6.997428848835,2004.31841027237,2005.50959999937,3890000
701,98,1.18741496,40.8046755500498,-73.6359764290961,40.0046,-73.0107,9.229718575835,8.042303615835,2005.36328503937,2006.55069999937,3890000
701,97,0.3353149605,40.8046755500498,-73.6359764290961,40.8555,-73.7329,8.377618576335,8.042303615835,2005.36328503937,2005.69859999987,3890000
702,703,0.399933603100003,39.9149206266591,-73.1667257530525,40.2049793649156,-72.1305526985295,2.930799132115,2.530865529015,1999.85184695255,2000.25178055565,3890000
702,863,0.905571292100001,39.9149206266591,-73.1667257530525,41.8049363363736,-74.2209844747544,3.436436821115,2.530865529015,1999.85184695255,2000.75741824465,3890000
703,704,0.489257442199998,40.2049793649156,-72.1305526985295,40.5202417947303,-73.6912413261277,3.420056574315,2.930799132115,2000.25178055565,2000.74103799785,3890000
703,787,0.556279129699998,40.2049793649156,-72.1305526985295,39.8514263044958,-71.7521692478382,3.487078261815,2.930799132115,2000.25178055565,2000.80805968535,3890000
704,705,0.0510763861800001,40.5202417947303,-73.6912413261277,40.645546495797,-73.6467977375584,3.471132960495,3.420056574315,2000.74103799785,2000.79211438403,3890000
704,711,0.0111201060799999,40.5202417947303,-73.6912413261277,40.4106093465443,-73.7987335057836,3.431176680395,3.420056574315,2000.74103799785,2000.75215810393,3890000
705,706,0.2280908632,40.645546495797,-73.6467977375584,40.8324372147549,-73.6980964874142,3.699223823695,3.471132960495,2000.79211438403,2001.02020524723,3890000
705,99,2.207885616,40.645546495797,-73.6467977375584,36.7623,-61.0677,5.679018576495,3.471132960495,2000.79211438403,2003.00000000003,3890000
706,707,0.7926962443,40.8324372147549,-73.6980964874142,43.3216184601645,-67.1537530047105,4.491920067995,3.699223823695,2001.02020524723,2001.81290149153,3890000
706,105,2.587994753,40.8324372147549,-73.6980964874142,39.5788,-71.9787,6.287218576695,3.699223823695,2001.02020524723,2003.60820000023,3890000
707,708,0.201026670099999,43.3216184601645,-67.1537530047105,43.2368615798094,-68.0038767011165,4.692946738095,4.491920067995,2001.81290149153,2002.01392816163,3890000
707,104,1.187098509,43.3216184601645,-67.1537530047105,42.6126,-67.2098,5.679018576995,4.491920067995,2001.81290149153,2003.00000000053,3890000
708,103,0.986071838400001,43.2368615798094,-68.0038767011165,45.0778,-73.6027,5.679018576495,4.692946738095,2002.01392816163,2003.00000000003,3890000
708,709,0.0442027517900012,43.2368615798094,-68.0038767011165,43.2449727257737,-67.9422670437403,4.737149489885,4.692946738095,2002.01392816163,2002.05813091342,3890000
709,710,0.0107899588499993,43.2449727257737,-67.9422670437403,43.2385874388562,-67.9938147065487,4.747939448735,4.737149489885,2002.05813091342,2002.06892087227,3890000
709,100,0.941869086599999,43.2449727257737,-67.9422670437403,43.2973,-67.4449,5.679018576485,4.737149489885,2002.05813091342,2003.00000000002,3890000
710,102,1.525579128,43.2385874388562,-67.9938147065487,32.9603,-49.3426,6.273518576735,4.747939448735,2002.06892087227,2003.59450000027,3890000
710,101,8.580379128,43.2385874388562,-67.9938147065487,49.697,-57.1154,13.328318576735,4.747939448735,2002.06892087227,2010.64930000027,3890000
711,712,0.0228616910100001,40.4106093465443,-73.7987335057836,40.3964208782387,-73.796321991275,3.454038371405,3.431176680395,2000.75215810393,2000.77501979494,3890000
711,106,1.954641896,40.4106093465443,-73.7987335057836,41.5024,-68.8891,5.385818576395,3.431176680395,2000.75215810393,2002.70679999993,3890000
712,748,0.0207478549300006,40.3964208782387,-73.796321991275,40.6602429949278,-73.8766356344043,3.474786226335,3.454038371405,2000.77501979494,2000.79576764987,3890000
712,713,0.0954307676300008,40.3964208782387,-73.796321991275,40.8538410238288,-73.6536627249816,3.549469139035,3.454038371405,2000.77501979494,2000.87045056257,3890000
713,737,0.011581389229999,40.8538410238288,-73.6536627249816,40.8615467577547,-73.5206078745761,3.561050528265,3.549469139035,2000.87045056257,2000.8820319518,3890000
713,714,0.00115412402900006,40.8538410238288,-73.6536627249816,40.869973319561,-73.6640102702699,3.550623263064,3.549469139035,2000.87045056257,2000.8716046866,3890000
714,107,2.859895313,40.869973319561,-73.6640102702699,43.1825,-77.2467,6.410518576064,3.550623263064,2000.8716046866,2003.7314999996,3890000
714,715,0.0453637686399997,40.869973319561,-73.6640102702699,40.7306746484733,-73.6316624330945,3.595987031704,3.550623263064,2000.8716046866,2000.91696845524,3890000
715,108,2.702231545,40.7306746484733,-73.6316624330945,25.7991,-82.3279,6.298218576704,3.595987031704,2000.91696845524,2003.61920000024,3890000
715,716,0.0514113936200005,40.7306746484733,-73.6316624330945,40.9620602136834,-73.6713645030216,3.647398425324,3.595987031704,2000.91696845524,2000.96837984886,3890000
716,717,0.0215030002199992,40.9620602136834,-73.6713645030216,41.0277280172623,-73.9948677257032,3.668901425544,3.647398425324,2000.96837984886,2000.98988284908,3890000
716,736,0.116729983299999,40.9620602136834,-73.6713645030216,40.9602559974692,-73.6034250877855,3.764128408624,3.647398425324,2000.96837984886,2001.08510983216,3890000
717,731,0.1018200697,41.0277280172623,-73.9948677257032,40.6904193753755,-72.375688809701,3.770721495244,3.668901425544,2000.98988284908,2001.09170291878,3890000
717,718,0.0394388548000002,41.0277280172623,-73.9948677257032,41.0155982244144,-74.1126997680037,3.708340280344,3.668901425544,2000.98988284908,2001.02932170388,3890000
718,720,0.0319499646000008,41.0155982244144,-74.1126997680037,41.0195608813122,-74.0818128808278,3.740290244944,3.708340280344,2001.02932170388,2001.06127166848,3890000
718,719,1.915111669,41.0155982244144,-74.1126997680037,40.2754375446356,-74.8368540948344,5.623451949344,3.708340280344,2001.02932170388,2002.94443337288,3890000
719,109,2.765166628,40.2754375446356,-74.8368540948344,40.3761,-74.8625,8.388618577344,5.623451949344,2002.94443337288,2005.70960000088,3890000
719,110,0.8089666276,40.2754375446356,-74.8368540948344,40.3721,-74.7067,6.432418576944,5.623451949344,2002.94443337288,2003.75340000048,3890000
720,721,0.0463495438799999,41.0195608813122,-74.0818128808278,40.4498881569158,-74.1083061016665,3.786639788824,3.740290244944,2001.06127166848,2001.10762121236,3890000
720,111,4.670228332,41.0195608813122,-74.0818128808278,40.7061,-74.0852,8.410518576944,3.740290244944,2001.06127166848,2005.73150000048,3890000
721,722,0.977107632699999,40.4498881569158,-74.1083061016665,40.4187381206246,-74.0806740153967,4.763747421524,3.786639788824,2001.10762121236,2002.08472884506,3890000
721,727,0.9598867196,40.4498881569158,-74.1083061016665,42.176289116627,-77.2801501931144,4.746526508424,3.786639788824,2001.10762121236,2002.06750793196,3890000
722,724,0.0552172130599988,40.4187381206246,-74.0806740153967,40.5635651570276,-74.1708471599072,4.818964634584,4.763747421524,2002.08472884506,2002.13994605812,3890000
722,723,5.264246692,40.4187381206246,-74.0806740153967,40.3163212639715,-70.0291113272201,10.027994113524,4.763747421524,2002.08472884506,2007.34897553706,3890000
723,113,1.336824463,40.3163212639715,-70.0291113272201,40.3061,-70.1166,11.364818576524,10.027994113524,2007.34897553706,2008.68580000006,3890000
723,112,1.265824463,40.3163212639715,-70.0291113272201,40.3384,-70.1057,11.293818576524,10.027994113524,2007.34897553706,2008.61480000006,3890000
724,726,0.694865368000002,40.5635651570276,-74.1708471599072,40.7627290552593,-73.8389535316973,5.513830002584,4.818964634584,2002.13994605812,2002.83481142612,3890000
724,725,0.4729537043,40.5635651570276,-74.1708471599072,40.0648670440156,-74.3386505406982,5.291918338884,4.818964634584,2002.13994605812,2002.61289976242,3890000
725,115,2.387100238,40.0648670440156,-74.3386505406982,39.6547,-76.7964,7.679018576884,5.291918338884,2002.61289976242,2005.00000000042,3890000
725,114,5.126800238,40.0648670440156,-74.3386505406982,37.2153,-72.5389,10.418718576884,5.291918338884,2002.61289976242,2007.73970000042,3890000
726,117,0.792588573899998,40.7627290552593,-73.8389535316973,40.1391,-78.7473,6.306418576484,5.513830002584,2002.83481142612,2003.62740000002,3890000
726,116,0.803588573899999,40.7627290552593,-73.8389535316973,40.7131,-73.5693,6.317418576484,5.513830002584,2002.83481142612,2003.63840000002,3890000
727,118,0.932492068,42.176289116627,-77.2801501931144,56.9635,-113.9867,5.679018576424,4.746526508424,2002.06750793196,2002.99999999996,3890000
727,728,0.0600435610800005,42.176289116627,-77.2801501931144,42.3082772806026,-77.3404098001402,4.806570069504,4.746526508424,2002.06750793196,2002.12755149304,3890000
728,122,1.372448507,42.3082772806026,-77.3404098001402,57.1427,-113.3732,6.179018576504,4.806570069504,2002.12755149304,2003.50000000004,3890000
728,729,0.06948558717,42.3082772806026,-77.3404098001402,42.5792994455731,-77.2832060401866,4.876055656674,4.806570069504,2002.12755149304,2002.19703708021,3890000
729,730,0.00159043625500033,42.5792994455731,-77.2832060401866,42.5376063678534,-77.3001785224094,4.877646092929,4.876055656674,2002.19703708021,2002.19862751646,3890000
729,121,0.802962919799999,42.5792994455731,-77.2832060401866,56.9266,-113.1833,5.679018576474,4.876055656674,2002.19703708021,2003.00000000001,3890000
730,119,0.8013724835,42.5376063678534,-77.3001785224094,57.3028,-113.5184,5.679018576429,4.877646092929,2002.19862751646,2002.99999999996,3890000
730,120,0.8013724835,42.5376063678534,-77.3001785224094,57.3578,-113.5779,5.679018576429,4.877646092929,2002.19862751646,2002.99999999996,3890000
731,123,6.913797081,40.6904193753755,-72.375688809701,40.9607,-91.8332,10.684518576244,3.770721495244,2001.09170291878,2008.00549999978,3890000
731,732,0.0324877957500007,40.6904193753755,-72.375688809701,40.5936029589196,-72.5467207799782,3.803209290994,3.770721495244,2001.09170291878,2001.12419071453,3890000
732,124,2.489509285,40.5936029589196,-72.5467207799782,45.0652,-38.8132,6.292718575994,3.803209290994,2001.12419071453,2003.61369999953,3890000
732,733,0.9013314366,40.5936029589196,-72.5467207799782,41.3108971809015,-73.5351250285168,4.704540727594,3.803209290994,2001.12419071453,2002.02552215113,3890000
733,125,0.662177848900001,41.3108971809015,-73.5351250285168,40.5555,-75.1733,5.366718576494,4.704540727594,2002.02552215113,2002.68770000003,3890000
733,734,0.178361906100001,41.3108971809015,-73.5351250285168,40.350728188803,-72.1080725543282,4.882902633694,4.704540727594,2002.02552215113,2002.20388405723,3890000
734,735,0.318453249799999,40.350728188803,-72.1080725543282,40.3981327532831,-71.8590794988778,5.201355883494,4.882902633694,2002.20388405723,2002.52233730703,3890000
734,126,0.7961159428,40.350728188803,-72.1080725543282,30.0285,-58.2585,5.679018576494,4.882902633694,2002.20388405723,2003.00000000003,3890000
735,127,1.217362693,40.3981327532831,-71.8590794988778,40.8858,-71.6132,6.418718576494,5.201355883494,2002.52233730703,2003.73970000003,3890000
735,128,1.096862693,40.3981327532831,-71.8590794988778,40.1095,-68.378,6.298218576494,5.201355883494,2002.52233730703,2003.61920000003,3890000
736,129,1.534090168,40.9602559974692,-73.6034250877855,42.323,-74.7967,5.298218576624,3.764128408624,2001.08510983216,2002.61920000016,3890000
736,130,1.632690168,40.9602559974692,-73.6034250877855,41.3077,-70.7703,5.396818576624,3.764128408624,2001.08510983216,2002.71780000016,3890000
737,738,0.1034693587,40.8615467577547,-73.5206078745761,40.9262567053722,-73.0880356707978,3.664519886965,3.561050528265,2000.8820319518,2000.9855013105,3890000
737,745,0.2509420024,40.8615467577547,-73.5206078745761,41.3521514526522,-74.5481404363768,3.811992530665,3.561050528265,2000.8820319518,2001.1329739542,3890000
738,739,0.0776733396100013,40.9262567053722,-73.0880356707978,41.2593236675485,-72.628121412698,3.742193226575,3.664519886965,2000.9855013105,2001.06317465011,3890000
738,138,7.59649869,40.9262567053722,-73.0880356707978,40.7356,-73.3066,11.261018576965,3.664519886965,2000.9855013105,2008.5820000005,3890000
739,742,1.033122252,41.2593236675485,-72.628121412698,41.534783564567,-72.582245699549,4.775315478575,3.742193226575,2001.06317465011,2002.09629690211,3890000
739,740,0.00437558313299924,41.2593236675485,-72.628121412698,41.3022438253379,-72.652867239312,3.746568809708,3.742193226575,2001.06317465011,2001.06755023324,3890000
740,131,2.606449767,41.3022438253379,-72.652867239312,43.4015,-75.5126,6.353018576708,3.746568809708,2001.06755023324,2003.67400000024,3890000
740,741,0.727154691899999,41.3022438253379,-72.652867239312,41.5527949793737,-72.228231085387,4.473723501608,3.746568809708,2001.06755023324,2001.79470492514,3890000
741,132,2.877395075,41.5527949793737,-72.228231085387,46.0745,-74.0047,7.351118576608,4.473723501608,2001.79470492514,2004.67210000014,3890000
741,133,5.766895075,41.5527949793737,-72.228231085387,41.4607,-73.0647,10.240618576608,4.473723501608,2001.79470492514,2007.56160000014,3890000
742,743,0.106598496100002,41.534783564567,-72.582245699549,39.3570284203337,-70.571588546275,4.881913974675,4.775315478575,2002.09629690211,2002.20289539821,3890000
742,134,1.550303098,41.534783564567,-72.582245699549,40.5622,-73.2476,6.325618576575,4.775315478575,2002.09629690211,2003.64660000011,3890000
743,744,3.089161402,39.3570284203337,-70.571588546275,41.5937933063666,-72.8275847247292,7.971075376675,4.881913974675,2002.20289539821,2005.29205680021,3890000
743,135,1.427204601,39.3570284203337,-70.571588546275,40.5406,-72.83,6.309118575675,4.881913974675,2002.20289539821,2003.63009999921,3890000
744,136,1.313443199,41.5937933063666,-72.8275847247292,42.1317,-70.9898,9.284518575675,7.971075376675,2005.29205680021,2006.60549999921,3890000
744,137,2.305243199,41.5937933063666,-72.8275847247292,41.0437,-73.4224,10.276318575675,7.971075376675,2005.29205680021,2007.59729999921,3890000
745,139,6.467026046,41.3521514526522,-74.5481404363768,40.8274,-73.9375,10.279018576665,3.811992530665,2001.1329739542,2007.6000000002,3890000
745,746,0.8949827913,41.3521514526522,-74.5481404363768,41.0424700006425,-74.2364171688793,4.706975321965,3.811992530665,2001.1329739542,2002.0279567455,3890000
746,142,3.972043255,41.0424700006425,-74.2364171688793,54.31,-11.772,8.679018576965,4.706975321965,2002.0279567455,2006.0000000005,3890000
746,747,7.614844641,41.0424700006425,-74.2364171688793,40.5654267699808,-73.0146479486692,12.321819962965,4.706975321965,2002.0279567455,2009.6428013865,3890000
747,141,0.00379861382699964,40.5654267699808,-73.0146479486692,40.1057,-71.7958,12.325618576792,12.321819962965,2009.6428013865,2009.64660000033,3890000
747,140,0.0119986138300003,40.5654267699808,-73.0146479486692,40.6599,-73.1538,12.333818576795,12.321819962965,2009.6428013865,2009.65480000033,3890000
748,749,0.000273746963801003,40.6602429949278,-73.8766356344043,40.6372164546414,-73.8732106449804,3.4750599732988,3.474786226335,2000.79576764987,2000.79604139683,3890000
748,777,0.0281145997400003,40.6602429949278,-73.8766356344043,40.5677075865874,-73.8380239454591,3.502900826075,3.474786226335,2000.79576764987,2000.82388224961,3890000
749,750,0.0411747668799993,40.6372164546414,-73.8732106449804,40.5226238239847,-73.9758563544948,3.5162347401788,3.4750599732988,2000.79604139683,2000.83721616371,3890000
749,757,0.0152294786899994,40.6372164546414,-73.8732106449804,41.1036060173934,-73.943210821054,3.4902894519888,3.4750599732988,2000.79604139683,2000.81127087552,3890000
750,752,0.0648431884999994,40.5226238239847,-73.9758563544948,40.8881830382072,-73.7785085591169,3.5810779286788,3.5162347401788,2000.83721616371,2000.90205935221,3890000
750,751,1.097002866,40.5226238239847,-73.9758563544948,40.9638039177104,-74.133929697954,4.6132376061788,3.5162347401788,2000.83721616371,2001.93421902971,3890000
751,144,0.0657809707099997,40.9638039177104,-74.133929697954,14.3253,-95.4713,4.6790185768888,4.6132376061788,2001.93421902971,2002.00000000042,3890000
751,143,2.604080971,40.9638039177104,-74.133929697954,41.2627,-74.1439,7.2173185771788,4.6132376061788,2001.93421902971,2004.53830000071,3890000
752,753,0.098695031250001,40.8881830382072,-73.7785085591169,40.8307799983835,-73.4404136501143,3.6797729599288,3.5810779286788,2000.90205935221,2001.00075438346,3890000
752,755,1.897031271,40.8881830382072,-73.7785085591169,40.6504277570725,-73.5314618033626,5.4781091996788,3.5810779286788,2000.90205935221,2002.79909062321,3890000
753,754,0.720436231699999,40.8307799983835,-73.4404136501143,40.7738258211758,-74.2327080226345,4.4002091916288,3.6797729599288,2001.00075438346,2001.72119061516,3890000
753,145,2.741745617,40.8307799983835,-73.4404136501143,39.919,-73.7419,6.4215185769288,3.6797729599288,2001.00075438346,2003.74250000046,3890000
754,146,0.895209384900001,40.7738258211758,-74.2327080226345,37.5476,-71.9922,5.2954185765288,4.4002091916288,2001.72119061516,2002.61640000006,3890000
754,147,1.873309385,40.7738258211758,-74.2327080226345,39.7362,-79.5446,6.2735185766288,4.4002091916288,2001.72119061516,2003.59450000016,3890000
755,756,0.994921905599998,40.6504277570725,-73.5314618033626,40.7397042915162,-74.0366932214813,6.4730311052788,5.4781091996788,2002.79909062321,2003.79401252881,3890000
755,150,6.853009377,40.6504277570725,-73.5314618033626,40.468,-74.5928,12.3311185766788,5.4781091996788,2002.79909062321,2009.65210000021,3890000
756,148,5.893687471,40.7397042915162,-74.0366932214813,40.393,-75.1595,12.3667185762788,6.4730311052788,2003.79401252881,2009.68769999981,3890000
756,149,6.838887471,40.7397042915162,-74.0366932214813,40.7875,-73.654,13.3119185762788,6.4730311052788,2003.79401252881,2010.63289999981,3890000
757,758,0.0920052123499992,41.1036060173934,-73.943210821054,40.6736450687534,-74.2446310781318,3.5822946643388,3.4902894519888,2000.81127087552,2000.90327608787,3890000
757,764,0.0249031431499986,41.1036060173934,-73.943210821054,40.922593371674,-73.3914865498886,3.5151925951388,3.4902894519888,2000.81127087552,2000.83617401867,3890000
758,759,1.277577819,40.6736450687534,-74.2446310781318,39.9254131307142,-74.4984851652144,4.8598724833388,3.5822946643388,2000.90327608787,2002.18085390687,3890000
758,151,1.096723912,40.6736450687534,-74.2446310781318,43.2855,-78.5418,4.6790185763388,3.5822946643388,2000.90327608787,2001.99999999987,3890000
759,760,0.8455273304,39.9254131307142,-74.4984851652144,38.4779351486379,-75.737829794531,5.7053998137388,4.8598724833388,2002.18085390687,2003.02638123727,3890000
759,763,1.825904022,39.9254131307142,-74.4984851652144,40.0079917553195,-74.5480862648284,6.6857765053388,4.8598724833388,2002.18085390687,2004.00675792887,3890000
760,761,6.838984177,38.4779351486379,-75.737829794531,41.2770221326289,-76.697273212549,12.5443839907388,5.7053998137388,2003.02638123727,2009.86536541427,3890000
760,762,0.609798639600001,38.4779351486379,-75.737829794531,38.6199470120988,-75.9648901973808,6.3151984533388,5.7053998137388,2003.02638123727,2003.63617987687,3890000
761,152,1.677134586,41.2770221326289,-76.697273212549,41.2134,-76.8072,14.2215185767388,12.5443839907388,2009.86536541427,2011.54250000027,3890000
761,153,2.697434586,41.2770221326289,-76.697273212549,40.6617,-75.1636,15.2418185767388,12.5443839907388,2009.86536541427,2012.56280000027,3890000
762,155,4.973120123,38.6199470120988,-75.9648901973808,45.8202,-79.3453,11.2883185763388,6.3151984533388,2003.63617987687,2008.60929999987,3890000
762,154,6.988520123,38.6199470120988,-75.9648901973808,29.5641,-39.8809,13.3037185763388,6.3151984533388,2003.63617987687,2010.62469999987,3890000
763,157,2.656242071,40.0079917553195,-74.5480862648284,40.559,-82.4307,9.3420185763388,6.6857765053388,2004.00675792887,2006.66299999987,3890000
763,156,4.993242071,40.0079917553195,-74.5480862648284,36.5889,-40.4474,11.6790185763388,6.6857765053388,2004.00675792887,2008.99999999987,3890000
764,770,0.0105469858700005,40.922593371674,-73.3914865498886,40.9851497882201,-73.6193148357113,3.5257395810088,3.5151925951388,2000.83617401867,2000.84672100454,3890000
764,765,0.0953695004300012,40.922593371674,-73.3914865498886,41.1586803474332,-73.3349864341632,3.6105620955688,3.5151925951388,2000.83617401867,2000.9315435191,3890000
765,766,0.0838650999199988,41.1586803474332,-73.3349864341632,41.126261495757,-73.274649641797,3.6944271954888,3.6105620955688,2000.9315435191,2001.01540861902,3890000
765,158,1.802656481,41.1586803474332,-73.3349864341632,42.3287,-77.7857,5.4132185765688,3.6105620955688,2000.9315435191,2002.7342000001,3890000
766,767,0.00956002053399985,41.126261495757,-73.274649641797,41.1401942350994,-73.3728804800987,3.7039872160228,3.6944271954888,2001.01540861902,2001.02496863956,3890000
766,769,0.00164436351300168,41.126261495757,-73.274649641797,41.1495957899424,-73.4551157324841,3.6960715590018,3.6944271954888,2001.01540861902,2001.01705298254,3890000
767,159,0.975031360500001,41.1401942350994,-73.3728804800987,34.641,-66.14,4.6790185765228,3.7039872160228,2001.02496863956,2002.00000000006,3890000
767,768,2.787794966,41.1401942350994,-73.3728804800987,40.7529999303892,-75.2021864593734,6.4917821820228,3.7039872160228,2001.02496863956,2003.81276360556,3890000
768,161,7.905036395,40.7529999303892,-75.2021864593734,39.106,-76.997,14.3968185770228,6.4917821820228,2003.81276360556,2011.71780000056,3890000
768,160,2.828336395,40.7529999303892,-75.2021864593734,42.707,-76.9413,9.3201185770228,6.4917821820228,2003.81276360556,2006.64110000056,3890000
769,163,3.635947017,41.1495957899424,-73.4551157324841,40.9947,-74.0204,7.3320185760018,3.6960715590018,2001.01705298254,2004.65299999954,3890000
769,162,4.741847017,41.1495957899424,-73.4551157324841,41.3752,-75.9585,8.4379185760018,3.6960715590018,2001.01705298254,2005.75889999954,3890000
770,773,0.1767781883,40.9851497882201,-73.6193148357113,41.1457367407918,-73.6492431605857,3.7025177693088,3.5257395810088,2000.84672100454,2001.02349919284,3890000
770,771,0.0252996641900012,40.9851497882201,-73.6193148357113,40.618315842054,-72.9730939421028,3.5510392451988,3.5257395810088,2000.84672100454,2000.87202066873,3890000
771,772,0.583410450599999,40.618315842054,-72.9730939421028,40.5074387188104,-73.1976332627601,4.1344496957988,3.5510392451988,2000.87202066873,2001.45543111933,3890000
771,166,2.821179331,40.618315842054,-72.9730939421028,40.8509,-74.087,6.3722185761988,3.5510392451988,2000.87202066873,2003.69319999973,3890000
772,164,1.273368881,40.5074387188104,-73.1976332627601,40.4946,-72.1914,5.4078185767988,4.1344496957988,2001.45543111933,2002.72880000033,3890000
772,165,1.544568881,40.5074387188104,-73.1976332627601,46.1908,-72.995,5.6790185767988,4.1344496957988,2001.45543111933,2003.00000000033,3890000
773,776,0.1152276598,41.1457367407918,-73.6492431605857,41.1025422184124,-73.72573340867,3.8177454291088,3.7025177693088,2001.02349919284,2001.13872685264,3890000
773,774,0.0035161181290011,41.1457367407918,-73.6492431605857,41.1269256689824,-73.6258502960738,3.7060338874378,3.7025177693088,2001.02349919284,2001.02701531097,3890000
774,169,8.679784689,41.1269256689824,-73.6258502960738,41.1353,-73.1152,12.3858185764378,3.7060338874378,2001.02701531097,2009.70679999997,3890000
774,775,0.00190066637300035,41.1269256689824,-73.6258502960738,41.0356058236991,-73.6817565050292,3.7079345538108,3.7060338874378,2001.02701531097,2001.02891597734,3890000
775,167,5.702584023,41.0356058236991,-73.6817565050292,41.3475,-74.3799,9.4105185768108,3.7079345538108,2001.02891597734,2006.73150000034,3890000
775,168,1.587484023,41.0356058236991,-73.6817565050292,39.5036,-73.2999,5.2954185768108,3.7079345538108,2001.02891597734,2002.61640000034,3890000
776,171,3.470573147,41.1025422184124,-73.72573340867,40.8565,-73.4705,7.2883185761088,3.8177454291088,2001.13872685264,2004.60929999964,3890000
776,170,2.565373147,41.1025422184124,-73.72573340867,40.8276,-74.5852,6.3831185761088,3.8177454291088,2001.13872685264,2003.70409999964,3890000
777,783,0.3712843485,40.5677075865874,-73.8380239454591,39.8940827859313,-73.8447928528494,3.874185174575,3.502900826075,2000.82388224961,2001.19516659811,3890000
777,778,0.0457161273799986,40.5677075865874,-73.8380239454591,40.403960891178,-73.964233970556,3.548616953455,3.502900826075,2000.82388224961,2000.86959837699,3890000
778,781,0.0505355004800006,40.403960891178,-73.964233970556,40.0477639245202,-74.6908491634319,3.599152453935,3.548616953455,2000.86959837699,2000.92013387747,3890000
778,779,0.0821778923400007,40.403960891178,-73.964233970556,40.5131748843296,-73.9122911873119,3.630794845795,3.548616953455,2000.86959837699,2000.95177626933,3890000
779,780,0.0287495323200009,40.5131748843296,-73.9122911873119,40.4829604053187,-73.8595658918879,3.659544378115,3.630794845795,2000.95177626933,2000.98052580165,3890000
779,172,2.757823731,40.5131748843296,-73.9122911873119,40.3837,-73.8818,6.388618576795,3.630794845795,2000.95177626933,2003.70960000033,3890000
780,173,4.696174198,40.4829604053187,-73.8595658918879,42.0518,-75.9691,8.355718576115,3.659544378115,2000.98052580165,2005.67669999965,3890000
780,174,1.718074198,40.4829604053187,-73.8595658918879,41.0358,-73.9767,5.377618576115,3.659544378115,2000.98052580165,2002.69859999965,3890000
781,782,0.0644014854300003,40.0477639245202,-74.6908491634319,40.213478946741,-74.4468787717553,3.663553939365,3.599152453935,2000.92013387747,2000.9845353629,3890000
781,175,4.745666123,40.0477639245202,-74.6908491634319,27.3591,-82.4033,8.344818576935,3.599152453935,2000.92013387747,2005.66580000047,3890000
782,177,11.65476464,40.213478946741,-74.4468787717553,28.45,-75.2348,15.318318579365,3.663553939365,2000.9845353629,2012.6393000029,3890000
782,176,1.733264637,40.213478946741,-74.4468787717553,46.2512,-78.8875,5.396818576365,3.663553939365,2000.9845353629,2002.7177999999,3890000
783,784,0.457257763600001,39.8940827859313,-73.8447928528494,39.3798682051865,-73.471098588712,4.331442938175,3.874185174575,2001.19516659811,2001.65242436171,3890000
783,178,1.470633402,39.8940827859313,-73.8447928528494,39.34,-72.9805,5.344818576575,3.874185174575,2001.19516659811,2002.66580000011,3890000
784,785,2.088028993,39.3798682051865,-73.471098588712,40.2373320185782,-72.6810502208363,6.419471931175,4.331442938175,2001.65242436171,2003.74045335471,3890000
784,179,2.054375638,39.3798682051865,-73.471098588712,38.9296,-72.016,6.385818576175,4.331442938175,2001.65242436171,2003.70679999971,3890000
785,180,0.6912466452,40.2373320185782,-72.6810502208363,43.9568,-77.2667,7.110718576375,6.419471931175,2003.74045335471,2004.43169999991,3890000
785,786,1.585837646,40.2373320185782,-72.6810502208363,40.4425407266149,-73.4725000987363,8.005309577175,6.419471931175,2003.74045335471,2005.32629100071,3890000
786,182,0.3669089994,40.4425407266149,-73.4725000987363,40.7402,-73.2566,8.372218576575,8.005309577175,2005.32629100071,2005.69320000011,3890000
786,181,0.4162089994,40.4425407266149,-73.4725000987363,40.7242,-73.9241,8.421518576575,8.005309577175,2005.32629100071,2005.74250000011,3890000
787,790,0.00124253980199995,39.8514263044958,-71.7521692478382,39.8517951965178,-71.751066676977,3.488320801617,3.487078261815,2000.80805968535,2000.80930222515,3890000
787,788,0.216378217100001,39.8514263044958,-71.7521692478382,40.0319223227313,-71.6502385135038,3.703456478915,3.487078261815,2000.80805968535,2001.02443790245,3890000
788,185,6.613962098,40.0319223227313,-71.6502385135038,39.5252,-71.6772,10.317418576915,3.703456478915,2001.02443790245,2007.63840000045,3890000
788,789,6.821010653,40.0319223227313,-71.6502385135038,39.5265434854432,-73.0170256181689,10.524467131915,3.703456478915,2001.02443790245,2007.84544855545,3890000
789,184,1.762751444,39.5265434854432,-73.0170256181689,14.4737,-54.2725,12.287218575915,10.524467131915,2007.84544855545,2009.60819999945,3890000
789,183,0.8048514441,39.5265434854432,-73.0170256181689,14.3522,-53.9966,11.329318576015,10.524467131915,2007.84544855545,2008.65029999955,3890000
790,791,0.2330364257,39.8517951965178,-71.751066676977,38.9943249849668,-72.7850750636867,3.721357227317,3.488320801617,2000.80930222515,2001.04233865085,3890000
790,800,0.05118174407,39.8517951965178,-71.751066676977,38.2816824238039,-71.3823727626933,3.539502545687,3.488320801617,2000.80930222515,2000.86048396922,3890000
791,796,0.636892767199999,38.9943249849668,-72.7850750636867,39.1838712053849,-72.9124433346615,4.358249994517,3.721357227317,2001.04233865085,2001.67923141805,3890000
791,792,0.0972597603,38.9943249849668,-72.7850750636867,38.7729686083859,-73.8471942461065,3.818616987617,3.721357227317,2001.04233865085,2001.13959841115,3890000
792,794,0.717495594400001,38.7729686083859,-73.8471942461065,38.7191080368334,-72.0854503419011,4.536112582017,3.818616987617,2001.13959841115,2001.85709400555,3890000
792,793,6.730632233,38.7729686083859,-73.8471942461065,38.8173178193287,-73.255297107026,10.549249220617,3.818616987617,2001.13959841115,2007.87023064415,3890000
793,187,2.836569356,38.8173178193287,-73.255297107026,39.425,-74.1955,13.385818576617,10.549249220617,2007.87023064415,2010.70680000015,3890000
793,186,1.798269356,38.8173178193287,-73.255297107026,39.2235,-73.1064,12.347518576617,10.549249220617,2007.87023064415,2009.66850000015,3890000
794,188,4.721005994,38.7191080368334,-72.0854503419011,38.9423,-71.0746,9.257118576017,4.536112582017,2001.85709400555,2006.57809999955,3890000
794,795,5.000097124,38.7191080368334,-72.0854503419011,39.8167823540516,-79.5304233654351,9.536209706017,4.536112582017,2001.85709400555,2006.85719112955,3890000
795,190,1.76030887,39.8167823540516,-79.5304233654351,39.5924,-77.9734,11.296518576017,9.536209706017,2006.85719112955,2008.61749999955,3890000
795,189,4.82770887,39.8167823540516,-79.5304233654351,38.8678,-78.6846,14.363918576017,9.536209706017,2006.85719112955,2011.68489999955,3890000
796,191,1.915268582,39.1838712053849,-72.9124433346615,53.5323,-67.1834,6.273518576517,4.358249994517,2001.67923141805,2003.59450000005,3890000
796,797,0.257077599700001,39.1838712053849,-72.9124433346615,39.2682965324504,-72.8488090373556,4.615327594217,4.358249994517,2001.67923141805,2001.93630901775,3890000
797,192,4.702090982,39.2682965324504,-72.8488090373556,39.4693,-73.0627,9.317418576217,4.615327594217,2001.93630901775,2006.63839999975,3890000
797,798,0.944575819400001,39.2682965324504,-72.8488090373556,39.3656533600183,-72.8483570081689,5.559903413617,4.615327594217,2001.93630901775,2002.88088483715,3890000
798,195,1.802215163,39.3656533600183,-72.8483570081689,39.6396,-72.6354,7.362118576617,5.559903413617,2002.88088483715,2004.68310000015,3890000
798,799,0.0289278184199979,39.3656533600183,-72.8483570081689,39.0951377187506,-72.9353041738344,5.588831232037,5.559903413617,2002.88088483715,2002.90981265557,3890000
799,193,0.821687344500001,39.0951377187506,-72.9353041738344,18.8755,78.998,6.410518576537,5.588831232037,2002.90981265557,2003.73150000007,3890000
799,194,1.713187345,39.0951377187506,-72.9353041738344,39.4447,-71.7406,7.302018577037,5.588831232037,2002.90981265557,2004.62300000057,3890000
800,801,0.1551025892,38.2816824238039,-71.3823727626933,38.1360565567321,-72.0279366910686,3.694605134887,3.539502545687,2000.86048396922,2001.01558655842,3890000
800,812,0.130807836799999,38.2816824238039,-71.3823727626933,39.1227924525406,-70.3628372381616,3.670310382487,3.539502545687,2000.86048396922,2000.99129180602,3890000
801,803,0.134008381900001,38.1360565567321,-72.0279366910686,38.1587082138294,-71.8120862660031,3.828613516787,3.694605134887,2001.01558655842,2001.14959494032,3890000
801,802,6.84951315,38.1360565567321,-72.0279366910686,38.114451126801,-72.1477885257787,10.544118284887,3.694605134887,2001.01558655842,2007.86509970842,3890000
802,197,4.725100292,38.114451126801,-72.1477885257787,37.2536,-101.0199,15.269218576887,10.544118284887,2007.86509970842,2012.59020000042,3890000
802,196,2.745900292,38.114451126801,-72.1477885257787,54.4864,-164.9513,13.290018576887,10.544118284887,2007.86509970842,2010.61100000042,3890000
803,809,0.958282063399999,38.1587082138294,-71.8120862660031,38.3939218999609,-71.2650241491482,4.786895580187,3.828613516787,2001.14959494032,2002.10787700372,3890000
803,804,0.736140387699999,38.1587082138294,-71.8120862660031,36.351110445032,-72.7877642865366,4.564753904487,3.828613516787,2001.14959494032,2001.88573532802,3890000
804,805,0.0953210729800009,36.351110445032,-72.7877642865366,36.3450471189275,-72.7723426032706,4.660074977467,4.564753904487,2001.88573532802,2001.981056401,3890000
804,806,5.423956143,36.351110445032,-72.7877642865366,27.1224513766219,-72.2416013597921,9.988710047487,4.564753904487,2001.88573532802,2007.30969147102,3890000
805,199,1.594243599,36.3450471189275,-72.7723426032706,24.4651,-73.7912,6.254318576467,4.660074977467,2001.981056401,2003.5753,3890000
805,198,3.018943599,36.3450471189275,-72.7723426032706,25.4838,-69.3406,7.679018576467,4.660074977467,2001.981056401,2005,3890000
806,808,0.800958059299999,27.1224513766219,-72.2416013597921,25.7065933696298,-74.4559452642614,10.789668106787,9.988710047487,2007.30969147102,2008.11064953032,3890000
806,807,0.8737480302,27.1224513766219,-72.2416013597921,27.6173321272483,-76.5744740202681,10.862458077687,9.988710047487,2007.30969147102,2008.18343950122,3890000
807,200,1.460360499,27.6173321272483,-76.5744740202681,28.0011,-75.8069,12.322818576687,10.862458077687,2008.18343950122,2009.64380000022,3890000
807,201,1.465860499,27.6173321272483,-76.5744740202681,-12.5294,-86.2967,12.328318576687,10.862458077687,2008.18343950122,2009.64930000022,3890000
808,202,2.48385047,25.7065933696298,-74.4559452642614,24.5135,-73.599,13.273518576787,10.789668106787,2008.11064953032,2010.59450000032,3890000
808,203,3.44005047,25.7065933696298,-74.4559452642614,36.544,-71.4448,14.229718576787,10.789668106787,2008.11064953032,2011.55070000032,3890000
809,810,0.785987560900001,38.3939218999609,-71.2650241491482,38.4274291146724,-71.3337690314028,5.572883141087,4.786895580187,2002.10787700372,2002.89386456462,3890000
809,207,2.383922996,38.3939218999609,-71.2650241491482,39.6331,-70.6825,7.170818576187,4.786895580187,2002.10787700372,2004.49179999972,3890000
810,811,0.604232217,38.4274291146724,-71.3337690314028,39.6542674900192,-71.2512414198316,6.177115358087,5.572883141087,2002.89386456462,2003.49809678162,3890000
810,204,5.106135435,38.4274291146724,-71.3337690314028,30.4411,-102.5677,10.679018576087,5.572883141087,2002.89386456462,2007.99999999962,3890000
811,206,1.075703218,39.6542674900192,-71.2512414198316,39.6495,-71.2941,7.252818576087,6.177115358087,2003.49809678162,2004.57379999962,3890000
811,205,3.132003218,39.6542674900192,-71.2512414198316,38.9368,-70.9542,9.309118576087,6.177115358087,2003.49809678162,2006.63009999962,3890000
812,813,0.0462629450400005,39.1227924525406,-70.3628372381616,39.2872789249524,-70.3163983880648,3.716573327527,3.670310382487,2000.99129180602,2001.03755475106,3890000
812,259,1.704608194,39.1227924525406,-70.3628372381616,50.0206,-68.1847,5.374918576487,3.670310382487,2000.99129180602,2002.69590000002,3890000
813,824,0.864767625500001,39.2872789249524,-70.3163983880648,37.2563063627808,-70.0456468543805,4.581340953027,3.716573327527,2001.03755475106,2001.90232237656,3890000
813,814,0.0492040149600008,39.2872789249524,-70.3163983880648,38.5820213087585,-69.2457328958938,3.765777342487,3.716573327527,2001.03755475106,2001.08675876602,3890000
814,815,0.4808658142,38.5820213087585,-69.2457328958938,38.7340246441507,-67.499800191136,4.246643156687,3.765777342487,2001.08675876602,2001.56762458022,3890000
814,819,0.0106282787099996,38.5820213087585,-69.2457328958938,38.5602343365527,-69.2338926885977,3.776405621197,3.765777342487,2001.08675876602,2001.09738704473,3890000
815,816,0.0321432315100001,38.7340246441507,-67.499800191136,38.617293427685,-67.6381539422777,4.278786388197,4.246643156687,2001.56762458022,2001.59976781173,3890000
815,818,0.580861002599999,38.7340246441507,-67.499800191136,39.8861483465159,-65.3839414882192,4.827504159287,4.246643156687,2001.56762458022,2002.14848558282,3890000
816,817,0.4640822844,38.617293427685,-67.6381539422777,41.3650367548107,-65.5807782656835,4.742868672597,4.278786388197,2001.59976781173,2002.06385009613,3890000
816,208,2.400232188,38.617293427685,-67.6381539422777,29.7327,-33.3177,6.679018576197,4.278786388197,2001.59976781173,2003.99999999973,3890000
817,210,1.514249904,41.3650367548107,-65.5807782656835,70.1463,-61.5757,6.257118576597,4.742868672597,2002.06385009613,2003.57810000013,3890000
817,209,2.679349904,41.3650367548107,-65.5807782656835,62.8529,-75.5594,7.422218576597,4.742868672597,2002.06385009613,2004.74320000013,3890000
818,212,6.165714417,39.8861483465159,-65.3839414882192,41.3826,-65.072,10.993218576287,4.827504159287,2002.14848558282,2008.31419999982,3890000
818,211,1.429614417,39.8861483465159,-65.3839414882192,42.1099,-62.8337,6.257118576287,4.827504159287,2002.14848558282,2003.57809999982,3890000
819,820,0.959300924899999,38.5602343365527,-69.2338926885977,36.9460391209047,-67.9096767327271,4.735706546097,3.776405621197,2001.09738704473,2002.05668796963,3890000
819,823,0.735189499499999,38.5602343365527,-69.2338926885977,39.1813547476347,-70.3142931155649,4.511595120697,3.776405621197,2001.09738704473,2001.83257654423,3890000
820,821,0.740529412300001,36.9460391209047,-67.9096767327271,34.455022765882,-73.182710605283,5.476235958397,4.735706546097,2002.05668796963,2002.79721738193,3890000
820,213,0.943312030400001,36.9460391209047,-67.9096767327271,54.8711,-60.1596,5.679018576497,4.735706546097,2002.05668796963,2003.00000000003,3890000
821,822,0.00453948761099987,34.455022765882,-73.182710605283,34.3440819060215,-72.9842536223828,5.480775446008,5.476235958397,2002.79721738193,2002.80175686954,3890000
821,214,0.202782618100001,34.455022765882,-73.182710605283,34.4983,-72.9168,5.679018576497,5.476235958397,2002.79721738193,2003.00000000003,3890000
822,216,0.1982431305,34.3440819060215,-72.9842536223828,34.5485,-72.5238,5.679018576508,5.480775446008,2002.80175686954,2003.00000000004,3890000
822,215,0.1982431305,34.3440819060215,-72.9842536223828,34.5198,-73.3137,5.679018576508,5.480775446008,2002.80175686954,2003.00000000004,3890000
823,217,3.830423456,39.1813547476347,-70.3142931155649,39.7376,-71.4203,8.342018576697,4.511595120697,2001.83257654423,2005.66300000023,3890000
823,218,2.760323456,39.1813547476347,-70.3142931155649,39.8879,-58.2018,7.271918576697,4.511595120697,2001.83257654423,2004.59290000023,3890000
824,848,0.00644918767100044,37.2563063627808,-70.0456468543805,37.2774425509728,-70.2861641929728,4.587790140698,4.581340953027,2001.90232237656,2001.90877156423,3890000
824,825,0.0460289393399993,37.2563063627808,-70.0456468543805,37.2683292415502,-70.0891086553759,4.627369892367,4.581340953027,2001.90232237656,2001.9483513159,3890000
825,829,0.0884547240300009,37.2683292415502,-70.0891086553759,37.2242529701819,-70.0872300668096,4.715824616397,4.627369892367,2001.9483513159,2002.03680603993,3890000
825,826,0.132794944,37.2683292415502,-70.0891086553759,37.2201344090901,-70.0621788930027,4.760164836367,4.627369892367,2001.9483513159,2002.0811462599,3890000
826,828,0.0956718603100004,37.2201344090901,-70.0621788930027,37.5583045633922,-69.694392973147,4.855836696677,4.760164836367,2002.0811462599,2002.17681812021,3890000
826,827,0.0850517996300013,37.2201344090901,-70.0621788930027,37.0647670666172,-69.5319906988516,4.845216635997,4.760164836367,2002.0811462599,2002.16619805953,3890000
827,219,3.463901941,37.0647670666172,-69.5319906988516,45.2465,-57.6417,8.309118576997,4.845216635997,2002.16619805953,2005.63010000053,3890000
827,220,1.521501941,37.0647670666172,-69.5319906988516,41.5741,-65.5381,6.366718576997,4.845216635997,2002.16619805953,2003.68770000053,3890000
828,222,0.8231818798,37.5583045633922,-69.694392973147,40.7283,-70.4173,5.679018576477,4.855836696677,2002.17681812021,2003.00000000001,3890000
828,221,2.82318188,37.5583045633922,-69.694392973147,37.6064,-71.089,7.679018576677,4.855836696677,2002.17681812021,2005.00000000021,3890000
829,836,0.0379143312100005,37.2242529701819,-70.0872300668096,37.0480373043839,-69.6717337906905,4.753738947607,4.715824616397,2002.03680603993,2002.07472037114,3890000
829,830,0.0312356856799987,37.2242529701819,-70.0872300668096,37.150523172099,-70.0685303303044,4.747060302077,4.715824616397,2002.03680603993,2002.06804172561,3890000
830,223,2.554958274,37.150523172099,-70.0685303303044,39.6411,-71.6915,7.302018576077,4.747060302077,2002.06804172561,2004.62299999961,3890000
830,831,0.0445090166400011,37.150523172099,-70.0685303303044,37.2472201800271,-70.1769020988867,4.791569318717,4.747060302077,2002.06804172561,2002.11255074225,3890000
831,224,3.553249258,37.2472201800271,-70.1769020988867,35.6322,-66.7951,8.344818576717,4.791569318717,2002.11255074225,2005.66580000025,3890000
831,832,1.757865737,37.2472201800271,-70.1769020988867,30.8146233560141,-63.4181293366615,6.549435055717,4.791569318717,2002.11255074225,2003.87041647925,3890000
832,833,0.5186131725,30.8146233560141,-63.4181293366615,30.8771651473214,-63.4469413900293,7.068048228217,6.549435055717,2003.87041647925,2004.38902965175,3890000
832,225,2.800783521,30.8146233560141,-63.4181293366615,33.204,-65.5228,9.350218576717,6.549435055717,2003.87041647925,2006.67120000025,3890000
833,226,1.463070348,30.8771651473214,-63.4469413900293,31.7418,-66.2488,8.531118576217,7.068048228217,2004.38902965175,2005.85209999975,3890000
833,834,0.9291011822,30.8771651473214,-63.4469413900293,30.782248960504,-63.3092841780431,7.997149410417,7.068048228217,2004.38902965175,2005.31813083395,3890000
834,835,2.658497913,30.782248960504,-63.3092841780431,30.8359674404326,-64.9683905726187,10.655647323417,7.997149410417,2005.31813083395,2007.97662874695,3890000
834,227,3.446869166,30.782248960504,-63.3092841780431,32.3045,-65.5289,11.444018576417,7.997149410417,2005.31813083395,2008.76499999995,3890000
835,229,2.604171253,30.8359674404326,-64.9683905726187,29.6878,-63.7559,13.259818576417,10.655647323417,2007.97662874695,2010.58079999995,3890000
835,228,1.724771253,30.8359674404326,-64.9683905726187,31.8445,-64.8121,12.380418576417,10.655647323417,2007.97662874695,2009.70139999995,3890000
836,230,1.925279629,37.0480373043839,-69.6717337906905,36.2339,-68.6608,6.679018576607,4.753738947607,2002.07472037114,2004.00000000014,3890000
836,837,0.0236862333599994,37.0480373043839,-69.6717337906905,37.0731015866207,-69.6536445246498,4.777425180967,4.753738947607,2002.07472037114,2002.0984066045,3890000
837,838,0.0408145656199999,37.0731015866207,-69.6536445246498,37.0144341570895,-69.6502017084642,4.818239746587,4.777425180967,2002.0984066045,2002.13922117012,3890000
837,231,3.487893396,37.0731015866207,-69.6536445246498,36.0639,-70.1519,8.265318576967,4.777425180967,2002.0984066045,2005.5863000005,3890000
838,242,9.40327883,37.0144341570895,-69.6502017084642,34.7,-71.3262,14.221518576587,4.818239746587,2002.13922117012,2011.54250000012,3890000
838,839,0.7894742315,37.0144341570895,-69.6502017084642,36.3795705519943,-69.1389278866614,5.607713978087,4.818239746587,2002.13922117012,2002.92869540162,3890000
839,844,2.227795606,36.3795705519943,-69.1389278866614,35.8822103695133,-69.2390101221077,7.835509584087,5.607713978087,2002.92869540162,2005.15649100762,3890000
839,840,0.9650194521,36.3795705519943,-69.1389278866614,35.8524850311877,-68.9592674600057,6.572733430187,5.607713978087,2002.92869540162,2003.89371485372,3890000
840,232,2.648785146,35.8524850311877,-68.9592674600057,27.1269,-76.2739,9.221518576187,6.572733430187,2003.89371485372,2006.54249999972,3890000
840,841,1.382378707,35.8524850311877,-68.9592674600057,34.178816567026,-66.7090723081145,7.955112137187,6.572733430187,2003.89371485372,2005.27609356072,3890000
841,842,2.642936373,34.178816567026,-66.7090723081145,10.911397721629,-61.9644414528929,10.598048510187,7.955112137187,2005.27609356072,2007.91902993372,3890000
841,233,3.374206439,34.178816567026,-66.7090723081145,-0.6719,-62.0373,11.329318576187,7.955112137187,2005.27609356072,2008.65029999972,3890000
842,843,0.2842334022,10.911397721629,-61.9644414528929,11.8440030523523,-63.459473209185,10.882281912387,10.598048510187,2007.91902993372,2008.20326333592,3890000
842,234,1.261770066,10.911397721629,-61.9644414528929,-0.4895,-61.1247,11.859818576187,10.598048510187,2007.91902993372,2009.18079999972,3890000
843,236,1.443336664,11.8440030523523,-63.459473209185,-0.2272,-66.7982,12.325618576387,10.882281912387,2008.20326333592,2009.64659999992,3890000
843,235,1.424136664,11.8440030523523,-63.459473209185,-0.902,-60.6632,12.306418576387,10.882281912387,2008.20326333592,2009.62739999992,3890000
844,846,2.52024598,35.8822103695133,-69.2390101221077,33.5265084265871,-61.4026341528682,10.355755564087,7.835509584087,2005.15649100762,2007.67673698762,3890000
844,845,0.428067164800002,35.8822103695133,-69.2390101221077,34.8801395880835,-62.0509561868855,8.263576748887,7.835509584087,2005.15649100762,2005.58455817242,3890000
845,238,2.975541827,34.8801395880835,-62.0509561868855,33.9645,-58.4528,11.239118575887,8.263576748887,2005.58455817242,2008.56009999942,3890000
845,237,1.774341827,34.8801395880835,-62.0509561868855,33.8337,-60.8659,10.037918575887,8.263576748887,2005.58455817242,2007.35889999942,3890000
846,847,0.02121178248,33.5265084265871,-61.4026341528682,33.4533067149495,-61.421834281998,10.376967346567,10.355755564087,2007.67673698762,2007.6979487701,3890000
846,239,0.8095630116,33.5265084265871,-61.4026341528682,33.7641,-59.8435,11.165318575687,10.355755564087,2007.67673698762,2008.48629999922,3890000
847,240,1.323951229,33.4533067149495,-61.421834281998,32.6058,-54.8983,11.700918575567,10.376967346567,2007.6979487701,2009.0218999991,3890000
847,241,3.323951229,33.4533067149495,-61.421834281998,33.6122,-60.035,13.700918575567,10.376967346567,2007.6979487701,2011.0218999991,3890000
848,849,0.836551635599999,37.2774425509728,-70.2861641929728,36.6236890411205,-69.409645688668,5.424341776298,4.587790140698,2001.90877156423,2002.74532319983,3890000
848,857,0.0309419651299994,37.2774425509728,-70.2861641929728,37.3533695964885,-70.3814984323018,4.618732105828,4.587790140698,2001.90877156423,2001.93971352936,3890000
849,850,0.104668970900001,36.6236890411205,-69.409645688668,37.269088282817,-69.4658491053925,5.529010747198,5.424341776298,2002.74532319983,2002.84999217073,3890000
849,851,1.31525974,36.6236890411205,-69.409645688668,33.5583992758708,-66.2365055924393,6.739601516298,5.424341776298,2002.74532319983,2004.06058293983,3890000
850,243,1.150007829,37.269088282817,-69.4658491053925,34.31,-72.4041,6.679018576198,5.529010747198,2002.84999217073,2003.99999999973,3890000
850,244,3.788407829,37.269088282817,-69.4658491053925,12.5491,-170.0241,9.317418576198,5.529010747198,2002.84999217073,2006.63839999973,3890000
851,852,1.153579475,33.5583992758708,-66.2365055924393,34.9472850952636,-67.3921491833645,7.893180991298,6.739601516298,2004.06058293983,2005.21416241483,3890000
851,251,3.64081706,33.5583992758708,-66.2365055924393,-37.1318,-19.7746,10.380418576298,6.739601516298,2004.06058293983,2007.70139999983,3890000
852,245,2.259837585,34.9472850952636,-67.3921491833645,34.5357,-66.9803,10.153018576298,7.893180991298,2005.21416241483,2007.47399999983,3890000
852,853,0.08871197717,34.9472850952636,-67.3921491833645,34.8178223989158,-67.1303465071199,7.981892968468,7.893180991298,2005.21416241483,2005.302874392,3890000
853,246,2.313525608,34.8178223989158,-67.1303465071199,34.6021,-67.2319,10.295418576468,7.981892968468,2005.302874392,2007.6164,3890000
853,854,0.0141664852299996,34.8178223989158,-67.1303465071199,34.8496194673088,-67.1377976564797,7.996059453698,7.981892968468,2005.302874392,2005.31704087723,3890000
854,855,0.0207986141600003,34.8496194673088,-67.1377976564797,34.8312614360364,-67.1339234487549,8.016858067858,7.996059453698,2005.31704087723,2005.33783949139,3890000
854,250,1.343259123,34.8496194673088,-67.1377976564797,34.8917,-67.1608,9.339318576698,7.996059453698,2005.31704087723,2006.66030000023,3890000
855,856,2.374981188,34.8312614360364,-67.1339234487549,35.0689927526408,-66.8218780149424,10.391839255858,8.016858067858,2005.33783949139,2007.71282067939,3890000
855,249,2.426560508,34.8312614360364,-67.1339234487549,39.0856,-73.5347,10.443418575858,8.016858067858,2005.33783949139,2007.76439999939,3890000
856,248,2.95017932,35.0689927526408,-66.8218780149424,34.5966,-66.9531,13.342018575858,10.391839255858,2007.71282067939,2010.66299999939,3890000
856,247,6.70637932,35.0689927526408,-66.8218780149424,35.393,-65.7705,17.098218575858,10.391839255858,2007.71282067939,2014.41919999939,3890000
857,861,0.0823122021699998,37.3533695964885,-70.3814984323018,37.3087943040802,-70.3011399725944,4.701044307998,4.618732105828,2001.93971352936,2002.02202573153,3890000
857,858,0.0268324131300002,37.3533695964885,-70.3814984323018,37.2334124053215,-71.0615945907133,4.645564518958,4.618732105828,2001.93971352936,2001.96654594249,3890000
858,252,1.033454058,37.2334124053215,-71.0615945907133,37.1558,-71.7896,5.679018576958,4.645564518958,2001.96654594249,2003.00000000049,3890000
858,859,0.808653977799999,37.2334124053215,-71.0615945907133,37.1408073480903,-70.4489641377799,5.454218496758,4.645564518958,2001.96654594249,2002.77519992029,3890000
859,860,0.0228507379000007,37.1408073480903,-70.4489641377799,36.7416237741358,-71.2016603726652,5.477069234658,5.454218496758,2002.77519992029,2002.79805065819,3890000
859,253,1.22480008,37.1408073480903,-70.4489641377799,37.2397,-71.4202,6.679018576758,5.454218496758,2002.77519992029,2004.00000000029,3890000
860,255,1.385049342,36.7416237741358,-71.2016603726652,34.1639,-76.1662,6.862118576658,5.477069234658,2002.79805065819,2004.18310000019,3890000
860,254,1.732049342,36.7416237741358,-71.2016603726652,35.5926,-72.1064,7.209118576658,5.477069234658,2002.79805065819,2004.53010000019,3890000
861,256,2.977974268,37.3087943040802,-70.3011399725944,42.0276,-53.2502,7.679018575998,4.701044307998,2002.02202573153,2004.99999999953,3890000
861,862,0.1660050203,37.3087943040802,-70.3011399725944,36.9438003674882,-70.1130478120907,4.867049328298,4.701044307998,2002.02202573153,2002.18803075183,3890000
862,257,1.811969248,36.9438003674882,-70.1130478120907,37.5541,-71.7124,6.679018576298,4.867049328298,2002.18803075183,2003.99999999983,3890000
862,258,3.568169248,36.9438003674882,-70.1130478120907,41.2568,-63.8671,8.435218576298,4.867049328298,2002.18803075183,2005.75619999983,3890000
863,318,8.848081755,41.8049363363736,-74.2209844747544,41.1769,-73.7617,12.284518576115,3.436436821115,2000.75741824465,2009.60549999965,3890000
863,864,0.200144722399999,41.8049363363736,-74.2209844747544,61.9833640859698,-80.0367494208253,3.636581543515,3.436436821115,2000.75741824465,2000.95756296705,3890000
864,919,0.1517767073,61.9833640859698,-80.0367494208253,61.566647898249,-79.8856186843238,3.788358250815,3.636581543515,2000.95756296705,2001.10933967435,3890000
864,865,0.0530377992100011,61.9833640859698,-80.0367494208253,61.9785600312722,-79.990619790386,3.689619342725,3.636581543515,2000.95756296705,2001.01060076626,3890000
865,866,0.02192409327,61.9785600312722,-79.990619790386,63.0931064281185,-79.5698264569254,3.711543435995,3.689619342725,2001.01060076626,2001.03252485953,3890000
865,260,8.682599234,61.9785600312722,-79.990619790386,62.1383,-77.0792,12.372218576725,3.689619342725,2001.01060076626,2009.69320000026,3890000
866,867,0.637318223099999,63.0931064281185,-79.5698264569254,65.8039251278131,-78.591756541874,4.348861659095,3.711543435995,2001.03252485953,2001.66984308263,3890000
866,314,7.54397514,63.0931064281185,-79.5698264569254,60.7621,-89.1799,11.255518575995,3.711543435995,2001.03252485953,2008.57649999953,3890000
867,868,0.130506929599999,65.8039251278131,-78.591756541874,65.5652447851352,-78.3997115335576,4.479368588695,4.348861659095,2001.66984308263,2001.80035001223,3890000
867,907,0.178150668200001,65.8039251278131,-78.591756541874,65.7530561299054,-78.2445873893746,4.527012327295,4.348861659095,2001.66984308263,2001.84799375083,3890000
868,906,1.071230465,65.5652447851352,-78.3997115335576,65.6738087799242,-73.7548150218701,5.550599053695,4.479368588695,2001.80035001223,2002.87158047723,3890000
868,869,0.0549996316700003,65.5652447851352,-78.3997115335576,65.584153935062,-78.403434811253,4.534368220365,4.479368588695,2001.80035001223,2001.8553496439,3890000
869,894,0.0453051902500015,65.584153935062,-78.403434811253,65.4298947142763,-78.3708754395201,4.579673410615,4.534368220365,2001.8553496439,2001.90065483415,3890000
869,870,0.1866862571,65.584153935062,-78.403434811253,65.5949604486847,-76.5105793254195,4.721054477465,4.534368220365,2001.8553496439,2002.042035901,3890000
870,871,0.0569422304000007,65.5949604486847,-76.5105793254195,65.9663237966109,-76.4924019709961,4.777996707865,4.721054477465,2002.042035901,2002.0989781314,3890000
870,872,0.0793269573700002,65.5949604486847,-76.5105793254195,65.8544630743754,-76.0131743910039,4.800381434835,4.721054477465,2002.042035901,2002.12136285837,3890000
871,261,0.901021868600001,65.9663237966109,-76.4924019709961,67.6071,-78.0483,5.679018576465,4.777996707865,2002.0989781314,2003,3890000
871,262,0.901021868600001,65.9663237966109,-76.4924019709961,67.3584,-78.0874,5.679018576465,4.777996707865,2002.0989781314,2003,3890000
872,873,0.5894470902,65.8544630743754,-76.0131743910039,65.1739483050602,-75.493303088166,5.389828525035,4.800381434835,2002.12136285837,2002.71080994857,3890000
872,285,2.061737142,65.8544630743754,-76.0131743910039,67.4194,-78.0462,6.862118576835,4.800381434835,2002.12136285837,2004.18310000037,3890000
873,874,0.05737686298,65.1739483050602,-75.493303088166,64.827260805149,-75.2020427408668,5.447205388015,5.389828525035,2002.71080994857,2002.76818681155,3890000
873,879,0.761590940200001,65.1739483050602,-75.493303088166,65.1089547204241,-76.0831497426849,6.151419465235,5.389828525035,2002.71080994857,2003.47240088877,3890000
874,875,0.0398570949200021,64.827260805149,-75.2020427408668,64.7215245381711,-75.1133063168728,5.487062482935,5.447205388015,2002.76818681155,2002.80804390647,3890000
874,877,0.722332939800001,64.827260805149,-75.2020427408668,64.888670276981,-75.2148920683265,6.169538327815,5.447205388015,2002.76818681155,2003.49051975135,3890000
875,876,0.109093123699999,64.7215245381711,-75.1133063168728,65.0755363942926,-75.3119146946467,5.596155606635,5.487062482935,2002.80804390647,2002.91713703017,3890000
875,265,0.1919560935,64.7215245381711,-75.1133063168728,65.1417,-75.1974,5.679018576435,5.487062482935,2002.80804390647,2002.99999999997,3890000
876,264,2.65276297,65.0755363942926,-75.3119146946467,65.1106,-75.8152,8.248918576635,5.596155606635,2002.91713703017,2005.56990000017,3890000
876,263,2.62536297,65.0755363942926,-75.3119146946467,65.2354,-75.302,8.221518576635,5.596155606635,2002.91713703017,2005.54250000017,3890000
877,268,1.999880249,64.888670276981,-75.2148920683265,65.314,-75.6044,8.169418576815,6.169538327815,2003.49051975135,2005.49040000035,3890000
877,878,0.0397675348600011,64.888670276981,-75.2148920683265,64.9195222002993,-74.6905729957382,6.209305862675,6.169538327815,2003.49051975135,2003.53028728621,3890000
878,267,5.650512714,64.9195222002993,-74.6905729957382,64.7798,-74.9683,11.859818576675,6.209305862675,2003.53028728621,2009.18080000021,3890000
878,266,2.151912714,64.9195222002993,-74.6905729957382,63.4209,-72.0814,8.361218576675,6.209305862675,2003.53028728621,2005.68220000021,3890000
879,269,2.171399111,65.1089547204241,-76.0831497426849,65.2243,-75.745,8.322818576235,6.151419465235,2003.47240088877,2005.64379999977,3890000
879,880,0.3388057198,65.1089547204241,-76.0831497426849,65.1691121520621,-76.1065721588876,6.490225185035,6.151419465235,2003.47240088877,2003.81120660857,3890000
880,892,0.0300395911299987,65.1691121520621,-76.1065721588876,64.882068652584,-74.8509872817707,6.520264776165,6.490225185035,2003.81120660857,2003.8412461997,3890000
880,881,0.193621124099998,65.1691121520621,-76.1065721588876,65.7104502256556,-76.4258738042112,6.683846309135,6.490225185035,2003.81120660857,2004.00482773267,3890000
881,887,0.429778976400002,65.7104502256556,-76.4258738042112,66.2413093670264,-77.6851807841515,7.113625285535,6.683846309135,2004.00482773267,2004.43460670907,3890000
881,882,5.607271845,65.7104502256556,-76.4258738042112,65.1725767285404,-75.2063066164403,12.291118154135,6.683846309135,2004.00482773267,2009.61209957767,3890000
882,885,0.2728493535,65.1725767285404,-75.2063066164403,65.2230873596414,-75.112483578706,12.563967507635,12.291118154135,2009.61209957767,2009.88494893117,3890000
882,883,0.4063553464,65.1725767285404,-75.2063066164403,65.0254228680718,-75.1749904160056,12.697473500535,12.291118154135,2009.61209957767,2010.01845492407,3890000
883,884,0.603441008999999,65.0254228680718,-75.1749904160056,65.0662833781338,-75.2033828034416,13.300914509535,12.697473500535,2010.01845492407,2010.62189593307,3890000
883,272,1.003445076,65.0254228680718,-75.1749904160056,65.1461,-75.5751,13.700918576535,12.697473500535,2010.01845492407,2011.02190000007,3890000
884,270,0.400004066899999,65.0662833781338,-75.2033828034416,64.786,-75.1198,13.700918576435,13.300914509535,2010.62189593307,2011.02189999997,3890000
884,271,0.400004066899999,65.0662833781338,-75.2033828034416,65.3823,-75.0802,13.700918576435,13.300914509535,2010.62189593307,2011.02189999997,3890000
885,886,0.4630501223,65.2230873596414,-75.112483578706,65.085706546386,-75.1747410741863,13.027017629935,12.563967507635,2009.88494893117,2010.34799905347,3890000
885,275,1.136951069,65.2230873596414,-75.112483578706,65.0109,-75.0527,13.700918576635,12.563967507635,2009.88494893117,2011.02190000017,3890000
886,273,0.6739009464,65.085706546386,-75.1747410741863,65.2057,-74.7408,13.700918576335,13.027017629935,2010.34799905347,2011.02189999987,3890000
886,274,1.350600946,65.085706546386,-75.1747410741863,65.1518,-75.01,14.377618575935,13.027017629935,2010.34799905347,2011.69859999947,3890000
887,888,1.647163524,66.2413093670264,-77.6851807841515,66.0784355238759,-75.4708396781235,8.760788809535,7.113625285535,2004.43460670907,2006.08177023307,3890000
887,891,0.877837619699999,66.2413093670264,-77.6851807841515,66.2391199188246,-77.7464834938317,7.991462905235,7.113625285535,2004.43460670907,2005.31244432877,3890000
888,279,1.479829767,66.0784355238759,-75.4708396781235,66.4785,-75.9527,10.240618576535,8.760788809535,2006.08177023307,2007.56160000007,3890000
888,889,0.644679116000001,66.0784355238759,-75.4708396781235,62.50386116554,-74.4248599568522,9.405467925535,8.760788809535,2006.08177023307,2006.72644934907,3890000
889,890,0.4100048029,62.50386116554,-74.4248599568522,64.5305292644772,-77.6082001833639,9.815472728435,9.405467925535,2006.72644934907,2007.13645415197,3890000
889,278,0.835150650699999,62.50386116554,-74.4248599568522,61.6803,-72.9935,10.240618576235,9.405467925535,2006.72644934907,2007.56159999977,3890000
890,276,1.426345848,64.5305292644772,-77.6082001833639,63.9165,-75.0657,11.241818576435,9.815472728435,2007.13645415197,2008.56279999997,3890000
890,277,1.491945848,64.5305292644772,-77.6082001833639,64.0733,-78.0869,11.307418576435,9.815472728435,2007.13645415197,2008.62839999997,3890000
891,281,0.2683556713,66.2391199188246,-77.7464834938317,65.9337,-80.0349,8.259818576535,7.991462905235,2005.31244432877,2005.58080000007,3890000
891,280,3.173855671,66.2391199188246,-77.7464834938317,65.3925,-77.9984,11.165318576235,7.991462905235,2005.31244432877,2008.48629999977,3890000
892,893,0.3999320008,64.882068652584,-74.8509872817707,64.8056369701505,-75.2805700672383,6.920196776965,6.520264776165,2003.8412461997,2004.2411782005,3890000
892,282,3.8902538,64.882068652584,-74.8509872817707,65.5134,-74.9838,10.410518576165,6.520264776165,2003.8412461997,2007.7314999997,3890000
893,283,0.611321799500001,64.8056369701505,-75.2805700672383,65.5166,-75.3264,7.531518576465,6.920196776965,2004.2411782005,2004.8525,3890000
893,284,3.3232218,64.8056369701505,-75.2805700672383,64.8572,-75.1363,10.243418576965,6.920196776965,2004.2411782005,2007.5644000005,3890000
894,899,0.217624322199999,65.4298947142763,-78.3708754395201,66.1957346671397,-77.6419644771801,4.797297732815,4.579673410615,2001.90065483415,2002.11827915635,3890000
894,895,0.0892947779599993,65.4298947142763,-78.3708754395201,65.1766064731238,-78.5877851561113,4.668968188575,4.579673410615,2001.90065483415,2001.98994961211,3890000
895,896,0.814657222800001,65.1766064731238,-78.5877851561113,62.9657397201925,-79.4861765875405,5.483625411375,4.668968188575,2001.98994961211,2002.80460683491,3890000
895,290,2.663050388,65.1766064731238,-78.5877851561113,66.9667,-86.0052,7.332018576575,4.668968188575,2001.98994961211,2004.65300000011,3890000
896,897,0.691885580699999,62.9657397201925,-79.4861765875405,63.0566463636674,-79.5062517705621,6.175510992075,5.483625411375,2002.80460683491,2003.49649241561,3890000
896,289,2.899493165,62.9657397201925,-79.4861765875405,62.0487,-79.8717,8.383118576375,5.483625411375,2002.80460683491,2005.70409999991,3890000
897,286,1.063607584,63.0566463636674,-79.5062517705621,61.431,-79.3661,7.239118576075,6.175510992075,2003.49649241561,2004.56009999961,3890000
897,898,0.471063774099999,63.0566463636674,-79.5062517705621,62.7704091617115,-78.6217721592904,6.646574766175,6.175510992075,2003.49649241561,2003.96755618971,3890000
898,288,0.6772438102,62.7704091617115,-78.6217721592904,62.1968,-80.2662,7.323818576375,6.646574766175,2003.96755618971,2004.64479999991,3890000
898,287,4.76464381,62.7704091617115,-78.6217721592904,61.9359,-79.0502,11.411218576175,6.646574766175,2003.96755618971,2008.73219999971,3890000
899,900,0.0878201047499996,66.1957346671397,-77.6419644771801,66.0330426875144,-77.5608270776677,4.885117837565,4.797297732815,2002.11827915635,2002.2060992611,3890000
899,291,2.256020844,66.1957346671397,-77.6419644771801,67.3574,-78.6613,7.053318576815,4.797297732815,2002.11827915635,2004.37430000035,3890000
900,298,0.7939007388,66.0330426875144,-77.5608270776677,65.7868,-79.659,5.679018576365,4.885117837565,2002.2060992611,2002.9999999999,3890000
900,901,0.00220905015300055,66.0330426875144,-77.5608270776677,65.9591728004565,-77.5678099902976,4.887326887718,4.885117837565,2002.2060992611,2002.20830831125,3890000
901,902,2.972064262,65.9591728004565,-77.5678099902976,66.5361578112539,-76.5158174175959,7.859391149718,4.887326887718,2002.20830831125,2005.18037257325,3890000
901,904,1.446368314,65.9591728004565,-77.5678099902976,65.6809318350439,-79.3198118159142,6.333695201718,4.887326887718,2002.20830831125,2003.65467662525,3890000
902,292,0.304527427099998,66.5361578112539,-76.5158174175959,64.9598,-74.4557,8.163918576818,7.859391149718,2005.18037257325,2005.48490000035,3890000
902,903,0.1577459394,66.5361578112539,-76.5158174175959,66.2409283672982,-76.4453111995115,8.017137089118,7.859391149718,2005.18037257325,2005.33811851265,3890000
903,293,0.0673814877000005,66.2409283672982,-76.4453111995115,66.3077,-76.3046,8.084518576818,8.017137089118,2005.33811851265,2005.40550000035,3890000
903,294,0.1248814877,66.2409283672982,-76.4453111995115,66.3916,-75.9201,8.142018576818,8.017137089118,2005.33811851265,2005.46300000035,3890000
904,295,1.912423374,65.6809318350439,-79.3198118159142,66.7,-75.3248,8.246118575718,6.333695201718,2003.65467662525,2005.56709999925,3890000
904,905,1.146688198,65.6809318350439,-79.3198118159142,65.0620626766186,-78.4466997429755,7.480383399718,6.333695201718,2003.65467662525,2004.80136482325,3890000
905,297,2.993135176,65.0620626766186,-78.4466997429755,65.0509,-78.476,10.473518575718,7.480383399718,2004.80136482325,2007.79449999925,3890000
905,296,0.8479351764,65.0620626766186,-78.4466997429755,64.3808,-79.8277,8.328318576118,7.480383399718,2004.80136482325,2005.64929999965,3890000
906,299,1.743219522,65.6738087799242,-73.7548150218701,66.6266,-74.3685,7.293818575695,5.550599053695,2002.87158047723,2004.61479999923,3890000
906,300,2.692819522,65.6738087799242,-73.7548150218701,66.5762,-74.4352,8.243418575695,5.550599053695,2002.87158047723,2005.56439999923,3890000
907,301,1.152006249,65.7530561299054,-78.2445873893746,66.4286,-79.9995,5.679018576295,4.527012327295,2001.84799375083,2002.99999999983,3890000
907,908,0.3454186343,65.7530561299054,-78.2445873893746,65.1289454546626,-80.2396872604476,4.872430961595,4.527012327295,2001.84799375083,2002.19341238513,3890000
908,302,1.436687615,65.1289454546626,-80.2396872604476,65.8091,-80.8194,6.309118576595,4.872430961595,2002.19341238513,2003.63010000013,3890000
908,909,0.041901424749998,65.1289454546626,-80.2396872604476,65.2811900379786,-80.2033106791847,4.914332386345,4.872430961595,2002.19341238513,2002.23531380988,3890000
909,910,0.0511754484100013,65.2811900379786,-80.2033106791847,65.6908789481317,-80.0795774501033,4.965507834755,4.914332386345,2002.23531380988,2002.28648925829,3890000
909,918,0.761340526800002,65.2811900379786,-80.2033106791847,65.4736245264285,-80.6329428062989,5.675672913145,4.914332386345,2002.23531380988,2002.99665433668,3890000
910,311,0.7135107417,65.6908789481317,-80.0795774501033,65.663,-80.8388,5.679018576455,4.965507834755,2002.28648925829,2002.99999999999,3890000
910,911,0.5555208592,65.6908789481317,-80.0795774501033,66.0350743653107,-80.7827523738399,5.521028693955,4.965507834755,2002.28648925829,2002.84201011749,3890000
911,916,0.0793491514200007,66.0350743653107,-80.7827523738399,65.8413832619293,-80.9024627146804,5.600377845375,5.521028693955,2002.84201011749,2002.92135926891,3890000
911,912,0.103745827899999,66.0350743653107,-80.7827523738399,65.940351327051,-80.8585845683623,5.624774521855,5.521028693955,2002.84201011749,2002.94575594539,3890000
912,913,0.048632717020002,65.940351327051,-80.8585845683623,66.1967160580478,-81.6969340861939,5.673407238875,5.624774521855,2002.94575594539,2002.99438866241,3890000
912,915,0.868528061100001,65.940351327051,-80.8585845683623,66.0547946450461,-80.8530611022415,6.493302582955,5.624774521855,2002.94575594539,2003.81428400649,3890000
913,305,1.543911338,66.1967160580478,-81.6969340861939,64.1836,-74.9265,7.217318576875,5.673407238875,2002.99438866241,2004.53830000041,3890000
913,914,0.712806165299998,66.1967160580478,-81.6969340861939,66.4545808097532,-85.3320562376661,6.386213404175,5.673407238875,2002.99438866241,2003.70719482771,3890000
914,303,0.292805172300001,66.4545808097532,-85.3320562376661,66.9726,-86.997,6.679018576475,6.386213404175,2003.70719482771,2004.00000000001,3890000
914,304,0.8994051723,66.4545808097532,-85.3320562376661,66.465,-87.5694,7.285618576475,6.386213404175,2003.70719482771,2004.60660000001,3890000
915,306,0.685715993599999,66.0547946450461,-80.8530611022415,65.9674,-80.9785,7.179018576555,6.493302582955,2003.81428400649,2004.50000000009,3890000
915,307,0.508115993600001,66.0547946450461,-80.8530611022415,66.1314,-80.9007,7.001418576555,6.493302582955,2003.81428400649,2004.32240000009,3890000
916,308,1.362840731,65.8413832619293,-80.9024627146804,62.9859,-74.8306,6.963218576375,5.600377845375,2002.92135926891,2004.28419999991,3890000
916,917,0.610689167999999,65.8413832619293,-80.9024627146804,64.4007604519709,-82.3687960352378,6.211067013375,5.600377845375,2002.92135926891,2003.53204843691,3890000
917,309,2.002151563,64.4007604519709,-82.3687960352378,62.9976,-73.47,8.213218576375,6.211067013375,2003.53204843691,2005.53419999991,3890000
917,310,1.082751563,64.4007604519709,-82.3687960352378,63.9922,-75.4056,7.293818576375,6.211067013375,2003.53204843691,2004.61479999991,3890000
918,313,0.633445663299998,65.4736245264285,-80.6329428062989,65.2354,-80.5801,6.309118576445,5.675672913145,2002.99665433668,2003.63009999998,3890000
918,312,0.5375456633,65.4736245264285,-80.6329428062989,65.5198,-79.8992,6.213218576445,5.675672913145,2002.99665433668,2003.53419999998,3890000
919,920,1.167832415,61.566647898249,-79.8856186843238,60.9111227598816,-78.6814345226398,4.956190665815,3.788358250815,2001.10933967435,2002.27717208935,3890000
919,317,0.890660325600001,61.566647898249,-79.8856186843238,61.0949,-83.3209,4.679018576415,3.788358250815,2001.10933967435,2001.99999999995,3890000
920,316,0.7228279107,60.9111227598816,-78.6814345226398,65.1981,-78.7195,5.679018576515,4.956190665815,2002.27717208935,2003.00000000005,3890000
920,315,1.314627911,60.9111227598816,-78.6814345226398,60.4888,-81.1877,6.270818576815,4.956190665815,2002.27717208935,2003.59180000035,3890000
921,922,0.0627083453000008,40.7297125315782,-73.8702566113072,40.9245587919968,-73.9592785462716,3.391500352985,3.328792007685,2000.64977343122,2000.71248177652,3890000
921,1161,0.1865693389,40.7297125315782,-73.8702566113072,40.7937088687478,-73.977459407693,3.515361346585,3.328792007685,2000.64977343122,2000.83634277012,3890000
922,923,0.00838755100400057,40.9245587919968,-73.9592785462716,40.7682127690776,-73.8647643382409,3.399887903989,3.391500352985,2000.71248177652,2000.72086932752,3890000
922,953,0.00868675293799903,40.9245587919968,-73.9592785462716,40.9505316168541,-74.0376443616975,3.400187105923,3.391500352985,2000.71248177652,2000.72116852946,3890000
923,945,0.0671448293400001,40.7682127690776,-73.8647643382409,40.8096312068471,-74.0178899833619,3.467032733329,3.399887903989,2000.72086932752,2000.78801415686,3890000
923,924,0.0552897557299996,40.7682127690776,-73.8647643382409,41.6575091984853,-73.1910253891455,3.455177659719,3.399887903989,2000.72086932752,2000.77615908325,3890000
924,340,3.794840917,41.6575091984853,-73.1910253891455,36.2789,-68.9118,7.250018576719,3.455177659719,2000.77615908325,2004.57100000025,3890000
924,925,0.0919495143599995,41.6575091984853,-73.1910253891455,41.6207321070412,-73.0435756742689,3.547127174079,3.455177659719,2000.77615908325,2000.86810859761,3890000
925,940,0.0688708092199999,41.6207321070412,-73.0435756742689,41.2869639599028,-74.0378480920696,3.615997983299,3.547127174079,2000.86810859761,2000.93697940683,3890000
925,926,0.0603193703700011,41.6207321070412,-73.0435756742689,41.6661702052177,-73.4281948194563,3.607446544449,3.547127174079,2000.86810859761,2000.92842796798,3890000
926,928,0.2123305154,41.6661702052177,-73.4281948194563,40.9248153191823,-74.1199497310843,3.819777059849,3.607446544449,2000.92842796798,2001.14075848338,3890000
926,927,0.04798297492,41.6661702052177,-73.4281948194563,41.6762499216882,-73.3934828084924,3.655429519369,3.607446544449,2000.92842796798,2000.9764109429,3890000
927,319,2.639989057,41.6762499216882,-73.3934828084924,41.1405,-75.1318,6.295418576369,3.655429519369,2000.9764109429,2003.6163999999,3890000
927,320,1.798889057,41.6762499216882,-73.3934828084924,41.7781,-73.4343,5.454318576369,3.655429519369,2000.9764109429,2002.7752999999,3890000
928,929,2.692806416,40.9248153191823,-74.1199497310843,40.7798895704242,-75.2583902782248,6.512583475849,3.819777059849,2001.14075848338,2003.83356489938,3890000
928,333,2.546941517,40.9248153191823,-74.1199497310843,41.2066,-73.8273,6.366718576849,3.819777059849,2001.14075848338,2003.68770000038,3890000
929,321,2.752735101,40.7798895704242,-75.2583902782248,39.974,-72.0269,9.265318576849,6.512583475849,2003.83356489938,2006.58630000038,3890000
929,930,1.36841897,40.7798895704242,-75.2583902782248,41.3557523241397,-74.5816895016313,7.881002445849,6.512583475849,2003.83356489938,2005.20198386938,3890000
930,931,0.1631908948,41.3557523241397,-74.5816895016313,41.9287723553095,-73.8176013885244,8.044193340649,7.881002445849,2005.20198386938,2005.36517476418,3890000
930,938,0.516288596000001,41.3557523241397,-74.5816895016313,41.3142259894277,-74.517001990426,8.397291041849,7.881002445849,2005.20198386938,2005.71827246538,3890000
931,322,1.440325236,41.9287723553095,-73.8176013885244,42.391,-70.6773,9.484518576649,8.044193340649,2005.36517476418,2006.80550000018,3890000
931,932,0.0590449776399993,41.9287723553095,-73.8176013885244,41.7166352710227,-74.0776676544333,8.103238318289,8.044193340649,2005.36517476418,2005.42421974182,3890000
932,933,0.177055877600001,41.7166352710227,-74.0776676544333,41.660032979517,-74.593577083669,8.280294195889,8.103238318289,2005.42421974182,2005.60127561942,3890000
932,936,0.0419643897200004,41.7166352710227,-74.0776676544333,41.7342439699696,-73.725217706971,8.145202708009,8.103238318289,2005.42421974182,2005.46618413154,3890000
933,935,1.873955783,41.660032979517,-74.593577083669,42.0875098223023,-74.0802741066293,10.154249978889,8.280294195889,2005.60127561942,2007.47523140242,3890000
933,934,0.3807282216,41.660032979517,-74.593577083669,41.5225230367744,-75.8320951267722,8.661022417489,8.280294195889,2005.60127561942,2005.98200384102,3890000
934,324,0.702896159,41.5225230367744,-75.8320951267722,41.4615,-75.4373,9.363918576489,8.661022417489,2005.98200384102,2006.68490000002,3890000
934,323,0.585096159000001,41.5225230367744,-75.8320951267722,41.588,-74.4049,9.246118576489,8.661022417489,2005.98200384102,2006.56710000002,3890000
935,326,0.0699685971699999,42.0875098223023,-74.0802741066293,41.5777,-74.2217,10.224218576059,10.154249978889,2007.47523140242,2007.54519999959,3890000
935,325,0.1631685972,42.0875098223023,-74.0802741066293,43.1295,-74.4876,10.317418576089,10.154249978889,2007.47523140242,2007.63839999962,3890000
936,937,1.089971565,41.7342439699696,-73.725217706971,41.4191986835565,-75.0578551003056,9.235174273009,8.145202708009,2005.46618413154,2006.55615569654,3890000
936,327,1.139315868,41.7342439699696,-73.725217706971,41.8117,-75.7052,9.284518576009,8.145202708009,2005.46618413154,2006.60549999954,3890000
937,329,0.126044303,41.4191986835565,-75.0578551003056,42.6273,-78.8334,9.361218576009,9.235174273009,2006.55615569654,2006.68219999954,3890000
937,328,0.106844303000001,41.4191986835565,-75.0578551003056,41.4799,-74.2788,9.342018576009,9.235174273009,2006.55615569654,2006.66299999954,3890000
938,330,0.8516275347,41.3142259894277,-74.517001990426,41.5631,-74.9189,9.248918576549,8.397291041849,2005.71827246538,2006.56990000008,3890000
938,939,0.309975731,41.3142259894277,-74.517001990426,41.7173012211058,-74.2326525531872,8.707266772849,8.397291041849,2005.71827246538,2006.02824819638,3890000
939,332,1.615551804,41.7173012211058,-74.2326525531872,41.6015,-74.2258,10.322818576849,8.707266772849,2006.02824819638,2007.64380000038,3890000
939,331,1.689551804,41.7173012211058,-74.2326525531872,41.8055,-74.3351,10.396818576849,8.707266772849,2006.02824819638,2007.71780000038,3890000
940,941,0.00184615712500147,41.2869639599028,-74.0378480920696,41.3448720911567,-74.2268079939756,3.617844140424,3.615997983299,2000.93697940683,2000.93882556396,3890000
940,943,0.0598407775199998,41.2869639599028,-74.0378480920696,41.2905589467701,-74.2093734625932,3.675838760819,3.615997983299,2000.93697940683,2000.99682018435,3890000
941,942,0.0896750859999997,41.3448720911567,-74.2268079939756,41.4215734884288,-74.5762376817281,3.707519226424,3.617844140424,2000.93882556396,2001.02850064996,3890000
941,334,0.833774436399999,41.3448720911567,-74.2268079939756,54.7313,-102.2578,4.451618576824,3.617844140424,2000.93882556396,2001.77260000036,3890000
942,335,1.70849935,41.4215734884288,-74.5762376817281,46.8962,-103.6744,5.416018576424,3.707519226424,2001.02850064996,2002.73699999996,3890000
942,336,2.68109935,41.4215734884288,-74.5762376817281,41.9792,-72.6546,6.388618576424,3.707519226424,2001.02850064996,2003.70959999996,3890000
943,339,2.652479816,41.2905589467701,-74.2093734625932,41.2266,-73.7776,6.328318576819,3.675838760819,2000.99682018435,2003.64930000035,3890000
943,944,0.0323746061199994,41.2905589467701,-74.2093734625932,41.392761030829,-74.1172736434367,3.708213366939,3.675838760819,2000.99682018435,2001.02919479047,3890000
944,337,2.73790521,41.392761030829,-74.1172736434367,41.9157,-73.2221,6.446118576939,3.708213366939,2001.02919479047,2003.76710000047,3890000
944,338,0.6886052099,41.392761030829,-74.1172736434367,40.1224,-76.7052,4.396818576839,3.708213366939,2001.02919479047,2001.71780000037,3890000
945,946,0.1031694978,40.8096312068471,-74.0178899833619,40.8204463978655,-74.3013005526733,3.570202231129,3.467032733329,2000.78801415686,2000.89118365466,3890000
945,949,0.132809613099999,40.8096312068471,-74.0178899833619,40.8786930545073,-74.229373369025,3.599842346429,3.467032733329,2000.78801415686,2000.92082376996,3890000
946,341,4.774616346,40.8204463978655,-74.3013005526733,40.9118,-73.8343,8.344818577129,3.570202231129,2000.89118365466,2005.66580000066,3890000
946,947,0.1486965025,40.8204463978655,-74.3013005526733,41.0294467536705,-74.1773922285972,3.718898733629,3.570202231129,2000.89118365466,2001.03988015716,3890000
947,948,0.1765331441,41.0294467536705,-74.1773922285972,41.066621973038,-72.9498517233638,3.895431877729,3.718898733629,2001.03988015716,2001.21641330126,3890000
947,344,2.636819843,41.0294467536705,-74.1773922285972,41.1843,-74.5343,6.355718576629,3.718898733629,2001.03988015716,2003.67670000016,3890000
948,342,2.397286699,41.066621973038,-72.9498517233638,33.8848,-67.3642,6.292718576729,3.895431877729,2001.21641330126,2003.61370000026,3890000
948,343,4.334286699,41.066621973038,-72.9498517233638,40.4583,-73.5693,8.229718576729,3.895431877729,2001.21641330126,2005.55070000026,3890000
949,349,1.07917623,40.8786930545073,-74.229373369025,41.4312,-76.3669,4.679018576429,3.599842346429,2000.92082376996,2001.99999999996,3890000
949,950,1.165219278,40.8786930545073,-74.229373369025,41.0468893537539,-74.9162171542745,4.765061624429,3.599842346429,2000.92082376996,2002.08604304796,3890000
950,345,2.629756952,41.0468893537539,-74.9162171542745,40.1223,-75.4072,7.394818576429,4.765061624429,2002.08604304796,2004.71579999996,3890000
950,951,1.957518275,41.0468893537539,-74.9162171542745,42.1920390924144,-74.024336023592,6.722579899429,4.765061624429,2002.08604304796,2004.04356132296,3890000
951,952,0.348369994599999,42.1920390924144,-74.024336023592,41.3194232454912,-74.1441706226758,7.070949894029,6.722579899429,2004.04356132296,2004.39193131756,3890000
951,346,0.6559386771,42.1920390924144,-74.024336023592,41.0455,-73.8191,7.378518576529,6.722579899429,2004.04356132296,2004.69950000006,3890000
952,348,0.135368682400001,41.3194232454912,-74.1441706226758,41.2633,-73.9454,7.206318576429,7.070949894029,2004.39193131756,2004.52729999996,3890000
952,347,0.195468682400001,41.3194232454912,-74.1441706226758,41.1201,-73.6024,7.266418576429,7.070949894029,2004.39193131756,2004.58739999996,3890000
953,998,0.0322488420200013,40.9505316168541,-74.0376443616975,41.0585185499786,-73.8120839245446,3.432435947943,3.400187105923,2000.72116852946,2000.75341737148,3890000
953,954,0.0410216353999999,40.9505316168541,-74.0376443616975,40.9967829514948,-73.9970161353657,3.441208741323,3.400187105923,2000.72116852946,2000.76219016486,3890000
954,958,0.0062446790220001,40.9967829514948,-73.9970161353657,41.1014597393157,-74.0768564679629,3.447453420345,3.441208741323,2000.76219016486,2000.76843484388,3890000
954,955,0.0143129170800016,40.9967829514948,-73.9970161353657,40.9769588741076,-74.221415424067,3.455521658403,3.441208741323,2000.76219016486,2000.77650308194,3890000
955,353,1.223496918,40.9769588741076,-74.221415424067,41.4331,-73.8736,4.679018576403,3.455521658403,2000.77650308194,2001.99999999994,3890000
955,956,0.218469752399999,40.9769588741076,-74.221415424067,40.8698866826802,-74.1455299823028,3.673991410803,3.455521658403,2000.77650308194,2000.99497283434,3890000
956,352,8.640627166,40.8698866826802,-74.1455299823028,39.1738,-76.8305,12.314618576803,3.673991410803,2000.99497283434,2009.63560000034,3890000
956,957,1.089124757,40.8698866826802,-74.1455299823028,41.1245689508099,-75.0210260603888,4.763116167803,3.673991410803,2000.99497283434,2002.08409759134,3890000
957,351,4.51320241,41.1245689508099,-75.0210260603888,41.7513,-75.6448,9.276318577803,4.763116167803,2002.08409759134,2006.59730000134,3890000
957,350,1.68030241,41.1245689508099,-75.0210260603888,40.8001,-73.5838,6.443418577803,4.763116167803,2002.08409759134,2003.76440000134,3890000
958,961,0.0272745190700014,41.1014597393157,-74.0768564679629,41.1285258646691,-74.1556736670028,3.474727939415,3.447453420345,2000.76843484388,2000.79570936295,3890000
958,959,0.1557959328,41.1014597393157,-74.0768564679629,41.246226425307,-74.1426061710108,3.603249353145,3.447453420345,2000.76843484388,2000.92423077668,3890000
959,960,0.0631547587199996,41.246226425307,-74.1426061710108,41.2707184295062,-73.9988020311749,3.666404111865,3.603249353145,2000.92423077668,2000.9873855354,3890000
959,354,0.930569223700001,41.246226425307,-74.1426061710108,31.2284,-71.0339,4.533818576845,3.603249353145,2000.92423077668,2001.85480000038,3890000
960,355,2.738614465,41.2707184295062,-73.9988020311749,42.8535,-76.4844,6.405018576865,3.666404111865,2000.9873855354,2003.7260000004,3890000
960,356,3.485314465,41.2707184295062,-73.9988020311749,38.9876,-68.5942,7.151718576865,3.666404111865,2000.9873855354,2004.4727000004,3890000
961,988,0.1885277008,41.1285258646691,-74.1556736670028,41.933699432149,-74.8153561642372,3.663255640215,3.474727939415,2000.79570936295,2000.98423706375,3890000
961,962,0.112633362,41.1285258646691,-74.1556736670028,40.6422649513827,-73.7631405557732,3.587361301415,3.474727939415,2000.79570936295,2000.90834272495,3890000
962,969,0.0498708310699989,40.6422649513827,-73.7631405557732,40.5870230342199,-74.0273019164107,3.637232132485,3.587361301415,2000.90834272495,2000.95821355602,3890000
962,963,1.899461342,40.6422649513827,-73.7631405557732,41.6629712948517,-75.4619358863896,5.486822643415,3.587361301415,2000.90834272495,2002.80780406695,3890000
963,964,0.0642374976699998,41.6629712948517,-75.4619358863896,41.0582148857703,-74.9215173791148,5.551060141085,5.486822643415,2002.80780406695,2002.87204156462,3890000
963,363,1.948995934,41.6629712948517,-75.4619358863896,41.0547,-74.9543,7.435818577415,5.486822643415,2002.80780406695,2004.75680000095,3890000
964,965,0.778600043600001,41.0582148857703,-74.9215173791148,42.1190889722685,-74.7791723849363,6.329660184685,5.551060141085,2002.87204156462,2003.65064160822,3890000
964,357,1.718158436,41.0582148857703,-74.9215173791148,41.4594,-74.4595,7.269218577085,5.551060141085,2002.87204156462,2004.59020000062,3890000
965,358,1.040658393,42.1190889722685,-74.7791723849363,41.9434,-74.5028,7.370318577685,6.329660184685,2003.65064160822,2004.69130000122,3890000
965,966,1.485892565,42.1190889722685,-74.7791723849363,41.8908496061575,-74.1861484239728,7.815552749685,6.329660184685,2003.65064160822,2005.13653417322,3890000
966,967,0.0712458215899989,41.8908496061575,-74.1861484239728,41.7752657979294,-74.392497520908,7.886798571275,7.815552749685,2005.13653417322,2005.20777999481,3890000
966,362,0.463465827299999,41.8908496061575,-74.1861484239728,41.9777,-73.9015,8.279018576985,7.815552749685,2005.13653417322,2005.60000000052,3890000
967,968,0.0454328686699998,41.7752657979294,-74.392497520908,41.7725398459876,-74.5449785316492,7.932231439945,7.886798571275,2005.20777999481,2005.25321286348,3890000
967,361,0.373020005700001,41.7752657979294,-74.392497520908,41.5463,-74.3493,8.259818576975,7.886798571275,2005.20777999481,2005.58080000051,3890000
968,359,1.445387137,41.7725398459876,-74.5449785316492,41.7505,-74.3333,9.377618576945,7.932231439945,2005.25321286348,2006.69860000048,3890000
968,360,0.428987137,41.7725398459876,-74.5449785316492,41.6879,-74.6275,8.361218576945,7.932231439945,2005.25321286348,2005.68220000048,3890000
969,970,0.077795588739999,40.5870230342199,-74.0273019164107,41.1253072077279,-74.4673556654796,3.715027721225,3.637232132485,2000.95821355602,2001.03600914476,3890000
969,978,0.0938764549000002,40.5870230342199,-74.0273019164107,40.5986720256561,-74.0854076099094,3.731108587385,3.637232132485,2000.95821355602,2001.05209001092,3890000
970,971,0.355776589800001,41.1253072077279,-74.4673556654796,41.2184956130045,-74.4817000043085,4.070804311025,3.715027721225,2001.03600914476,2001.39178573456,3890000
970,977,0.0170284168100014,41.1253072077279,-74.4673556654796,41.0579122308717,-74.2860369937914,3.732056138035,3.715027721225,2001.03600914476,2001.05303756157,3890000
971,972,2.690279697,41.2184956130045,-74.4817000043085,41.4177486532139,-77.5354389701365,6.761084008025,4.070804311025,2001.39178573456,2004.08206543156,3890000
971,364,2.241114266,41.2184956130045,-74.4817000043085,40.7987,-74.8421,6.311918577025,4.070804311025,2001.39178573456,2003.63290000056,3890000
972,973,1.240517468,41.4177486532139,-77.5354389701365,40.8985507930708,-73.4205012275377,8.001601476025,6.761084008025,2004.08206543156,2005.32258289956,3890000
972,365,3.512434568,41.4177486532139,-77.5354389701365,42.0913,-73.2128,10.273518576025,6.761084008025,2004.08206543156,2007.59449999956,3890000
973,975,0.0296410918299994,40.8985507930708,-73.4205012275377,41.0715579169338,-73.8013933839286,8.031242567855,8.001601476025,2005.32258289956,2005.35222399139,3890000
973,974,2.997735157,40.8985507930708,-73.4205012275377,39.3243739859104,-73.1455218215207,10.999336633025,8.001601476025,2005.32258289956,2008.32031805656,3890000
974,367,4.190581944,39.3243739859104,-73.1455218215207,60.5459,-97.7265,15.189918577025,10.999336633025,2008.32031805656,2012.51090000056,3890000
974,366,1.353681944,39.3243739859104,-73.1455218215207,37.354,-74.6423,12.353018577025,10.999336633025,2008.32031805656,2009.67400000056,3890000
975,368,2.308076009,41.0715579169338,-73.8013933839286,41.158,-74.0663,10.339318576855,8.031242567855,2005.35222399139,2007.66030000039,3890000
975,976,2.161983631,41.0715579169338,-73.8013933839286,39.4001485448378,-70.1640784348437,10.193226198855,8.031242567855,2005.35222399139,2007.51420762239,3890000
976,369,1.062292378,39.4001485448378,-70.1640784348437,50.0331,-50.5423,11.255518576855,10.193226198855,2007.51420762239,2008.57650000039,3890000
976,370,4.895592378,39.4001485448378,-70.1640784348437,36.5933,-41.7067,15.088818576855,10.193226198855,2007.51420762239,2012.40980000039,3890000
977,371,10.65106244,41.0579122308717,-74.2860369937914,40.9383,-73.4993,14.383118578035,3.732056138035,2001.05303756157,2011.70410000157,3890000
977,372,1.615462439,41.0579122308717,-74.2860369937914,42.3441,-76.3814,5.347518577035,3.732056138035,2001.05303756157,2002.66850000057,3890000
978,985,0.6231707499,40.5986720256561,-74.0854076099094,40.3699581593476,-73.840166896053,4.354279337285,3.731108587385,2001.05209001092,2001.67526076082,3890000
978,979,1.000331017,40.5986720256561,-74.0854076099094,40.7482833897174,-72.8730843247071,4.731439604385,3.731108587385,2001.05209001092,2002.05242102792,3890000
979,980,0.499199018100001,40.7482833897174,-72.8730843247071,41.807314577901,-73.8778424744047,5.230638622485,4.731439604385,2002.05242102792,2002.55162004602,3890000
979,983,0.0361990616599996,40.7482833897174,-72.8730843247071,40.8107952710831,-72.9245351403162,4.767638666045,4.731439604385,2002.05242102792,2002.08862008958,3890000
980,376,1.081279954,41.807314577901,-73.8778424744047,41.7589,-73.8143,6.311918576485,5.230638622485,2002.55162004602,2003.63290000002,3890000
980,981,0.270473301500001,41.807314577901,-73.8778424744047,41.7049486277811,-73.6291579587297,5.501111923985,5.230638622485,2002.55162004602,2002.82209334752,3890000
981,982,0.0817523497400003,41.7049486277811,-73.6291579587297,41.7699952323419,-73.9177156780535,5.582864273725,5.501111923985,2002.82209334752,2002.90384569726,3890000
981,373,3.890206653,41.7049486277811,-73.6291579587297,41.8022,-73.6996,9.391318576985,5.501111923985,2002.82209334752,2006.71230000052,3890000
982,375,0.846854303099999,41.7699952323419,-73.9177156780535,49.4256,-63.0805,6.429718576825,5.582864273725,2002.90384569726,2003.75070000036,3890000
982,374,0.767354303099999,41.7699952323419,-73.9177156780535,41.821,-73.8077,6.350218576825,5.582864273725,2002.90384569726,2003.67120000036,3890000
983,377,1.620979911,40.8107952710831,-72.9245351403162,40.6784,-73.9201,6.388618577045,4.767638666045,2002.08862008958,2003.70960000058,3890000
983,984,0.0104057007999998,40.8107952710831,-72.9245351403162,40.7404968528776,-72.9990347930514,4.778044366845,4.767638666045,2002.08862008958,2002.09902579038,3890000
984,378,0.900974209900001,40.7404968528776,-72.9990347930514,39.9902,-77.9283,5.679018576745,4.778044366845,2002.09902579038,2003.00000000028,3890000
984,379,3.53937421,40.7404968528776,-72.9990347930514,41.649,-73.7876,8.317418576845,4.778044366845,2002.09902579038,2005.63840000038,3890000
985,383,6.04253924,40.3699581593476,-73.840166896053,41.3088,-63.2557,10.396818577285,4.354279337285,2001.67526076082,2007.71780000082,3890000
985,986,1.246699204,40.3699581593476,-73.840166896053,39.6144673083788,-73.3287942592184,5.600978541285,4.354279337285,2001.67526076082,2002.92195996482,3890000
986,987,0.0163942227200007,39.6144673083788,-73.3287942592184,39.5744352040177,-73.3504317895842,5.617372764005,5.600978541285,2002.92195996482,2002.93835418754,3890000
986,382,0.7109400356,39.6144673083788,-73.3287942592184,39.8455,-64.2791,6.311918576885,5.600978541285,2002.92195996482,2003.63290000042,3890000
987,380,0.6945458129,39.5744352040177,-73.3504317895842,34.2089,-71.7389,6.311918576905,5.617372764005,2002.93835418754,2003.63290000044,3890000
987,381,0.678045812899999,39.5744352040177,-73.3504317895842,35.5421,-69.8858,6.295418576905,5.617372764005,2002.93835418754,2003.61640000044,3890000
988,991,0.0229149476200003,41.933699432149,-74.8153561642372,41.6311699017852,-74.8254674015437,3.686170587835,3.663255640215,2000.98423706375,2001.00715201137,3890000
988,989,0.1519128398,41.933699432149,-74.8153561642372,41.9831551520872,-73.924800721658,3.815168480015,3.663255640215,2000.98423706375,2001.13614990355,3890000
989,384,1.620050097,41.9831551520872,-73.924800721658,41.8436,-74.1289,5.435218577015,3.815168480015,2001.13614990355,2002.75620000055,3890000
989,990,4.17142835,41.9831551520872,-73.924800721658,41.4702686283524,-75.1708367272416,7.986596830015,3.815168480015,2001.13614990355,2005.30757825355,3890000
990,385,0.360921747000001,41.4702686283524,-75.1708367272416,41.4541,-74.7086,8.347518577015,7.986596830015,2005.30757825355,2005.66850000055,3890000
990,386,1.352721747,41.4702686283524,-75.1708367272416,41.1874,-75.2548,9.339318577015,7.986596830015,2005.30757825355,2006.66030000055,3890000
991,992,0.0213415980499985,41.6311699017852,-74.8254674015437,41.4058446143093,-74.6948791006862,3.707512185885,3.686170587835,2001.00715201137,2001.02849360942,3890000
991,995,0.0109802815800002,41.6311699017852,-74.8254674015437,41.7727962947954,-74.2644821840212,3.697150869415,3.686170587835,2001.00715201137,2001.01813229295,3890000
992,993,0.453300754100001,41.4058446143093,-74.6948791006862,41.7824990281955,-74.7117146319523,4.160812939985,3.707512185885,2001.02849360942,2001.48179436352,3890000
992,387,1.686606391,41.4058446143093,-74.6948791006862,43.3863,-76.5915,5.394118576885,3.707512185885,2001.02849360942,2002.71510000042,3890000
993,994,0.101652323,41.7824990281955,-74.7117146319523,41.7764848635051,-74.6267290739125,4.262465262985,4.160812939985,2001.48179436352,2001.58344668652,3890000
993,390,4.148305637,41.7824990281955,-74.7117146319523,42.0637,-74.2863,8.309118576985,4.160812939985,2001.48179436352,2005.63010000052,3890000
994,388,3.121453314,41.7764848635051,-74.6267290739125,41.774,-74.191,7.383918576985,4.262465262985,2001.58344668652,2004.70490000052,3890000
994,389,1.416553314,41.7764848635051,-74.6267290739125,41.496,-74.2338,5.679018576985,4.262465262985,2001.58344668652,2003.00000000052,3890000
995,996,0.0196423776799985,41.7727962947954,-74.2644821840212,41.5806745943932,-73.7571898116243,3.716793247095,3.697150869415,2001.01813229295,2001.03777467063,3890000
995,394,3.651267707,41.7727962947954,-74.2644821840212,41.6992,-73.7875,7.348418576415,3.697150869415,2001.01813229295,2004.66939999995,3890000
996,391,4.54582533,41.5806745943932,-73.7571898116243,40.1223,-72.9105,8.262618577095,3.716793247095,2001.03777467063,2005.58360000063,3890000
996,997,1.779212357,41.5806745943932,-73.7571898116243,41.4281078951973,-75.167176681178,5.496005604095,3.716793247095,2001.03777467063,2002.81698702763,3890000
997,392,0.7556129727,41.4281078951973,-75.167176681178,41.2591,-74.3285,6.251618576795,5.496005604095,2002.81698702763,2003.57260000033,3890000
997,393,0.7556129727,41.4281078951973,-75.167176681178,40.6362,-74.3505,6.251618576795,5.496005604095,2002.81698702763,2003.57260000033,3890000
998,999,0.016013287609999,41.0585185499786,-73.8120839245446,40.9736914346956,-73.9847334628661,3.448449235553,3.432435947943,2000.75341737148,2000.76943065909,3890000
998,1012,0.0276203271300002,41.0585185499786,-73.8120839245446,41.2568623392896,-73.9366672429574,3.460056275073,3.432435947943,2000.75341737148,2000.78103769861,3890000
999,1001,0.149575076400001,40.9736914346956,-73.9847334628661,40.7027647459948,-73.4268482007733,3.598024311953,3.448449235553,2000.76943065909,2000.91900573549,3890000
999,1000,2.025437117,40.9736914346956,-73.9847334628661,40.6560153280041,-73.6060881090669,5.473886352553,3.448449235553,2000.76943065909,2002.79486777609,3890000
1000,396,4.205132225,40.6560153280041,-73.6060881090669,4.7414,-77.0771,9.679018577553,5.473886352553,2002.79486777609,2007.00000000109,3890000
1000,395,6.829832225,40.6560153280041,-73.6060881090669,41.5255,-74.403,12.303718577553,5.473886352553,2002.79486777609,2009.62470000109,3890000
1001,1002,0.1193287975,40.7027647459948,-73.4268482007733,40.4055568702751,-72.8753070644082,3.717353109453,3.598024311953,2000.91900573549,2001.03833453299,3890000
1001,1008,0.0657039371599986,40.7027647459948,-73.4268482007733,40.7007437686949,-73.0436126391712,3.663728249113,3.598024311953,2000.91900573549,2000.98470967265,3890000
1002,397,2.578065467,40.4055568702751,-72.8753070644082,36.6488,-77.5456,6.295418576453,3.717353109453,2001.03833453299,2003.61639999999,3890000
1002,1003,0.8144838906,40.4055568702751,-72.8753070644082,41.6302035267064,-75.3322992852862,4.531837000053,3.717353109453,2001.03833453299,2001.85281842359,3890000
1003,1004,0.242270596199999,41.6302035267064,-75.3322992852862,41.6156977152862,-75.3043707782295,4.774107596253,4.531837000053,2001.85281842359,2002.09508901979,3890000
1003,1005,0.0841903584699999,41.6302035267064,-75.3322992852862,41.3700200057529,-74.937392593956,4.616027358523,4.531837000053,2001.85281842359,2001.93700878206,3890000
1004,399,1.633710981,41.6156977152862,-75.3043707782295,41.4999,-74.0135,6.407818577253,4.774107596253,2002.09508901979,2003.72880000079,3890000
1004,398,0.546010980600002,41.6156977152862,-75.3043707782295,40.5534,-82.9344,5.320118576853,4.774107596253,2002.09508901979,2002.64110000039,3890000
1005,400,0.7615912183,41.3700200057529,-74.937392593956,40.663,-74.3256,5.377618576823,4.616027358523,2001.93700878206,2002.69860000036,3890000
1005,1006,0.0859347369200005,41.3700200057529,-74.937392593956,41.020765092232,-73.638078987995,4.701962095443,4.616027358523,2001.93700878206,2002.02294351898,3890000
1006,1007,1.267178439,41.020765092232,-73.638078987995,41.7020998393677,-74.7519664823444,5.969140534443,4.701962095443,2002.02294351898,2003.29012195798,3890000
1006,401,2.676556481,41.020765092232,-73.638078987995,40.8486,-73.719,7.378518576443,4.701962095443,2002.02294351898,2004.69949999998,3890000
1007,402,1.242678042,41.7020998393677,-74.7519664823444,47.1657,-82.0554,7.211818576443,5.969140534443,2003.29012195798,2004.53279999998,3890000
1007,403,0.400278042100002,41.7020998393677,-74.7519664823444,41.1432,-74.8611,6.369418576543,5.969140534443,2003.29012195798,2003.69040000008,3890000
1008,404,1.631690328,40.7007437686949,-73.0436126391712,36.7582,-64.6359,5.295418577113,3.663728249113,2000.98470967265,2002.61640000065,3890000
1008,1009,0.1019136076,40.7007437686949,-73.0436126391712,41.1348790650977,-73.7051244419504,3.765641856713,3.663728249113,2000.98470967265,2001.08662328025,3890000
1009,405,7.58547672,41.1348790650977,-73.7051244419504,41.0426,-73.7114,11.351118576713,3.765641856713,2001.08662328025,2008.67210000025,3890000
1009,1010,0.0677996310599998,41.1348790650977,-73.7051244419504,40.639604978203,-72.441607515104,3.833441487773,3.765641856713,2001.08662328025,2001.15442291131,3890000
1010,408,3.228077089,40.639604978203,-72.441607515104,40.5034,-76.7221,7.061518576773,3.833441487773,2001.15442291131,2004.38250000031,3890000
1010,1011,0.899301556399999,40.639604978203,-72.441607515104,41.3436911908785,-73.3885947224383,4.732743044173,3.833441487773,2001.15442291131,2002.05372446771,3890000
1011,407,4.595575533,41.3436911908785,-73.3885947224383,43.1473,-73.9572,9.328318577173,4.732743044173,2002.05372446771,2006.64930000071,3890000
1011,406,1.710675533,41.3436911908785,-73.3885947224383,40.641,-74.5105,6.443418577173,4.732743044173,2002.05372446771,2003.76440000071,3890000
1012,1038,0.0159902925199997,41.2568623392896,-73.9366672429574,41.2306930458997,-73.9394194514698,3.476046567593,3.460056275073,2000.78103769861,2000.79702799113,3890000
1012,1013,0.0088607113469994,41.2568623392896,-73.9366672429574,41.2274703581181,-73.8565378266466,3.46891698642,3.460056275073,2000.78103769861,2000.78989840995,3890000
1013,1033,0.326823840199999,41.2274703581181,-73.8565378266466,38.4941933466856,-70.7553326734848,3.79574082662,3.46891698642,2000.78989840995,2001.11672225015,3890000
1013,1014,0.1077722873,41.2274703581181,-73.8565378266466,41.4733134801437,-73.268348776252,3.57668927372,3.46891698642,2000.78989840995,2000.89767069725,3890000
1014,1015,0.1296989561,41.4733134801437,-73.268348776252,41.3390028285217,-73.9611945566401,3.70638822982,3.57668927372,2000.89767069725,2001.02736965335,3890000
1014,1030,1.298530117,41.4733134801437,-73.268348776252,41.651646924531,-72.9244044197124,4.87521939072,3.57668927372,2000.89767069725,2002.19620081425,3890000
1015,1016,0.000203708895700316,41.3390028285217,-73.9611945566401,41.3544152690493,-73.9754335570055,3.7065919387157,3.70638822982,2001.02736965335,2001.02757336225,3890000
1015,1024,2.757950114,41.3390028285217,-73.9611945566401,42.0697865124155,-74.3912424337889,6.46433834382,3.70638822982,2001.02736965335,2003.78531976735,3890000
1016,1017,0.0046434788689993,41.3544152690493,-73.9754335570055,41.2097093347464,-73.5607932800812,3.7112354175847,3.7065919387157,2001.02757336225,2001.03221684112,3890000
1016,409,2.619026638,41.3544152690493,-73.9754335570055,41.1803,-73.5775,6.3256185767157,3.7065919387157,2001.02757336225,2003.64660000025,3890000
1017,1018,0.6644629455,41.2097093347464,-73.5607932800812,39.8311127037153,-73.512048990348,4.3756983630847,3.7112354175847,2001.03221684112,2001.69667978662,3890000
1017,1019,1.047583632,41.2097093347464,-73.5607932800812,42.4444456240162,-69.9914937160697,4.7588190495847,3.7112354175847,2001.03221684112,2002.07980047312,3890000
1018,410,1.960820214,39.8311127037153,-73.512048990348,42.9528,-97.9814,6.3365185770847,4.3756983630847,2001.69667978662,2003.65750000062,3890000
1018,411,0.944420213700001,39.8311127037153,-73.512048990348,40.05,-73.3323,5.3201185767847,4.3756983630847,2001.69667978662,2002.64110000032,3890000
1019,412,0.561299527099999,42.4444456240162,-69.9914937160697,41.3408,-64.2061,5.3201185766847,4.7588190495847,2002.07980047312,2002.64110000022,3890000
1019,1020,0.0104277549200003,42.4444456240162,-69.9914937160697,42.5801249435208,-70.1967022543421,4.7692468045047,4.7588190495847,2002.07980047312,2002.09022822804,3890000
1020,1021,1.70759769,42.5801249435208,-70.1967022543421,45.045137100604,-71.6320274286292,6.4768444945047,4.7692468045047,2002.09022822804,2003.79782591804,3890000
1020,417,2.568271772,42.5801249435208,-70.1967022543421,42.7213,-66.1212,7.3375185765047,4.7692468045047,2002.09022822804,2004.65850000004,3890000
1021,413,3.782974082,45.045137100604,-71.6320274286292,42.4716,-73.7313,10.2598185765047,6.4768444945047,2003.79782591804,2007.58080000004,3890000
1021,1022,1.532185748,45.045137100604,-71.6320274286292,46.6586193114116,-72.7457453619,8.0090302425047,6.4768444945047,2003.79782591804,2005.33001166604,3890000
1022,1023,1.160843344,46.6586193114116,-72.7457453619,46.6805491560105,-72.4531076422509,9.1698735865047,8.0090302425047,2005.33001166604,2006.49085501004,3890000
1022,414,1.286388334,46.6586193114116,-72.7457453619,42.2577,-73.5216,9.2954185765047,8.0090302425047,2005.33001166604,2006.61640000004,3890000
1023,416,0.0954449907499999,46.6805491560105,-72.4531076422509,49.4041,-70.3838,9.2653185772547,9.1698735865047,2006.49085501004,2006.58630000079,3890000
1023,415,4.207744991,46.6805491560105,-72.4531076422509,40.0483,-72.3505,13.3776185775047,9.1698735865047,2006.49085501004,2010.69860000104,3890000
1024,418,0.6299802334,42.0697865124155,-74.3912424337889,44.7357,-77.4644,7.09431857722,6.46433834382,2003.78531976735,2004.41530000075,3890000
1024,1025,0.322700229199999,42.0697865124155,-74.3912424337889,42.3257042117191,-73.4062785383968,6.78703857302,6.46433834382,2003.78531976735,2004.10801999655,3890000
1025,424,8.381080004,42.3257042117191,-73.4062785383968,50.9624,-76.0793,15.16811857702,6.78703857302,2004.10801999655,2012.48910000055,3890000
1025,1026,6.810874276,42.3257042117191,-73.4062785383968,42.2851204344096,-72.5304169309059,13.59791284902,6.78703857302,2004.10801999655,2010.91889427255,3890000
1026,1027,0.0240539036000005,42.2851204344096,-72.5304169309059,42.332825196117,-72.5866362841975,13.62196675262,13.59791284902,2010.91889427255,2010.94294817615,3890000
1026,423,0.7249057279,42.2851204344096,-72.5304169309059,46.8753,-69.9095,14.32281857692,13.59791284902,2010.91889427255,2011.64380000045,3890000
1027,1028,0.2784386985,42.332825196117,-72.5866362841975,42.3491152057846,-72.97094857653,13.90040545112,13.62196675262,2010.94294817615,2011.22138687465,3890000
1027,1029,0.0960590106700003,42.332825196117,-72.5866362841975,42.3832563229408,-73.3013370710627,13.71802576329,13.62196675262,2010.94294817615,2011.03900718682,3890000
1028,420,0.438913125699999,42.3491152057846,-72.97094857653,42.278,-72.9461,14.33931857682,13.90040545112,2011.22138687465,2011.66030000035,3890000
1028,419,0.3868131257,42.3491152057846,-72.97094857653,42.0446,-73.1613,14.28721857682,13.90040545112,2011.22138687465,2011.60820000035,3890000
1029,421,0.665092813599999,42.3832563229408,-73.3013370710627,42.4385,-73.3342,14.38311857689,13.71802576329,2011.03900718682,2011.70410000042,3890000
1029,422,0.549992813599999,42.3832563229408,-73.3013370710627,42.4963,-70.8706,14.26801857689,13.71802576329,2011.03900718682,2011.58900000042,3890000
1030,1031,0.670006268,41.651646924531,-72.9244044197124,41.5632813355126,-73.661662545343,5.54522565872,4.87521939072,2002.19620081425,2002.86620708225,3890000
1030,1032,0.603617676200001,41.651646924531,-72.9244044197124,43.0996071738027,-74.1812796401296,5.47883706692,4.87521939072,2002.19620081425,2002.79981849045,3890000
1031,426,4.736492918,41.5632813355126,-73.661662545343,40.5075,-75.2751,10.28171857672,5.54522565872,2002.86620708225,2007.60270000025,3890000
1031,425,2.840592918,41.5632813355126,-73.661662545343,41.7423,-73.6926,8.38581857672,5.54522565872,2002.86620708225,2005.70680000025,3890000
1032,427,1.76848151,43.0996071738027,-74.1812796401296,41.4491,-73.4765,7.24731857692,5.47883706692,2002.79981849045,2004.56830000045,3890000
1032,428,0.811181509899999,43.0996071738027,-74.1812796401296,42.422,-75.41,6.29001857682,5.47883706692,2002.79981849045,2003.61100000035,3890000
1033,429,1.61747775,38.4941933466856,-70.7553326734848,34.6356,-70.3807,5.41321857662,3.79574082662,2001.11672225015,2002.73420000015,3890000
1033,1034,1.082905477,38.4941933466856,-70.7553326734848,36.1299875522487,-69.1293142078832,4.87864630362,3.79574082662,2001.11672225015,2002.19962772715,3890000
1034,1035,1.670729895,36.1299875522487,-69.1293142078832,35.5748074306681,-67.9771182574716,6.54937619862,4.87864630362,2002.19962772715,2003.87035762215,3890000
1034,1037,0.624167895099999,36.1299875522487,-69.1293142078832,34.210077013172,-65.8866327732131,5.50281419872,4.87864630362,2002.19962772715,2002.82379562225,3890000
1035,430,4.749842378,35.5748074306681,-67.9771182574716,27.3429,-63.4872,11.29921857662,6.54937619862,2003.87035762215,2008.62020000015,3890000
1035,1036,1.497198912,35.5748074306681,-67.9771182574716,35.5985140878509,-65.9987692086996,8.04657511062,6.54937619862,2003.87035762215,2005.36755653415,3890000
1036,431,1.632443465,35.5985140878509,-65.9987692086996,34.0787,-28.6,9.67901857562,8.04657511062,2005.36755653415,2006.99999999915,3890000
1036,432,3.383843465,35.5985140878509,-65.9987692086996,27.3759,-63.6225,11.43041857562,8.04657511062,2005.36755653415,2008.75139999915,3890000
1037,433,1.763604378,34.210077013172,-65.8866327732131,35.3615,-69.6663,7.26641857672,5.50281419872,2002.82379562225,2004.58740000025,3890000
1037,434,1.799204378,34.210077013172,-65.8866327732131,34.8212,-66.7614,7.30201857672,5.50281419872,2002.82379562225,2004.62300000025,3890000
1038,1077,0.0059485497259999,41.2306930458997,-73.9394194514698,40.5477073834027,-73.6705749567756,3.481995117319,3.476046567593,2000.79702799113,2000.80297654085,3890000
1038,1039,0.0661826404799992,41.2306930458997,-73.9394194514698,41.7576791365391,-74.2678493719719,3.542229208073,3.476046567593,2000.79702799113,2000.86321063161,3890000
1039,1068,0.0244796118600004,41.7576791365391,-74.2678493719719,41.860654672632,-74.2501869699284,3.566708819933,3.542229208073,2000.86321063161,2000.88769024347,3890000
1039,1040,0.143655289200002,41.7576791365391,-74.2678493719719,41.6725560161528,-74.0565973457088,3.685884497273,3.542229208073,2000.86321063161,2001.00686592081,3890000
1040,1041,0.190683377799999,41.6725560161528,-74.0565973457088,41.7839896786984,-74.0791384954253,3.876567875073,3.685884497273,2001.00686592081,2001.19754929861,3890000
1040,1067,0.0274260896399987,41.6725560161528,-74.0565973457088,41.6777166322102,-74.2018785622343,3.713310586913,3.685884497273,2001.00686592081,2001.03429201045,3890000
1041,1042,0.0240847726000002,41.7839896786984,-74.0791384954253,41.8163369496962,-74.1624952323508,3.900652647673,3.876567875073,2001.19754929861,2001.22163407121,3890000
1041,435,6.481950702,41.7839896786984,-74.0791384954253,41.8425,-76.0853,10.358518577073,3.876567875073,2001.19754929861,2007.67950000061,3890000
1042,1046,0.649570500299999,41.8163369496962,-74.1624952323508,40.4843778665813,-73.6512187029427,4.550223147973,3.900652647673,2001.22163407121,2001.87120457151,3890000
1042,1043,0.902404581000001,41.8163369496962,-74.1624952323508,41.2855359388298,-75.7365491875543,4.803057228673,3.900652647673,2001.22163407121,2002.12403865221,3890000
1043,1044,5.671508994,41.2855359388298,-75.7365491875543,42.911966156246,-76.296875910126,10.474566222673,4.803057228673,2002.12403865221,2007.79554764621,3890000
1043,439,3.566361348,41.2855359388298,-75.7365491875543,41.5177,-74.8517,8.369418576673,4.803057228673,2002.12403865221,2005.69040000021,3890000
1044,1045,0.0523318810699998,42.911966156246,-76.296875910126,42.9864555405175,-76.3807725865853,10.526898103743,10.474566222673,2007.79554764621,2007.84787952728,3890000
1044,438,4.827452354,42.911966156246,-76.296875910126,41.679,-75.9682,15.302018576673,10.474566222673,2007.79554764621,2012.62300000021,3890000
1045,437,0.859820472699999,42.9864555405175,-76.3807725865853,43.5197,-76.1587,11.386718576443,10.526898103743,2007.84787952728,2008.70769999998,3890000
1045,436,1.834320473,42.9864555405175,-76.3807725865853,43.0698,-77.0972,12.361218576743,10.526898103743,2007.84787952728,2009.68220000028,3890000
1046,461,6.645195429,40.4843778665813,-73.6512187029427,40.8254,-73.6389,11.195418576973,4.550223147973,2001.87120457151,2008.51640000051,3890000
1046,1047,4.679035094,40.4843778665813,-73.6512187029427,41.4336193010255,-74.210969228497,9.229258241973,4.550223147973,2001.87120457151,2006.55023966551,3890000
1047,1049,0.850236004199999,41.4336193010255,-74.210969228497,41.9107224922978,-74.4534954955805,10.079494246173,9.229258241973,2006.55023966551,2007.40047566971,3890000
1047,1048,1.511279537,41.4336193010255,-74.210969228497,40.4867086716051,-72.7210853098566,10.740537778973,9.229258241973,2006.55023966551,2008.06151920251,3890000
1048,440,3.524780798,40.4867086716051,-72.7210853098566,39.7384,-72.3556,14.265318576973,10.740537778973,2008.06151920251,2011.58630000051,3890000
1048,441,1.606980798,40.4867086716051,-72.7210853098566,41.5087,-73.4335,12.347518576973,10.740537778973,2008.06151920251,2009.66850000051,3890000
1049,1050,0.237701338500001,41.9107224922978,-74.4534954955805,42.2713403701088,-74.4581639311357,10.317195584673,10.079494246173,2007.40047566971,2007.63817700821,3890000
1049,442,0.2433243309,41.9107224922978,-74.4534954955805,41.5748,-74.4388,10.322818577073,10.079494246173,2007.40047566971,2007.64380000061,3890000
1050,1051,0.1227511343,42.2713403701088,-74.4581639311357,41.8248519290771,-73.8714968910342,10.439946718973,10.317195584673,2007.63817700821,2007.76092814251,3890000
1050,1064,2.143242207,42.2713403701088,-74.4581639311357,49.848679857766,-73.8049123245259,12.460437791673,10.317195584673,2007.63817700821,2009.78141921521,3890000
1051,443,1.907571858,41.8248519290771,-73.8714968910342,41.4357,-73.3693,12.347518576973,10.439946718973,2007.76092814251,2009.66850000051,3890000
1051,1052,0.978944176600001,41.8248519290771,-73.8714968910342,41.7888114304262,-74.4412289962365,11.418890895573,10.439946718973,2007.76092814251,2008.73987231911,3890000
1052,1053,0.9729671285,41.7888114304262,-74.4412289962365,41.9236693154788,-74.3340741722971,12.391858024073,11.418890895573,2008.73987231911,2009.71283944761,3890000
1052,444,3.896727682,41.7888114304262,-74.4412289962365,41.4441,-73.8203,15.315618577573,11.418890895573,2008.73987231911,2012.63660000111,3890000
1053,1055,0.2356648789,41.9236693154788,-74.3340741722971,41.9241288997962,-74.4224545997853,12.627522902973,12.391858024073,2009.71283944761,2009.94850432651,3890000
1053,1054,2.216798581,41.9236693154788,-74.3340741722971,42.0735480241369,-73.9746095831187,14.608656605073,12.391858024073,2009.71283944761,2011.92963802861,3890000
1054,445,0.715161971700001,42.0735480241369,-73.9746095831187,42.1989,-74.1763,15.323818576773,14.608656605073,2011.92963802861,2012.64480000031,3890000
1054,446,0.5812619717,42.0735480241369,-73.9746095831187,41.7057,-73.7601,15.189918576773,14.608656605073,2011.92963802861,2012.51090000031,3890000
1055,456,3.629595674,41.9241288997962,-74.4224545997853,41.4681,-73.6598,16.257118576973,12.627522902973,2009.94850432651,2013.57810000051,3890000
1055,1056,0.0110024844200005,41.9241288997962,-74.4224545997853,42.1411531612001,-74.2571827687257,12.638525387393,12.627522902973,2009.94850432651,2009.95950681093,3890000
1056,1059,0.3030991555,42.1411531612001,-74.2571827687257,42.1633303356199,-74.8438201073013,12.941624542893,12.638525387393,2009.95950681093,2010.26260596643,3890000
1056,1057,0.553264459799999,42.1411531612001,-74.2571827687257,41.7605283745838,-74.0796509005992,13.191789847193,12.638525387393,2009.95950681093,2010.51277127073,3890000
1057,1058,0.3641686968,41.7605283745838,-74.0796509005992,40.8048631453942,-74.4611348298359,13.555958543993,13.191789847193,2010.51277127073,2010.87693996753,3890000
1057,447,3.01322873,41.7605283745838,-74.0796509005992,41.6097,-73.8309,16.205018577193,13.191789847193,2010.51277127073,2013.52600000073,3890000
1058,448,2.720360033,40.8048631453942,-74.4611348298359,30.3371,-75.1001,16.276318576993,13.555958543993,2010.87693996753,2013.59730000053,3890000
1058,449,2.662760033,40.8048631453942,-74.4611348298359,41.4457,-73.9824,16.218718576993,13.555958543993,2010.87693996753,2013.53970000053,3890000
1059,1060,0.6300231566,42.1633303356199,-74.8438201073013,41.2759722284899,-73.8700423407252,13.571647699493,12.941624542893,2010.26260596643,2010.89262912303,3890000
1059,1063,0.7128500265,42.1633303356199,-74.8438201073013,41.8946677661672,-73.7340521342183,13.654474569393,12.941624542893,2010.26260596643,2010.97545599293,3890000
1060,1061,0.1186341883,41.2759722284899,-73.8700423407252,41.2854871052704,-74.1762092765854,13.690281887793,13.571647699493,2010.89262912303,2011.01126331133,3890000
1060,453,1.743970878,41.2759722284899,-73.8700423407252,41.4419,-73.8053,15.315618577493,13.571647699493,2010.89262912303,2012.63660000103,3890000
1061,1062,0.2531371178,41.2854871052704,-74.1762092765854,41.4870327397963,-74.1340126303503,13.943419005593,13.690281887793,2011.01126331133,2011.26440042913,3890000
1061,450,4.657236689,41.2854871052704,-74.1762092765854,40.7049,-74.144,18.347518576793,13.690281887793,2011.01126331133,2015.66850000033,3890000
1062,451,2.505499572,41.4870327397963,-74.1340126303503,41.4409,-74.1477,16.448918577593,13.943419005593,2011.26440042913,2013.76990000113,3890000
1062,452,1.475999572,41.4870327397963,-74.1340126303503,41.8116,-73.9489,15.419418577593,13.943419005593,2011.26440042913,2012.74040000113,3890000
1063,454,1.718544008,41.8946677661672,-73.7340521342183,41.5004,-73.5341,15.373018577393,13.654474569393,2010.97545599293,2012.69400000093,3890000
1063,455,1.475344008,41.8946677661672,-73.7340521342183,58.2404,-45.7541,15.129818577393,13.654474569393,2010.97545599293,2012.45080000093,3890000
1064,1065,0.119147484299999,49.848679857766,-73.8049123245259,49.6789970901026,-74.0096168452322,12.579585275973,12.460437791673,2009.78141921521,2009.90056669951,3890000
1064,460,2.644780786,49.848679857766,-73.8049123245259,51.1032,-75.4769,15.105218577673,12.460437791673,2009.78141921521,2012.42620000121,3890000
1065,1066,0.0980363032099998,49.6789970901026,-74.0096168452322,49.8736487778676,-74.0804027785603,12.677621579183,12.579585275973,2009.90056669951,2009.99860300272,3890000
1065,459,2.604933301,49.6789970901026,-74.0096168452322,50.2435,-56.8489,15.184518576973,12.579585275973,2009.90056669951,2012.50550000051,3890000
1066,458,2.504096998,49.8736487778676,-74.0804027785603,50.7049,-74.4219,15.181718577183,12.677621579183,2009.99860300272,2012.50270000072,3890000
1066,457,2.504096998,49.8736487778676,-74.0804027785603,51.0609,-76.138,15.181718577183,12.677621579183,2009.99860300272,2012.50270000072,3890000
1067,462,5.60950799,41.6777166322102,-74.2018785622343,51.8548,-92.3433,9.322818576913,3.713310586913,2001.03429201045,2006.64380000045,3890000
1067,463,0.6479079899,41.6777166322102,-74.2018785622343,67.9387,-83.2108,4.361218576813,3.713310586913,2001.03429201045,2001.68220000035,3890000
1068,464,3.470209757,41.860654672632,-74.2501869699284,42.2682,-74.1899,7.036918576933,3.566708819933,2000.88769024347,2004.35790000047,3890000
1068,1069,0.137698910000001,41.860654672632,-74.2501869699284,41.3841169266421,-73.426241285204,3.704407729933,3.566708819933,2000.88769024347,2001.02538915347,3890000
1069,1070,4.216777871,41.3841169266421,-73.426241285204,40.32954194038,-73.9928137704026,7.921185600933,3.704407729933,2001.02538915347,2005.24216702447,3890000
1069,1076,1.819444382,41.3841169266421,-73.426241285204,41.7138503185983,-73.9242902690211,5.523852111933,3.704407729933,2001.02538915347,2002.84483353547,3890000
1070,1071,0.7769724377,40.32954194038,-73.9928137704026,40.8853961734992,-74.4670072537092,8.698158038633,7.921185600933,2005.24216702447,2006.01913946217,3890000
1070,465,1.360532976,40.32954194038,-73.9928137704026,40.369,-73.9028,9.281718576933,7.921185600933,2005.24216702447,2006.60270000047,3890000
1071,471,1.674060539,40.8853961734992,-74.4670072537092,41.3092,-74.4038,10.372218577633,8.698158038633,2006.01913946217,2007.69320000117,3890000
1071,1072,1.24063643,40.8853961734992,-74.4670072537092,40.8140210299007,-73.9089664319788,9.938794468633,8.698158038633,2006.01913946217,2007.25977589217,3890000
1072,470,1.415124109,40.8140210299007,-73.9089664319788,40.8562,-73.8958,11.353918577633,9.938794468633,2007.25977589217,2008.67490000117,3890000
1072,1073,0.201826994999999,40.8140210299007,-73.9089664319788,40.9118048784811,-73.896243976975,10.140621463633,9.938794468633,2007.25977589217,2007.46160288717,3890000
1073,469,0.154797114100001,40.9118048784811,-73.896243976975,40.631,-74.2377,10.295418577733,10.140621463633,2007.46160288717,2007.61640000127,3890000
1073,1074,0.1882332268,40.9118048784811,-73.896243976975,40.8884792257203,-73.9191180193898,10.328854690433,10.140621463633,2007.46160288717,2007.64983611397,3890000
1074,466,1.966563887,40.8884792257203,-73.9191180193898,41.0469,-73.8987,12.295418577433,10.328854690433,2007.64983611397,2009.61640000097,3890000
1074,1075,0.1197158423,40.8884792257203,-73.9191180193898,41.1662304480305,-74.1989030427275,10.448570532733,10.328854690433,2007.64983611397,2007.76955195627,3890000
1075,468,2.833148045,41.1662304480305,-74.1989030427275,40.6132,-74.3991,13.281718577733,10.448570532733,2007.76955195627,2010.60270000127,3890000
1075,467,0.946248045100001,41.1662304480305,-74.1989030427275,41.1077,-74.0057,11.394818577833,10.448570532733,2007.76955195627,2008.71580000137,3890000
1076,472,1.881966464,41.7138503185983,-73.9242902690211,41.2847,-74.2631,7.405818575933,5.523852111933,2002.84483353547,2004.72679999947,3890000
1076,473,9.698866464,41.7138503185983,-73.9242902690211,-53.4204,6.3429,15.222718575933,5.523852111933,2002.84483353547,2012.54369999947,3890000
1077,1078,0.03051064894,40.5477073834027,-73.6705749567756,40.5558581855338,-73.6626087991872,3.512505766259,3.481995117319,2000.80297654085,2000.83348718979,3890000
1077,1158,0.4028536229,40.5477073834027,-73.6705749567756,41.9426297442298,-74.6386445283871,3.884848740219,3.481995117319,2000.80297654085,2001.20583016375,3890000
1078,474,1.166512811,40.5558581855338,-73.6626087991872,44.3611,-70.023,4.679018577259,3.512505766259,2000.83348718979,2002.00000000079,3890000
1078,1079,0.000804129177600643,40.5558581855338,-73.6626087991872,40.5595886310319,-73.6616787526762,3.5133098954366,3.512505766259,2000.83348718979,2000.83429131897,3890000
1079,1080,0.1727812541,40.5595886310319,-73.6616787526762,40.8302678072224,-74.0805052129333,3.6860911495366,3.5133098954366,2000.83429131897,2001.00707257307,3890000
1079,1157,0.202039883099999,40.5595886310319,-73.6616787526762,39.773527006719,-73.820549901257,3.7153497785366,3.5133098954366,2000.83429131897,2001.03633120207,3890000
1080,1081,0.0186509215899981,40.8302678072224,-74.0805052129333,40.8178938847607,-74.0955864846583,3.7047420711266,3.6860911495366,2001.00707257307,2001.02572349466,3890000
1080,1087,0.6075693682,40.8302678072224,-74.0805052129333,40.8562902486259,-74.1486014012592,4.2936605177366,3.6860911495366,2001.00707257307,2001.61464194127,3890000
1081,1082,1.148498015,40.8178938847607,-74.0955864846583,41.8807972474951,-75.2808709041844,4.8532400861266,3.7047420711266,2001.02572349466,2002.17422150966,3890000
1081,1083,0.0849372142200018,40.8178938847607,-74.0955864846583,41.0756496528676,-73.2944043802269,3.7896792853466,3.7047420711266,2001.02572349466,2001.11066070888,3890000
1082,475,1.41477849,41.8807972474951,-75.2808709041844,42.6062,-74.9237,6.2680185761266,4.8532400861266,2002.17422150966,2003.58899999966,3890000
1082,476,4.48327849,41.8807972474951,-75.2808709041844,44.301,-74.5668,9.3365185761266,4.8532400861266,2002.17422150966,2006.65749999966,3890000
1083,477,3.476739291,41.0756496528676,-73.2944043802269,42.913,-74.4571,7.2664185763466,3.7896792853466,2001.11066070888,2004.58739999988,3890000
1083,1084,1.086119824,41.0756496528676,-73.2944043802269,41.3553133028217,-74.9393835003079,4.8757991093466,3.7896792853466,2001.11066070888,2002.19678053288,3890000
1084,1085,0.7969887002,41.3553133028217,-74.9393835003079,41.6892584474246,-75.3524832280943,5.6727878095466,4.8757991093466,2002.19678053288,2002.99376923308,3890000
1084,1086,0.0144143020599987,41.3553133028217,-74.9393835003079,41.1886166598713,-74.7355004403051,4.8902134114066,4.8757991093466,2002.19678053288,2002.21119483494,3890000
1085,478,0.754130767200001,41.6892584474246,-75.3524832280943,41.5723,-75.0318,6.4269185767466,5.6727878095466,2002.99376923308,2003.74790000028,3890000
1085,479,1.667430767,41.6892584474246,-75.3524832280943,41.5973,-73.9534,7.3402185765466,5.6727878095466,2002.99376923308,2004.66120000008,3890000
1086,481,0.788805165300001,41.1886166598713,-74.7355004403051,41.4802,-79.3287,5.6790185767066,4.8902134114066,2002.21119483494,2003.00000000024,3890000
1086,480,1.303905165,41.1886166598713,-74.7355004403051,41.51,-74.1705,6.1941185764066,4.8902134114066,2002.21119483494,2003.51509999994,3890000
1087,1090,0.465246983699998,40.8562902486259,-74.1486014012592,33.586281696305,-72.7937813527337,4.7589075014366,4.2936605177366,2001.61464194127,2002.07988892497,3890000
1087,1088,0.461386487399999,40.8562902486259,-74.1486014012592,40.3194108094343,-73.865507665513,4.7550470051366,4.2936605177366,2001.61464194127,2002.07602842867,3890000
1088,1089,5.725827625,40.3194108094343,-73.865507665513,44.5914079791346,-72.4847184385996,10.4808746301366,4.7550470051366,2002.07602842867,2007.80185605367,3890000
1088,484,9.529471572,40.3194108094343,-73.865507665513,38.9363,-76.3638,14.2845185771366,4.7550470051366,2002.07602842867,2011.60550000067,3890000
1089,482,5.699543946,44.5914079791346,-72.4847184385996,43.0303,-73.9214,16.1804185761366,10.4808746301366,2007.80185605367,2013.50139999967,3890000
1089,483,4.700843946,44.5914079791346,-72.4847184385996,42.97,-73.7594,15.1817185761366,10.4808746301366,2007.80185605367,2012.50269999967,3890000
1090,1156,2.003765405,33.586281696305,-72.7937813527337,34.872627306639,-71.6577247990047,6.7626729064366,4.7589075014366,2002.07988892497,2004.08365432997,3890000
1090,1091,0.657274759900002,33.586281696305,-72.7937813527337,33.8180358634794,-72.4280276803183,5.4161822613366,4.7589075014366,2002.07988892497,2002.73716368487,3890000
1091,1092,0.0836710783599983,33.8180358634794,-72.4280276803183,33.301125538661,-72.3867861866313,5.4998533396966,5.4161822613366,2002.73716368487,2002.82083476323,3890000
1091,1096,0.1715242579,33.8180358634794,-72.4280276803183,34.8553490074198,-74.3589057254118,5.5877065192366,5.4161822613366,2002.73716368487,2002.90868794277,3890000
1092,1094,0.127787643000001,33.301125538661,-72.3867861866313,33.3724519513363,-72.6311064001315,5.6276409826966,5.4998533396966,2002.82083476323,2002.94862240623,3890000
1092,1093,2.389721421,33.301125538661,-72.3867861866313,34.3965264533616,-71.2276384882364,7.8895747606966,5.4998533396966,2002.82083476323,2005.21055618423,3890000
1093,485,3.382343816,34.3965264533616,-71.2276384882364,34.217,-70.2395,11.2719185766966,7.8895747606966,2005.21055618423,2008.59290000023,3890000
1093,486,2.309943816,34.3965264533616,-71.2276384882364,34.445,-71.233,10.1995185766966,7.8895747606966,2005.21055618423,2007.52050000023,3890000
1094,1095,0.7986229267,33.3724519513363,-72.6311064001315,32.7935428066263,-71.861792927892,6.4262639093966,5.6276409826966,2002.94862240623,2003.74724533293,3890000
1094,487,3.051377594,33.3724519513363,-72.6311064001315,51.1134,-40.1842,8.6790185766966,5.6276409826966,2002.94862240623,2006.00000000023,3890000
1095,488,3.819854667,32.7935428066263,-71.861792927892,27.8748,-59.0177,10.2461185763966,6.4262639093966,2003.74724533293,2007.56709999993,3890000
1095,489,2.847254667,32.7935428066263,-71.861792927892,34.0662,-69.7124,9.2735185763966,6.4262639093966,2003.74724533293,2006.59449999993,3890000
1096,1097,0.3925095972,34.8553490074198,-74.3589057254118,34.1686879261494,-73.9435370704832,5.9802161164366,5.5877065192366,2002.90868794277,2003.30119753997,3890000
1096,1150,0.9165247605,34.8553490074198,-74.3589057254118,34.5899950991175,-75.6815491907014,6.5042312797366,5.5877065192366,2002.90868794277,2003.82521270327,3890000
1097,1100,1.836825822,34.1686879261494,-73.9435370704832,34.2669601878216,-73.73728065444,7.8170419384366,5.9802161164366,2003.30119753997,2005.13802336197,3890000
1097,1098,0.999950030799999,34.1686879261494,-73.9435370704832,34.0741080597411,-73.9987798555156,6.9801661472366,5.9802161164366,2003.30119753997,2004.30114757077,3890000
1098,492,3.413952429,34.0741080597411,-73.9987798555156,32.0023,-70.6458,10.3941185762366,6.9801661472366,2004.30114757077,2007.71509999977,3890000
1098,1099,5.593004083,34.0741080597411,-73.9987798555156,31.3741457682644,-72.1102129049134,12.5731702302366,6.9801661472366,2004.30114757077,2009.89415165377,3890000
1099,491,1.749648347,31.3741457682644,-72.1102129049134,31.6982,-72.0779,14.3228185772366,12.5731702302366,2009.89415165377,2011.64380000077,3890000
1099,490,1.842848347,31.3741457682644,-72.1102129049134,31.6304,-72.3119,14.4160185772366,12.5731702302366,2009.89415165377,2011.73700000077,3890000
1100,1142,2.233371458,34.2669601878216,-73.73728065444,34.5317255004691,-73.5115378952906,10.0504133964366,7.8170419384366,2005.13802336197,2007.37139481997,3890000
1100,1101,2.213427898,34.2669601878216,-73.73728065444,34.4750043873621,-72.303744217529,10.0304698364366,7.8170419384366,2005.13802336197,2007.35145125997,3890000
1101,1102,0.505397203199999,34.4750043873621,-72.303744217529,35.2797314503205,-73.6576526456581,10.5358670396366,10.0304698364366,2007.35145125997,2007.85684846317,3890000
1101,1133,0.1581053765,34.4750043873621,-72.303744217529,34.4682778097387,-72.3102961111932,10.1885752129366,10.0304698364366,2007.35145125997,2007.50955663647,3890000
1102,1103,1.663607885,35.2797314503205,-73.6576526456581,40.2268896186738,-66.403990701066,12.1994749246366,10.5358670396366,2007.85684846317,2009.52045634817,3890000
1102,493,1.888351537,35.2797314503205,-73.6576526456581,34.4021,-70.9887,12.4242185766366,10.5358670396366,2007.85684846317,2009.74520000017,3890000
1103,1117,0.0414587960200006,40.2268896186738,-66.403990701066,40.3704193858243,-66.7155421887949,12.2409337206566,12.1994749246366,2009.52045634817,2009.56191514419,3890000
1103,1104,0.1252658966,40.2268896186738,-66.403990701066,39.7999429893977,-66.3037156171987,12.3247408212366,12.1994749246366,2009.52045634817,2009.64572224477,3890000
1104,1105,0.1293833122,39.7999429893977,-66.3037156171987,39.5317348502183,-65.6810659988251,12.4541241334366,12.3247408212366,2009.64572224477,2009.77510555697,3890000
1104,1114,0.9346269634,39.7999429893977,-66.3037156171987,41.3323910020443,-68.6935386948646,13.2593677846366,12.3247408212366,2009.64572224477,2010.58034920817,3890000
1105,1106,0.0126578557400006,39.5317348502183,-65.6810659988251,39.4948953638074,-65.7138618154573,12.4667819891766,12.4541241334366,2009.77510555697,2009.78776341271,3890000
1105,494,3.783794443,39.5317348502183,-65.6810659988251,38.6787,-64.9857,16.2379185764366,12.4541241334366,2009.77510555697,2013.55889999997,3890000
1106,1110,0.167186986800001,39.4948953638074,-65.7138618154573,39.8897538527197,-65.8174983532272,12.6339689759766,12.4667819891766,2009.78776341271,2009.95495039951,3890000
1106,1107,0.5805721238,39.4948953638074,-65.7138618154573,38.7555152297612,-62.3425346203767,13.0473541129766,12.4667819891766,2009.78776341271,2010.36833553651,3890000
1107,498,3.209764463,38.7555152297612,-62.3425346203767,40.466,-62.3382,16.2571185759766,13.0473541129766,2010.36833553651,2013.57809999951,3890000
1107,1108,1.225550953,38.7555152297612,-62.3425346203767,38.628367733781,-60.6556247983854,14.2729050659766,13.0473541129766,2010.36833553651,2011.59388648951,3890000
1108,1109,0.0579026649400003,38.628367733781,-60.6556247983854,38.7777296857305,-60.7986360006558,14.3308077309166,14.2729050659766,2011.59388648951,2011.65178915445,3890000
1108,497,1.02361351,38.628367733781,-60.6556247983854,39.2501,-59.5658,15.2965185759766,14.2729050659766,2011.59388648951,2012.61749999951,3890000
1109,496,0.8974108453,38.7777296857305,-60.7986360006558,38.7432,-60.7281,15.2282185762166,14.3308077309166,2011.65178915445,2012.54919999975,3890000
1109,495,2.060510845,38.7777296857305,-60.7986360006558,36.1876,-56.0626,16.3913185759166,14.3308077309166,2011.65178915445,2013.71229999945,3890000
1110,1111,0.1669255,39.8897538527197,-65.8174983532272,39.8987106522468,-65.8106548429705,12.8008944759766,12.6339689759766,2009.95495039951,2010.12187589951,3890000
1110,503,2.6242496,39.8897538527197,-65.8174983532272,38.8234,-65.6224,15.2582185759766,12.6339689759766,2009.95495039951,2012.57919999951,3890000
1111,1112,0.654096986700001,39.8987106522468,-65.8106548429705,40.4266765262601,-65.4584839312895,13.4549914626766,12.8008944759766,2010.12187589951,2010.77597288621,3890000
1111,499,3.5192241,39.8987106522468,-65.8106548429705,39.9824,-64.1737,16.3201185759766,12.8008944759766,2010.12187589951,2013.64109999951,3890000
1112,1113,0.3727468064,40.4266765262601,-65.4584839312895,40.2518482571926,-65.089233400972,13.8277382690766,13.4549914626766,2010.77597288621,2011.14871969261,3890000
1112,500,2.763727114,40.4266765262601,-65.4584839312895,38.6635,-65.0518,16.2187185766766,13.4549914626766,2010.77597288621,2013.53970000021,3890000
1113,501,2.506080307,40.2518482571926,-65.089233400972,41.2831,-62.7156,16.3338185760766,13.8277382690766,2011.14871969261,2013.65479999961,3890000
1113,502,2.445780307,40.2518482571926,-65.089233400972,41.4434,-61.6381,16.2735185760766,13.8277382690766,2011.14871969261,2013.59449999961,3890000
1114,504,0.0662507917599999,41.3323910020443,-68.6935386948646,41.665,-68.6877,13.3256185763966,13.2593677846366,2010.58034920817,2010.64659999993,3890000
1114,1115,0.6380305952,41.3323910020443,-68.6935386948646,40.3176791278119,-69.1880886288948,13.8973983798366,13.2593677846366,2010.58034920817,2011.21837980337,3890000
1115,1116,0.0434463256599997,40.3176791278119,-69.1880886288948,40.4289036980656,-68.3618503760617,13.9408447054966,13.8973983798366,2011.21837980337,2011.26182612903,3890000
1115,507,4.452820197,40.3176791278119,-69.1880886288948,40.2363,-68.6353,18.3502185768366,13.8973983798366,2011.21837980337,2015.67120000037,3890000
1116,505,1.317373871,40.4289036980656,-68.3618503760617,40.1267,-69.4785,15.2582185764966,13.9408447054966,2011.26182612903,2012.57920000003,3890000
1116,506,2.392973871,40.4289036980656,-68.3618503760617,38.1819,-68.923,16.3338185764966,13.9408447054966,2011.26182612903,2013.65480000003,3890000
1117,1132,1.600196015,40.3704193858243,-66.7155421887949,37.8457504737803,-64.3880759666159,13.8411297356566,12.2409337206566,2009.56191514419,2011.16211115919,3890000
1117,1118,0.0380099897000008,40.3704193858243,-66.7155421887949,40.8058862600123,-64.359046930844,12.2789437103566,12.2409337206566,2009.56191514419,2009.59992513389,3890000
1118,1119,0.2723342234,40.8058862600123,-64.359046930844,41.0159408876504,-64.5074363935609,12.5512779337566,12.2789437103566,2009.59992513389,2009.87225935729,3890000
1118,1130,0.133166254800001,40.8058862600123,-64.359046930844,39.0617233772975,-62.5366205436482,12.4121099651566,12.2789437103566,2009.59992513389,2009.73309138869,3890000
1119,1126,0.6165463745,41.0159408876504,-64.5074363935609,40.7539088638886,-67.4606085785491,13.1678243082566,12.5512779337566,2009.87225935729,2010.48880573179,3890000
1119,1120,0.906679559800001,41.0159408876504,-64.5074363935609,43.3164939099334,-63.2742497321168,13.4579574935566,12.5512779337566,2009.87225935729,2010.77893891709,3890000
1120,1122,0.0733434717599994,43.3164939099334,-63.2742497321168,43.3305629274084,-63.2359611255369,13.5313009653166,13.4579574935566,2010.77893891709,2010.85228238885,3890000
1120,1121,0.0747780259099997,43.3164939099334,-63.2742497321168,42.9593715113689,-62.7515837270806,13.5327355194666,13.4579574935566,2010.77893891709,2010.853716943,3890000
1121,509,1.916783057,42.9593715113689,-62.7515837270806,46.846,-60.0327,15.4495185764666,13.5327355194666,2010.853716943,2012.7705,3890000
1121,508,5.793783057,42.9593715113689,-62.7515837270806,44.4362,-58.4975,19.3265185764666,13.5327355194666,2010.853716943,2016.6475,3890000
1122,1125,1.04215956,43.3305629274084,-63.2359611255369,45.8871769852341,-59.7940050733516,14.5734605253166,13.5313009653166,2010.85228238885,2011.89444194885,3890000
1122,1123,0.0604517229599999,43.3305629274084,-63.2359611255369,45.671523415837,-61.8814068078508,13.5917526882766,13.5313009653166,2010.85228238885,2010.91273411181,3890000
1123,510,1.710265888,45.671523415837,-61.8814068078508,47.3221,-61.6912,15.3020185762766,13.5917526882766,2010.91273411181,2012.62299999981,3890000
1123,1124,0.00504232168299978,45.671523415837,-61.8814068078508,45.4098453543889,-62.1228279177163,13.5967950099596,13.5917526882766,2010.91273411181,2010.91777643349,3890000
1124,511,1.737923566,45.4098453543889,-62.1228279177163,46.8962,-61.2438,15.3347185759596,13.5967950099596,2010.91777643349,2012.65569999949,3890000
1124,512,1.584923566,45.4098453543889,-62.1228279177163,47.0528,-61.4813,15.1817185759596,13.5967950099596,2010.91777643349,2012.50269999949,3890000
1125,514,0.608258051,45.8871769852341,-59.7940050733516,46.9681,-61.1556,15.1817185763166,14.5734605253166,2011.89444194885,2012.50269999985,3890000
1125,513,0.605558051000001,45.8871769852341,-59.7940050733516,46.331,-59.3145,15.1790185763166,14.5734605253166,2011.89444194885,2012.49999999985,3890000
1126,1128,0.315075289799999,40.7539088638886,-67.4606085785491,39.1188006076984,-64.955469943833,13.4828995980566,13.1678243082566,2010.48880573179,2010.80388102159,3890000
1126,1127,0.2118085361,40.7539088638886,-67.4606085785491,38.9986645840408,-67.2084211482492,13.3796328443566,13.1678243082566,2010.48880573179,2010.70061426789,3890000
1127,515,2.995285732,38.9986645840408,-67.2084211482492,39.1117,-64.6056,16.3749185763566,13.3796328443566,2010.70061426789,2013.69589999989,3890000
1127,516,1.900485732,38.9986645840408,-67.2084211482492,39.1769,-67.32,15.2801185763566,13.3796328443566,2010.70061426789,2012.60109999989,3890000
1128,1129,0.0548445364100001,39.1188006076984,-64.955469943833,37.7069841011396,-64.702179277937,13.5377441344666,13.4828995980566,2010.80388102159,2010.858725558,3890000
1128,519,1.657818978,39.1188006076984,-64.955469943833,39.0962,-65.438,15.1407185760566,13.4828995980566,2010.80388102159,2012.46169999959,3890000
1129,517,3.867274442,37.7069841011396,-64.702179277937,37.1688,-64.139,17.4050185764666,13.5377441344666,2010.858725558,2014.726,3890000
1129,518,4.738574442,37.7069841011396,-64.702179277937,38.6619,-65.0736,18.2763185764666,13.5377441344666,2010.858725558,2015.5973,3890000
1130,520,4.020308611,39.0617233772975,-62.5366205436482,39.1959,-63.3374,16.4324185761566,12.4121099651566,2009.73309138869,2013.75339999969,3890000
1130,1131,0.9365295358,39.0617233772975,-62.5366205436482,38.426809675226,-62.8066862106507,13.3486395009566,12.4121099651566,2009.73309138869,2010.66962092449,3890000
1131,522,2.965979075,38.426809675226,-62.8066862106507,38.0532,-63.247,16.3146185759566,13.3486395009566,2010.66962092449,2013.63559999949,3890000
1131,521,3.026279075,38.426809675226,-62.8066862106507,38.1303,-64.1584,16.3749185759566,13.3486395009566,2010.66962092449,2013.69589999949,3890000
1132,524,2.51188884,37.8457504737803,-64.3880759666159,37.9805,-64.6619,16.3530185756566,13.8411297356566,2011.16211115919,2013.67399999919,3890000
1132,523,2.56668884,37.8457504737803,-64.3880759666159,38.1523,-64.399,16.4078185756566,13.8411297356566,2011.16211115919,2013.72879999919,3890000
1133,1134,0.1663240008,34.4682778097387,-72.3102961111932,34.5434927257131,-72.3712778026082,10.3548992137366,10.1885752129366,2007.50955663647,2007.67588063727,3890000
1133,1141,0.3779007245,34.4682778097387,-72.3102961111932,34.7485157477901,-71.8618988309243,10.5664759374366,10.1885752129366,2007.50955663647,2007.88745736097,3890000
1134,1135,0.562590997499999,34.5434927257131,-72.3712778026082,34.2301771455733,-72.2535654669234,10.9174902112366,10.3548992137366,2007.67588063727,2008.23847163477,3890000
1134,525,6.041919363,34.5434927257131,-72.3712778026082,33.529,-72.986,16.3968185767366,10.3548992137366,2007.67588063727,2013.71780000027,3890000
1135,1136,2.271089979,34.2301771455733,-72.2535654669234,34.7272709179391,-72.7425476437539,13.1885801902366,10.9174902112366,2008.23847163477,2010.50956161377,3890000
1135,526,4.302528365,34.2301771455733,-72.2535654669234,35.8776,-74.4409,15.2200185762366,10.9174902112366,2008.23847163477,2012.54099999977,3890000
1136,1137,0.2965171364,34.7272709179391,-72.7425476437539,34.9688171746209,-73.6005744143936,13.4850973266366,13.1885801902366,2010.50956161377,2010.80607875017,3890000
1136,532,3.167138386,34.7272709179391,-72.7425476437539,33.757,-71.9536,16.3557185762366,13.1885801902366,2010.50956161377,2013.67669999977,3890000
1137,531,3.69532125,34.9688171746209,-73.6005744143936,34.2026,-74.4832,17.1804185766366,13.4850973266366,2010.80607875017,2014.50140000017,3890000
1137,1138,0.8012103247,34.9688171746209,-73.6005744143936,34.3532315231964,-72.6810314370333,14.2863076513366,13.4850973266366,2010.80607875017,2011.60728907487,3890000
1138,530,1.053910925,34.3532315231964,-72.6810314370333,35.9572,-79.3424,15.3402185763366,14.2863076513366,2011.60728907487,2012.66119999987,3890000
1138,1139,0.3888235346,34.3532315231964,-72.6810314370333,33.6741109225028,-71.6327596908658,14.6751311859366,14.2863076513366,2011.60728907487,2011.99611260947,3890000
1139,529,0.695187390499999,33.6741109225028,-71.6327596908658,33.7963,-71.7397,15.3703185764366,14.6751311859366,2011.99611260947,2012.69129999997,3890000
1139,1140,0.0830025665900003,33.6741109225028,-71.6327596908658,33.5423735399202,-71.6608084773739,14.7581337525266,14.6751311859366,2011.99611260947,2012.07911517606,3890000
1140,528,0.562984823900001,33.5423735399202,-71.6608084773739,33.4975,-71.6002,15.3211185764266,14.7581337525266,2012.07911517606,2012.64209999996,3890000
1140,527,0.5383848239,33.5423735399202,-71.6608084773739,33.5506,-71.8518,15.2965185764266,14.7581337525266,2012.07911517606,2012.61749999996,3890000
1141,534,2.819342639,34.7485157477901,-71.8618988309243,34.6976,-71.9481,13.3858185764366,10.5664759374366,2007.88745736097,2010.70679999997,3890000
1141,533,3.778342639,34.7485157477901,-71.8618988309243,33.9323,-71.6869,14.3448185764366,10.5664759374366,2007.88745736097,2011.66579999997,3890000
1142,1148,0.705836798,34.5317255004691,-73.5115378952906,34.2823152306367,-72.8412774679045,10.7562501944366,10.0504133964366,2007.37139481997,2008.07723161797,3890000
1142,1143,2.399591872,34.5317255004691,-73.5115378952906,34.8917430212594,-72.3603821833459,12.4500052684366,10.0504133964366,2007.37139481997,2009.77098669197,3890000
1143,1145,0.8807505266,34.8917430212594,-72.3603821833459,34.8602993870342,-72.356709395399,13.3307557950366,12.4500052684366,2009.77098669197,2010.65173721857,3890000
1143,1144,2.431800713,34.8917430212594,-72.3603821833459,33.8670148289823,-72.2603663262814,14.8818059814366,12.4500052684366,2009.77098669197,2012.20278740497,3890000
1144,535,0.4912125951,33.8670148289823,-72.2603663262814,34.045,-71.5491,15.3730185765366,14.8818059814366,2012.20278740497,2012.69400000007,3890000
1144,536,0.3792125951,33.8670148289823,-72.2603663262814,34.4174,-76.099,15.2610185765366,14.8818059814366,2012.20278740497,2012.58200000007,3890000
1145,1147,0.601937614200001,34.8602993870342,-72.356709395399,34.9547333761425,-72.4173211051209,13.9326934092366,13.3307557950366,2010.65173721857,2011.25367483277,3890000
1145,1146,1.291298803,34.8602993870342,-72.356709395399,34.2426213282504,-71.4236228888173,14.6220545980366,13.3307557950366,2010.65173721857,2011.94303602157,3890000
1146,537,0.682663978200001,34.2426213282504,-71.4236228888173,34.1839,-71.5909,15.3047185762366,14.6220545980366,2011.94303602157,2012.62569999977,3890000
1146,538,0.6799639782,34.2426213282504,-71.4236228888173,34.0575,-70.8028,15.3020185762366,14.6220545980366,2011.94303602157,2012.62299999977,3890000
1147,540,1.402025167,34.9547333761425,-72.4173211051209,35.2104,-72.6751,15.3347185762366,13.9326934092366,2011.25367483277,2012.65569999977,3890000
1147,539,0.3134251674,34.9547333761425,-72.4173211051209,34.3828,-72.2898,14.2461185766366,13.9326934092366,2011.25367483277,2011.56710000017,3890000
1148,541,1.613168382,34.2823152306367,-72.8412774679045,34.8739,-72.987,12.3694185764366,10.7562501944366,2008.07723161797,2009.69039999997,3890000
1148,1149,1.611572169,34.2823152306367,-72.8412774679045,33.5684968708703,-73.3670469309043,12.3678223634366,10.7562501944366,2008.07723161797,2009.68880378697,3890000
1149,542,1.009796213,33.5684968708703,-73.3670469309043,39.5082,-72.3813,13.3776185764366,12.3678223634366,2009.68880378697,2010.69859999997,3890000
1149,543,2.950496213,33.5684968708703,-73.3670469309043,43.9506,-86.8066,15.3183185764366,12.3678223634366,2009.68880378697,2012.63929999997,3890000
1150,544,6.741887297,34.5899950991175,-75.6815491907014,34.5244,-70.9428,13.2461185767366,6.5042312797366,2003.82521270327,2010.56710000027,3890000
1150,1151,2.728549149,34.5899950991175,-75.6815491907014,35.242393874177,-80.0973189194183,9.2327804287366,6.5042312797366,2003.82521270327,2006.55376185227,3890000
1151,1152,2.964368284,35.242393874177,-80.0973189194183,35.4462261241644,-79.9675561895282,12.1971487127366,9.2327804287366,2006.55376185227,2009.51813013627,3890000
1151,550,5.968138148,35.242393874177,-80.0973189194183,34.4966,-81.3444,15.2009185767366,9.2327804287366,2006.55376185227,2012.52190000027,3890000
1152,1153,0.116690821800001,35.4462261241644,-79.9675561895282,35.4783135900863,-80.0759552782844,12.3138395345366,12.1971487127366,2009.51813013627,2009.63482095807,3890000
1152,545,0.1886698641,35.4462261241644,-79.9675561895282,35.4165,-80.0262,12.3858185768366,12.1971487127366,2009.51813013627,2009.70680000037,3890000
1153,549,0.0199790422199992,35.4783135900863,-80.0759552782844,35.4651,-80.067,12.3338185767566,12.3138395345366,2009.63482095807,2009.65480000029,3890000
1153,1154,0.0464766347900003,35.4783135900863,-80.0759552782844,35.788672310434,-80.359904518187,12.3603161693266,12.3138395345366,2009.63482095807,2009.68129759286,3890000
1154,1155,1.518743883,35.788672310434,-80.359904518187,36.1153774486457,-80.4693138627195,13.8790600523266,12.3603161693266,2009.68129759286,2011.20004147586,3890000
1154,548,0.9050024074,35.788672310434,-80.359904518187,35.8376,-79.9101,13.2653185767266,12.3603161693266,2009.68129759286,2010.58630000026,3890000
1155,547,0.353358524900001,36.1153774486457,-80.4693138627195,35.9392,-80.4369,14.2324185772266,13.8790600523266,2011.20004147586,2011.55340000076,3890000
1155,546,0.5067585249,36.1153774486457,-80.4693138627195,36.112,-80.5132,14.3858185772266,13.8790600523266,2011.20004147586,2011.70680000076,3890000
1156,552,4.53654567,34.872627306639,-71.6577247990047,34.9685,-71.8252,11.2992185764366,6.7626729064366,2004.08365432997,2008.62019999997,3890000
1156,551,1.56294567,34.872627306639,-71.6577247990047,41.5584,-33.9831,8.3256185764366,6.7626729064366,2004.08365432997,2005.64659999997,3890000
1157,554,0.722568798300001,39.773527006719,-73.820549901257,39.3799,-73.8371,4.4379185768366,3.7153497785366,2001.03633120207,2001.75890000037,3890000
1157,553,3.633068798,39.773527006719,-73.820549901257,41.3993,-74.1564,7.3484185765366,3.7153497785366,2001.03633120207,2004.66940000007,3890000
1158,1160,0.996553392799999,41.9426297442298,-74.6386445283871,37.9453168386192,-72.5113628191519,4.881402133019,3.884848740219,2001.20583016375,2002.20238355655,3890000
1158,1159,2.874592911,41.9426297442298,-74.6386445283871,42.172645627717,-74.5680611183422,6.759441651219,3.884848740219,2001.20583016375,2004.08042307475,3890000
1159,555,0.452376926000001,42.172645627717,-74.5680611183422,39.129,-71.9465,7.211818577219,6.759441651219,2004.08042307475,2004.53280000075,3890000
1159,556,1.601776926,42.172645627717,-74.5680611183422,41.3536,-74.0376,8.361218577219,6.759441651219,2004.08042307475,2005.68220000075,3890000
1160,558,1.797616444,37.9453168386192,-72.5113628191519,38.8178,-71.4127,6.679018577019,4.881402133019,2002.20238355655,2004.00000000055,3890000
1160,557,0.534616443799999,37.9453168386192,-72.5113628191519,62.616,-44.591,5.416018576819,4.881402133019,2002.20238355655,2002.73700000035,3890000
1161,1171,0.00656452422900067,40.7937088687478,-73.977459407693,40.819423902001,-73.9899892166434,3.521925870814,3.515361346585,2000.83634277012,2000.84290729435,3890000
1161,1162,0.06023867619,40.7937088687478,-73.977459407693,41.0846213106205,-73.4020755575619,3.575600022775,3.515361346585,2000.83634277012,2000.89658144631,3890000
1162,1163,0.177567832300001,41.0846213106205,-73.4020755575619,41.3539884717812,-72.7646324486267,3.753167855075,3.575600022775,2000.89658144631,2001.07414927861,3890000
1162,568,1.799318554,41.0846213106205,-73.4020755575619,37.5644,-75.8147,5.374918576775,3.575600022775,2000.89658144631,2002.69590000031,3890000
1163,1169,1.099903133,41.3539884717812,-72.7646324486267,41.2997194049464,-73.0306431904337,4.853070988075,3.753167855075,2001.07414927861,2002.17405241161,3890000
1163,1164,2.849453582,41.3539884717812,-72.7646324486267,42.2046307181207,-73.4768512581506,6.602621437075,3.753167855075,2001.07414927861,2003.92360286061,3890000
1164,564,5.72849714,42.2046307181207,-73.4768512581506,26.9376,-36.9181,12.331118577075,6.602621437075,2003.92360286061,2009.65210000061,3890000
1164,1165,1.406393478,42.2046307181207,-73.4768512581506,41.4728610902638,-75.1288733319498,8.009014915075,6.602621437075,2003.92360286061,2005.32999633861,3890000
1165,559,1.363203662,41.4728610902638,-75.1288733319498,41.635,-74.5233,9.372218577075,8.009014915075,2005.32999633861,2006.69320000061,3890000
1165,1166,1.276108693,41.4728610902638,-75.1288733319498,42.4533785485879,-75.7268108446612,9.285123608075,8.009014915075,2005.32999633861,2006.60610503161,3890000
1166,1167,0.856603850600001,42.4533785485879,-75.7268108446612,43.8414530342064,-77.1214872169219,10.141727458675,9.285123608075,2006.60610503161,2007.46270888221,3890000
1166,1168,0.766856989100001,42.4533785485879,-75.7268108446612,40.730925323141,-72.6910583056019,10.051980597175,9.285123608075,2006.60610503161,2007.37296202071,3890000
1167,561,0.150991118,43.8414530342064,-77.1214872169219,43.8584,-77.2614,10.292718576675,10.141727458675,2007.46270888221,2007.61370000021,3890000
1167,560,0.216791118,43.8414530342064,-77.1214872169219,43.815,-77.1296,10.358518576675,10.141727458675,2007.46270888221,2007.67950000021,3890000
1168,563,3.29003798,40.730925323141,-72.6910583056019,41.2492,-73.7068,13.342018577175,10.051980597175,2007.37296202071,2010.66300000071,3890000
1168,562,0.303737979499999,40.730925323141,-72.6910583056019,41.5885,-74.2037,10.355718576675,10.051980597175,2007.37296202071,2007.67670000021,3890000
1169,1170,3.019923646,41.2997194049464,-73.0306431904337,41.7163800183709,-73.1948535648174,7.872994634075,4.853070988075,2002.17405241161,2005.19397605761,3890000
1169,565,1.382147589,41.2997194049464,-73.0306431904337,35.8428,-88.8602,6.235218577075,4.853070988075,2002.17405241161,2003.55620000061,3890000
1170,566,6.449823943,41.7163800183709,-73.1948535648174,41.9895,-73.9283,14.322818577075,7.872994634075,2005.19397605761,2011.64380000061,3890000
1170,567,3.434423943,41.7163800183709,-73.1948535648174,41.1615,-74.3911,11.307418577075,7.872994634075,2005.19397605761,2008.62840000061,3890000
1171,1172,0.0289283397000002,40.819423902001,-73.9899892166434,41.0152971311463,-73.8815679368067,3.550854210514,3.521925870814,2000.84290729435,2000.87183563405,3890000
1171,576,1.157092706,40.819423902001,-73.9899892166434,37.1121,-62.9777,4.679018576814,3.521925870814,2000.84290729435,2002.00000000035,3890000
1172,1173,0.143078403800001,41.0152971311463,-73.8815679368067,40.9900006280286,-73.9538023218215,3.693932614314,3.550854210514,2000.87183563405,2001.01491403785,3890000
1172,1174,0.0951966036799998,41.0152971311463,-73.8815679368067,41.12832068966,-74.7550041619585,3.646050814194,3.550854210514,2000.87183563405,2000.96703223773,3890000
1173,569,6.582385963,40.9900006280286,-73.9538023218215,41.0668,-73.7832,10.276318577314,3.693932614314,2001.01491403785,2007.59730000085,3890000
1173,570,2.505585963,40.9900006280286,-73.9538023218215,40.9952,-73.1769,6.199518577314,3.693932614314,2001.01491403785,2003.52050000085,3890000
1174,1175,0.8479523755,41.12832068966,-74.7550041619585,41.3861597544739,-74.2509499216162,4.494003189694,3.646050814194,2000.96703223773,2001.81498461323,3890000
1174,571,1.591867763,41.12832068966,-74.7550041619585,34.8234,-69.9871,5.237918577194,3.646050814194,2000.96703223773,2002.55890000073,3890000
1175,1176,0.140142039799999,41.3861597544739,-74.2509499216162,41.254444224271,-74.2624835299774,4.634145229494,4.494003189694,2001.81498461323,2001.95512665303,3890000
1175,572,0.804215387200001,41.3861597544739,-74.2509499216162,41.5744,-73.6567,5.298218576894,4.494003189694,2001.81498461323,2002.61920000043,3890000
1176,573,1.768173347,41.254444224271,-74.2624835299774,40.0427,-75.1357,6.402318576494,4.634145229494,2001.95512665303,2003.72330000003,3890000
1176,1177,1.054937745,41.254444224271,-74.2624835299774,41.4376621661615,-74.1604239039742,5.689082974494,4.634145229494,2001.95512665303,2003.01006439803,3890000
1177,575,0.489935602200001,41.4376621661615,-74.1604239039742,26.9223,-75.3852,6.179018576694,5.689082974494,2003.01006439803,2003.50000000023,3890000
1177,574,1.421635602,41.4376621661615,-74.1604239039742,41.1406,-75.2542,7.110718576494,5.689082974494,2003.01006439803,2004.43170000003,3890000
1178,1179,0.944237111300001,38.5853127165276,-72.0909200245313,32.7782994904397,-65.5490420866027,2.355611349985,1.411374238685,1998.73235566222,1999.67659277352,3890000
1178,577,1.267644338,38.5853127165276,-72.0909200245313,42.1834,-72.7607,2.679018576685,1.411374238685,1998.73235566222,2000.00000000022,3890000
1179,1180,1.338721312,32.7782994904397,-65.5490420866027,32.488209490178,-65.1684260558381,3.694332661985,2.355611349985,1999.67659277352,2001.01531408552,3890000
1179,1182,0.0692385869500001,32.7782994904397,-65.5490420866027,32.7179389640966,-65.4860518802643,2.424849936935,2.355611349985,1999.67659277352,1999.74583136047,3890000
1180,1181,0.4814014144,32.488209490178,-65.1684260558381,31.6258568580699,-65.1490250751091,4.175734076385,3.694332661985,2001.01531408552,2001.49671549992,3890000
1180,578,0.7216859145,32.488209490178,-65.1684260558381,28.3523,-68.5263,4.416018576485,3.694332661985,2001.01531408552,2001.73700000002,3890000
1181,580,0.2402845001,31.6258568580699,-65.1490250751091,29.5111,-68.8511,4.416018576485,4.175734076385,2001.49671549992,2001.73700000002,3890000
1181,579,0.2402845001,31.6258568580699,-65.1490250751091,31.2705,-65.2541,4.416018576485,4.175734076385,2001.49671549992,2001.73700000002,3890000
1182,1183,1.112683572,32.7179389640966,-65.4860518802643,34.2797740817311,-68.124952250153,3.537533508935,2.424849936935,1999.74583136047,2000.85851493247,3890000
1182,1184,0.116790607999999,32.7179389640966,-65.4860518802643,32.545441430081,-65.0242026216033,2.541640544935,2.424849936935,1999.74583136047,1999.86262196847,3890000
1183,582,0.889385067400001,34.2797740817311,-68.124952250153,34.5834,-67.7569,4.426918576335,3.537533508935,2000.85851493247,2001.74789999987,3890000
1183,581,1.840085067,34.2797740817311,-68.124952250153,31.9694,-65.4567,5.377618575935,3.537533508935,2000.85851493247,2002.69859999947,3890000
1184,1194,0.0124246502900007,32.545441430081,-65.0242026216033,32.6160212902167,-65.3286070443008,2.554065195225,2.541640544935,1999.86262196847,1999.87504661876,3890000
1184,1185,0.915839464800001,32.545441430081,-65.0242026216033,32.5715917911614,-65.1944441488478,3.457480009735,2.541640544935,1999.86262196847,2000.77846143327,3890000
1185,1188,0.194063882399998,32.5715917911614,-65.1944441488478,35.0884446755986,-68.4514391925173,3.651543892135,3.457480009735,2000.77846143327,2000.97252531567,3890000
1185,1186,1.297788532,32.5715917911614,-65.1944441488478,37.074717873398,-64.4318530538609,4.755268541735,3.457480009735,2000.77846143327,2002.07624996527,3890000
1186,585,0.923750034400001,37.074717873398,-64.4318530538609,36.9535,-68.3297,5.679018576135,4.755268541735,2002.07624996527,2002.99999999967,3890000
1186,1187,0.7671187772,37.074717873398,-64.4318530538609,37.7917550660612,-64.0754520499908,5.522387318935,4.755268541735,2002.07624996527,2002.84336874247,3890000
1187,584,0.8032312572,37.7917550660612,-64.0754520499908,37.6904,-63.3125,6.325618576135,5.522387318935,2002.84336874247,2003.64659999967,3890000
1187,583,0.942931257200002,37.7917550660612,-64.0754520499908,38.7187,-63.0773,6.465318576135,5.522387318935,2002.84336874247,2003.78629999967,3890000
1188,1189,0.0329290554600004,35.0884446755986,-68.4514391925173,34.919762217837,-68.0953881451137,3.684472947595,3.651543892135,2000.97252531567,2001.00545437113,3890000
1188,592,0.728874684400001,35.0884446755986,-68.4514391925173,35.3373,-68.8533,4.380418576535,3.651543892135,2000.97252531567,2001.70140000007,3890000
1189,1190,0.000688371754201,34.919762217837,-68.0953881451137,34.861208466233,-67.8251888016393,3.6851613193492,3.684472947595,2001.00545437113,2001.00614274288,3890000
1189,586,0.693145629,34.919762217837,-68.0953881451137,26.1942,-56.5494,4.377618576595,3.684472947595,2001.00545437113,2001.69860000013,3890000
1190,591,0.8239572572,34.861208466233,-67.8251888016393,39.6624,-73.0914,4.5091185765492,3.6851613193492,2001.00614274288,2001.83010000008,3890000
1190,1191,0.0335149805100006,34.861208466233,-67.8251888016393,34.8291020676917,-67.8804389283701,3.7186762998592,3.6851613193492,2001.00614274288,2001.03965772339,3890000
1191,587,3.370142277,34.8291020676917,-67.8804389283701,39.7698,-59.3344,7.0888185768592,3.7186762998592,2001.03965772339,2004.40980000039,3890000
1191,1192,0.0133109946899985,34.8291020676917,-67.8804389283701,34.6240994956684,-67.1736482424686,3.7319872945492,3.7186762998592,2001.03965772339,2001.05296871808,3890000
1192,588,0.947031282000001,34.6240994956684,-67.1736482424686,42.9442,-73.4003,4.6790185765492,3.7319872945492,2001.05296871808,2002.00000000008,3890000
1192,1193,0.230024265000001,34.6240994956684,-67.1736482424686,35.3043973786216,-64.8090021888114,3.9620115595492,3.7319872945492,2001.05296871808,2001.28299298308,3890000
1193,589,0.418407017,35.3043973786216,-64.8090021888114,35.2562,-64.6539,4.3804185765492,3.9620115595492,2001.28299298308,2001.70140000008,3890000
1193,590,0.473207017,35.3043973786216,-64.8090021888114,34.7989,-67.2155,4.4352185765492,3.9620115595492,2001.28299298308,2001.75620000008,3890000
1194,1195,0.9383226783,32.6160212902167,-65.3286070443008,34.7637067205313,-62.9462864193587,3.492387873525,2.554065195225,1999.87504661876,2000.81336929706,3890000
1194,596,1.124953381,32.6160212902167,-65.3286070443008,31.345,-60.1502,3.679018576225,2.554065195225,1999.87504661876,2000.99999999976,3890000
1195,595,0.8880307031,34.7637067205313,-62.9462864193587,23.9516,-89.6621,4.380418576625,3.492387873525,2000.81336929706,2001.70140000016,3890000
1195,1196,0.215367012,34.7637067205313,-62.9462864193587,34.6677721532216,-62.8734934019599,3.707754885525,3.492387873525,2000.81336929706,2001.02873630906,3890000
1196,594,0.705463691099999,34.6677721532216,-62.8734934019599,36.0368,-62.0502,4.413218576625,3.707754885525,2001.02873630906,2001.73420000016,3890000
1196,593,0.708263691099999,34.6677721532216,-62.8734934019599,36.0506,-62.6335,4.416018576625,3.707754885525,2001.02873630906,2001.73700000016,3890000
1197,597,1.788880587,39.7566719728463,-77.3113943473201,40.1747,-75.8368,4.377618576685,2.588737989685,1999.90971941322,2001.69860000022,3890000
1197,1198,0.8063713178,39.7566719728463,-77.3113943473201,40.5626558573499,-76.3413354641916,3.395109307485,2.588737989685,1999.90971941322,2000.71609073102,3890000
1198,600,3.034609269,40.5626558573499,-76.3413354641916,47.3191,-89.0441,6.429718576485,3.395109307485,2000.71609073102,2003.75070000002,3890000
1198,1199,0.3877669562,40.5626558573499,-76.3413354641916,40.7366924004494,-76.1522241878067,3.782876263685,3.395109307485,2000.71609073102,2001.10385768722,3890000
1199,599,1.896142313,40.7366924004494,-76.1522241878067,41.2262,-76.2526,5.679018576685,3.782876263685,2001.10385768722,2003.00000000022,3890000
1199,598,0.896142312799999,40.7366924004494,-76.1522241878067,40.5616,-76.0038,4.679018576485,3.782876263685,2001.10385768722,2002.00000000002,3890000
