node1,node2,startLat,startLon,endLat,endLon,endNodeL,startNodeL,startYear,endYear,greatCircleDist_km,length
1,2,40.9432775779508,-73.7972974934222,41.0070497422444,-73.8347033158662,0.224503764544806,0,1999,1999.22450376454,7.76435299775978,0.224503764540032
2,4,41.0070497422444,-73.8347033158662,40.5312014000809,-73.8276101211703,0.75838466803566,0.224503764544806,1999.22450376454,1999.75838466804,52.9766552559126,0.533880903499949
4,8,40.5312014000809,-73.8276101211703,40.5496786580603,-73.5188618858859,1.11430527036282,0.75838466803566,1999.75838466804,2000.11430527036,26.2010425834869,0.355920602320111
2,5,41.0070497422444,-73.8347033158662,40.8263789402514,-73.8745999391355,1.48939082819993,0.224503764544806,1999.22450376454,2000.4893908282,20.3910756836302,1.2648870636599
6,16,40.8980734629586,-73.686096703781,40.9468606590356,-73.707398696996,2.09445585215599,2.05886379192339,2001.05886379192,2001.09445585216,5.71912507838333,0.0355920602401056
16,18,40.9468606590356,-73.707398696996,41.02715154678,-73.7699043067208,2.26420260095824,2.09445585215599,2001.09445585216,2001.26420260096,10.3673846108328,0.16974674879998
8,10,40.5496786580603,-73.5188618858859,40.5873091199909,-73.2612571106647,2.83093771389463,1.11430527036282,2000.11430527036,2001.83093771389,22.183435810861,1.71663244352999
4,9,40.5312014000809,-73.8276101211703,39.9455109041762,-74.0431934934128,2.89664613278569,0.75838466803566,1999.75838466804,2001.89664613279,67.7262269586615,2.13826146475003
10,26,40.5873091199909,-73.2612571106647,40.5808947553901,-73.1270738028277,2.9459274469541,2.83093771389463,2001.83093771389,2001.94592744695,11.366993873247,0.114989733059929
9,28,39.9455109041762,-74.0431934934128,39.9232449181425,-74.0982793957149,2.98973305954814,2.89664613278569,2001.89664613279,2001.98973305955,5.31551167157799,0.0930869267599519
10,27,40.5873091199909,-73.2612571106647,40.5009805202845,-73.3557848029523,3.01163586584539,2.83093771389463,2001.83093771389,2002.01163586585,12.5022576590809,0.180698151959859
26,30,40.5808947553901,-73.1270738028277,40.6447104515548,-73.1264491607142,3.0225872689939,2.9459274469541,2001.94592744695,2002.02258726899,7.10440648062611,0.0766598220400283
27,35,40.5009805202845,-73.3557848029523,40.4895458133924,-73.3606336542567,3.13210130047923,3.01163586584539,2002.01163586585,2002.13210130048,1.33750483737383,0.120465434629978
18,22,41.02715154678,-73.7699043067208,40.7874156950972,-73.6855785193287,3.14579055441482,2.26420260095824,2001.26420260096,2002.14579055441,27.6152521369384,0.88158795344998
18,23,41.02715154678,-73.7699043067208,41.0216846755024,-73.3403083881119,3.96440793976717,2.26420260095824,2001.26420260096,2002.96440793977,36.0851641561068,1.70020533880984
27,34,40.5009805202845,-73.3557848029523,40.1794204602922,-73.7022527386455,4.26283367556471,3.01163586584539,2002.01163586585,2003.26283367556,46.321961079428,1.25119780970999
36,49,39.8170449506599,-74.0364093491999,39.8660755765865,-74.3450954882362,4.34496919917865,3.78097193702934,2002.78097193703,2003.34496919918,26.9440767262538,0.563997262149996
66,80,40.2330698122326,-74.0076516801779,40.2218712010471,-73.875448502558,4.95824777549615,4.79945242984263,2003.79945242984,2003.9582477755,11.305458160675,0.15879534566011
69,77,40.5876961874258,-73.0600353294473,40.6711472817846,-73.2591695478929,5.02121834360037,4.64887063655033,2003.64887063655,2004.0212183436,19.2189113492129,0.372347707049812
66,81,40.2330698122326,-74.0076516801779,40.4285769001713,-74.0569446713673,5.31143052703624,4.79945242984263,2003.79945242984,2004.31143052704,22.1629728700915,0.511978097200199
69,76,40.5876961874258,-73.0600353294473,40.4380814702359,-73.0126074258469,5.43463381245715,4.64887063655033,2003.64887063655,2004.43463381246,17.132561819881,0.785763175910006
50,65,40.6522645242991,-73.0990705940236,40.1924856720826,-72.9717547486116,5.6290212183435,4.40793976728264,2003.40793976728,2004.62902121834,52.309265080702,1.22108145106017
93,99,40.3117308201239,-73.8962410121041,40.4100029040266,-73.7498962900041,5.65366187542782,5.36618754277902,2004.36618754278,2004.65366187543,16.5465949893719,0.287474332650163
99,109,40.4100029040266,-73.7498962900041,40.3966096061146,-73.7490590260625,5.76591375770022,5.65366187542782,2004.65366187543,2004.7659137577,1.49268223503419,0.112251882269902
87,112,41.6060176526713,-72.9321004911439,41.5764270888275,-72.8967627723259,5.85078713210123,5.7440109514032,2004.7440109514,2004.8507871321,4.41676290659618,0.106776180700081
20,75,40.5516188187142,-73.516101289641,40.382478947999,-73.5622169385204,5.87268993839825,4.64887063655033,2003.64887063655,2004.8726899384,19.2301051431815,1.22381930184997
34,62,40.1794204602922,-73.7022527386455,40.1726500144392,-73.6191025220589,5.91101984941815,4.26283367556471,2003.26283367556,2004.91101984942,7.1127026090315,1.64818617386004
112,116,41.5764270888275,-72.8967627723259,41.6544605928034,-72.7815145342605,5.9931553730321,5.85078713210123,2004.8507871321,2004.99315537303,12.9409276625982,0.142368240929954
65,106,40.1924856720826,-72.9717547486116,40.353149547212,-73.132404024801,6.01232032854205,5.6290212183435,2004.62902121834,2005.01232032854,22.4964013813119,0.383299110199914
75,119,40.382478947999,-73.5622169385204,40.6220535820002,-73.8341292736046,6.50239561943863,5.87268993839825,2004.8726899384,2005.50239561944,35.2290609397997,0.629705681039923
112,117,41.5764270888275,-72.8967627723259,41.6125375210317,-72.8204760235415,6.54072553045853,5.85078713210123,2004.8507871321,2005.54072553046,7.51653731634204,0.6899383983598
109,115,40.3966096061146,-73.7490590260625,40.4530251763599,-73.935895659173,6.59000684462694,5.76591375770022,2004.7659137577,2005.59000684463,17.0337533252008,0.824093086929906
137,138,41.5830979632738,-72.8754089183656,41.7790484645974,-72.9410946101423,6.72689938398366,6.4312114989732,2005.43121149897,2005.72689938398,22.4872198661659,0.295687885010011
93,98,40.3117308201239,-73.8962410121041,40.3569112110856,-73.4846441721247,6.75701574264212,5.36618754277902,2004.36618754278,2005.75701574264,35.2883699483922,1.39082819986015
106,127,40.353149547212,-73.132404024801,39.8442978269016,-73.3248774380488,6.83915126625607,6.01232032854205,2005.01232032854,2005.83915126626,58.9707915705514,0.826830937719933
137,139,41.5830979632738,-72.8754089183656,41.5841020320067,-72.9128378300919,6.85010266940458,6.4312114989732,2005.43121149897,2005.8501026694,3.11866919506276,0.418891170430015
157,167,40.1511353255911,-73.1508846898414,40.2173812827886,-73.0858749746374,7.24161533196434,7.00616016427102,2006.00616016427,2006.24161533196,9.21719071105366,0.235455167689906
139,162,41.5841020320067,-72.9128378300919,41.6246059556052,-72.8580575181415,7.33196440793972,6.85010266940458,2005.8501026694,2006.33196440794,6.41291265663302,0.481861738539919
138,155,41.7790484645974,-72.9410946101423,41.574720617576,-72.7432231681879,7.47707049965766,6.72689938398366,2005.72689938398,2006.47707049966,28.0730682390734,0.750171115679905
167,169,40.2173812827886,-73.0858749746374,40.1710916584522,-73.105496652922,7.50992470910342,7.24161533196434,2006.24161533196,2006.5099247091,5.41654009049253,0.268309377139985
169,188,40.1710916584522,-73.105496652922,40.1417146878703,-73.0720899668255,7.59206023271736,7.50992470910342,2006.5099247091,2006.59206023272,4.33292241478211,0.0821355236200816
133,182,39.9260107440453,-73.9580524906493,40.033536986473,-74.0034536811652,7.62491444216289,7.44421629021213,2006.44421629021,2006.62491444216,12.581178585316,0.180698151949855
162,172,41.6246059556052,-72.8580575181415,41.4607439834719,-72.64202995164,7.75633127994524,7.33196440793972,2006.33196440794,2006.75633127995,25.6271851013872,0.424366872010069
162,173,41.6246059556052,-72.8580575181415,41.6787899034174,-72.8446887522828,7.81382614647509,7.33196440793972,2006.33196440794,2006.81382614648,6.13361476776013,0.481861738540147
138,154,41.7790484645974,-72.9410946101423,41.902870172255,-73.2223762590343,7.84394250513355,6.72689938398366,2005.72689938398,2006.84394250513,27.096528547672,1.11704312114989
76,103,40.4380814702359,-73.0126074258469,40.4847281125424,-73.2117559679552,8.02737850787139,5.43463381245715,2004.43463381246,2007.02737850787,17.6491198946736,2.59274469540992
133,183,39.9260107440453,-73.9580524906493,39.863761936903,-73.8199797100815,8.08487337440101,7.44421629021213,2006.44421629021,2007.0848733744,13.6781703517919,0.640657084190025
182,200,40.033536986473,-74.0034536811652,39.9420771065766,-73.9505724706926,8.10951403148533,7.62491444216289,2006.62491444216,2007.10951403149,11.1360060267382,0.484599589330173
149,223,40.0521623193737,-73.1261062939059,40.0712361425585,-73.0992587882387,8.12320328542091,8.03559206023283,2007.03559206023,2007.12320328542,3.12108593688744,0.0876112251899031
169,189,40.1710916584522,-73.105496652922,40.3683900177037,-73.1992562741329,8.18343600273784,7.50992470910342,2006.5099247091,2007.18343600274,23.3633050918968,0.673511293640104
155,185,41.574720617576,-72.7432231681879,41.5316764934976,-72.8806029602148,8.24366872005476,7.47707049965766,2006.47707049966,2007.24366872005,12.4075107508637,0.766598220390051
182,201,40.033536986473,-74.0034536811652,40.2521177939317,-74.3124233252611,8.26557152635178,7.62491444216289,2006.62491444216,2007.26557152635,35.8252582336973,0.640657084190025
172,207,41.4607439834719,-72.64202995164,41.1010215774826,-72.370799285313,8.29295003422317,7.75633127994524,2006.75633127995,2007.29295003422,46.0273517339086,0.536618754269966
153,202,40.2236110134066,-73.3314204578209,40.0513330389994,-73.1174161661773,8.29842573579731,7.65503080082135,2006.65503080082,2007.2984257358,26.4488833089939,0.643394934980051
223,228,40.0712361425585,-73.0992587882387,40.1377148647642,-73.2167917785415,8.39425051334706,8.12320328542091,2007.12320328542,2007.39425051335,12.4468812908474,0.271047227930012
117,141,41.6125375210317,-72.8204760235415,41.7145347979868,-73.0060148341892,8.46269678302542,6.54072553045853,2005.54072553046,2007.46269678303,19.1580077891406,1.92197125257007
202,239,40.0513330389994,-73.1174161661773,40.070469233565,-73.1793359109828,8.48733744010951,8.29842573579731,2007.2984257358,2007.48733744011,5.68961414491523,0.18891170430993
194,240,39.8296757736815,-73.8011702302413,39.6425362919084,-73.7937094728266,8.56673511293639,8.44900752908961,2007.44900752909,2007.56673511294,20.8428798756532,0.117727583849955
103,221,40.4847281125424,-73.2117559679552,40.4270297313855,-73.0846905316265,8.57494866529782,8.02737850787139,2007.02737850787,2007.5749486653,12.5342256768918,0.547570157430073
185,235,41.5316764934976,-72.8806029602148,41.5291692720686,-72.9302997708869,8.58316221765904,8.24366872005476,2007.24366872005,2007.58316221766,4.15100089055176,0.339493497609965
200,227,39.9420771065766,-73.9505724706926,39.9065735740996,-73.7277162792741,8.66529774127321,8.10951403148533,2007.10951403149,2007.66529774127,19.4321920374792,0.555783709779917
115,143,40.4530251763599,-73.935895659173,39.7695412049949,-73.9751500805903,8.68720054757023,6.59000684462694,2005.59000684463,2007.68720054757,76.1614438631304,2.0971937029401
194,241,39.8296757736815,-73.8011702302413,39.9695764213729,-73.8751163053273,8.78850102669412,8.44900752908961,2007.44900752909,2007.78850102669,16.8059908031597,0.33949349759996
227,258,39.9065735740996,-73.7277162792741,39.9317682606893,-73.90232549804,8.94729637234764,8.66529774127321,2007.66529774127,2007.94729637235,15.1696608117148,0.281998631079887
239,246,40.070469233565,-73.1793359109828,40.0949573827525,-73.1563754559423,8.97467488021903,8.48733744010951,2007.48733744011,2007.97467488022,3.35504947546818,0.487337440109968
223,229,40.0712361425585,-73.0992587882387,39.8266162270572,-73.0681513185213,9.10335386721431,8.12320328542091,2007.12320328542,2008.10335386721,27.3611349845555,0.980150581789985
246,291,40.0949573827525,-73.1563754559423,40.018750704966,-73.0184912825675,9.3032169746748,8.97467488021903,2007.97467488022,2008.30321697467,14.4916122653016,0.328542094450086
221,254,40.4270297313855,-73.0846905316265,40.6273386518266,-73.3750191574333,9.30595482546209,8.57494866529782,2007.5749486653,2008.30595482546,33.1779317630226,0.73100616015995
200,226,39.9420771065766,-73.9505724706926,40.0629860133115,-73.7784512022531,9.33059548254619,8.10951403148533,2007.10951403149,2008.33059548255,19.9150726563841,1.22108145105994
224,289,39.9293470639042,-74.6737553755246,39.8359906085828,-74.6051514408916,9.37166324435316,8.97467488021903,2007.97467488022,2008.37166324435,11.9313025121568,0.396988364130038
172,206,41.4607439834719,-72.64202995164,41.8402629675204,-72.3128704202521,9.38261464750167,7.75633127994524,2006.75633127995,2008.3826146475,50.3457573852875,1.62628336755006
139,163,41.5841020320067,-72.9128378300919,41.7866201924197,-72.4199080697525,9.45106091718003,6.85010266940458,2005.8501026694,2008.45106091718,46.7729866809866,2.60095824778
226,306,40.0629860133115,-73.7784512022531,40.0097527082145,-73.6769557060023,9.48117727583849,9.33059548254619,2008.33059548255,2008.48117727584,10.4859844972707,0.15058179329003
306,322,40.0097527082145,-73.6769557060023,39.9863380063343,-73.7387942066148,9.51676933607109,9.48117727583849,2008.48117727584,2008.51676933607,5.88269715118151,0.0355920602298738
155,184,41.574720617576,-72.7432231681879,41.5873107335781,-72.370299351381,9.60164271047233,7.47707049965766,2006.47707049966,2008.60164271047,31.0857989479463,2.12457221081013
224,288,39.9293470639042,-74.6737553755246,39.8840115178743,-74.7286480674981,9.6043805612594,8.97467488021903,2007.97467488022,2008.60438056126,6.88802997873779,0.62970568104015
271,314,40.3232788889526,-72.9728773609813,40.3492158363062,-72.9635312917464,9.72210814510618,9.40451745379869,2008.4045174538,2008.72210814511,2.99433981913794,0.317590691309988
218,339,41.6545565607463,-72.6388101140942,41.5399804861134,-72.6117373281704,9.80150581793282,9.66187542778925,2008.66187542779,2008.80150581793,12.9526509709883,0.139630390140155
163,319,41.7866201924197,-72.4199080697525,41.6616606665881,-72.1468876962228,9.80971937029426,9.45106091718003,2008.45106091718,2008.80971937029,26.610217555009,0.358658453109911
76,102,40.4380814702359,-73.0126074258469,41.011785275998,-73.5113937480912,9.82067077344277,5.43463381245715,2004.43463381246,2008.82067077344,76.4836278456626,4.38603696097994
258,287,39.9317682606893,-73.90232549804,39.8484760111605,-73.8007125978669,9.84257357973979,8.94729637234764,2007.94729637235,2008.84257357974,12.7007577620179,0.895277207390109
206,313,41.8402629675204,-72.3128704202521,41.7605685848343,-72.272423158667,9.87268993839825,9.38261464750167,2008.3826146475,2008.8726899384,9.48565183029142,0.490075290899995
143,262,39.7695412049949,-73.9751500805903,39.7404732870954,-73.7817828489164,9.88637919233406,8.68720054757023,2007.68720054757,2008.88637919233,16.8625858234352,1.19917864475997
269,357,40.1413438767374,-72.5362907013932,40.1471662627878,-72.4656225060391,9.88911704312113,9.83983572895272,2008.83983572895,2008.88911704312,6.04859380145814,0.0492813141700026
322,326,39.9863380063343,-73.7387942066148,40.005190432565,-73.453491493887,9.968514715948,9.51676933607109,2008.51676933607,2008.96851471595,24.4221822899019,0.451745379880094
181,191,40.2738169757462,-72.9749748704858,39.5887785476684,-73.3105809179863,10.0150581793291,7.52908966461337,2006.52908966461,2009.01505817933,81.4646556218646,2.48596851472007
314,344,40.3492158363062,-72.9635312917464,40.5409946687407,-72.9355274946191,10.0287474332649,9.72210814510618,2008.72210814511,2009.02874743326,21.4809806633915,0.306639288149881
319,352,41.6616606665881,-72.1468876962228,41.4917142716734,-72.1864085693012,10.031485284052,9.80971937029426,2008.80971937029,2009.03148528405,19.2032301356541,0.221765913760009
134,159,41.339141651699,-73.2803065114804,41.5379098351627,-72.6421917369231,10.0643394934975,6.81998631074612,2005.81998631075,2009.0643394935,57.6683240233996,3.24435318275005
154,214,41.902870172255,-73.2223762590343,42.321103120971,-73.8762140426271,10.0670773442848,7.84394250513355,2006.84394250513,2009.06707734428,71.2975268837855,2.22313483915013
288,332,39.8840115178743,-74.7286480674981,39.9240685279811,-74.8728574902624,10.1437371663244,9.6043805612594,2008.60438056126,2009.14373716632,13.0977889154894,0.539356605059993
357,361,40.1471662627878,-72.4656225060391,39.9240112618218,-72.3027067176828,10.1464750171115,9.88911704312113,2008.88911704312,2009.14647501711,28.4599809126174,0.257357973990111
218,338,41.6545565607463,-72.6388101140942,41.4540777211654,-72.4712322806628,10.1765913757699,9.66187542778925,2008.66187542779,2009.17659137577,26.3246549508102,0.514715947979994
267,281,41.1902173651131,-73.0313054989726,41.1946399223556,-72.6717103626003,10.2258726899383,8.91991786447647,2007.91991786448,2009.22587268994,30.1278003264093,1.30595482545982
145,359,40.577343052707,-74.1338304570907,40.7335801119967,-74.0000181914851,10.2642026009582,9.86173853524974,2008.86173853525,2009.26420260096,20.7419369225968,0.402464065710092
271,315,40.3232788889526,-72.9728773609813,39.9684164087103,-73.2262272114942,10.2724161533197,9.40451745379869,2008.4045174538,2009.27241615332,45.0045912673898,0.867898699519856
214,374,42.321103120971,-73.8762140426271,42.5460646579421,-73.8379908910644,10.2751540041068,10.0670773442848,2009.06707734428,2009.27515400411,25.2397386193302,0.208076659829885
315,395,39.9684164087103,-73.2262272114942,39.9595192783395,-73.1680183755818,10.2861054072553,10.2724161533197,2009.27241615332,2009.28610540726,5.06440993789543,0.0136892539401288
338,387,41.4540777211654,-72.4712322806628,41.589162014824,-72.3954914326063,10.3299110198493,10.1765913757699,2009.17659137577,2009.32991101985,16.309427074786,0.153319644080057
314,345,40.3492158363062,-72.9635312917464,40.2761110055715,-73.0223318015717,10.3518138261466,9.72210814510618,2008.72210814511,2009.35181382615,9.54705963496198,0.629705681039923
185,234,41.5316764934976,-72.8806029602148,41.8411844076812,-73.0447281448157,10.3655030800821,8.24366872005476,2007.24366872005,2009.36550308008,37.0589680346558,2.12183436003011
322,327,39.9863380063343,-73.7387942066148,39.8254185489483,-73.5712401141433,10.3655030800821,9.51676933607109,2008.51676933607,2009.36550308008,22.9270849993875,0.848733744010133
204,298,40.5597902054197,-73.0520426751022,40.4138207232629,-73.098740653189,10.3764544832306,9.30869267624917,2008.30869267625,2009.37645448323,16.7239812932442,1.06776180697989
338,386,41.4540777211654,-72.4712322806628,41.5035189139015,-72.5332621853896,10.3901437371662,10.1765913757699,2009.17659137577,2009.39014373717,7.55376361437381,0.213552361400161
289,311,39.8359906085828,-74.6051514408916,39.6157205220949,-74.6036822705346,10.3956194387406,9.37166324435316,2008.37166324435,2009.39561943874,24.5216414607577,1.02395619438994
374,396,42.5460646579421,-73.8379908910644,42.5775115660737,-73.9419939033951,10.3956194387406,10.2751540041068,2009.27515400411,2009.39561943874,9.2183722790168,0.120465434629978
357,360,40.1471662627878,-72.4656225060391,40.1642631686886,-72.5966296594418,10.401095140315,9.88911704312113,2008.88911704312,2009.40109514031,11.3079700871723,0.511978097189967
264,336,39.7063645115722,-73.3735632244249,39.7137009733409,-73.3207397040025,10.4147843942505,9.63449691991786,2008.63449691992,2009.41478439425,4.59694462933044,0.78028747433018
214,375,42.321103120971,-73.8762140426271,42.35439932765,-73.7474927943405,10.4257357973991,10.0670773442848,2009.06707734428,2009.4257357974,11.2221934232782,0.358658453119915
386,411,41.5035189139015,-72.5332621853896,41.5391919130404,-72.4700522546369,10.4476386036961,10.3901437371662,2009.39014373717,2009.4476386037,6.59756791616549,0.0574948665298507
221,255,40.4270297313855,-73.0846905316265,40.4769748272163,-72.5913981649013,10.488706365503,8.57494866529782,2007.5749486653,2009.4887063655,42.1559386832119,1.91375770019999
297,362,41.6141485512512,-72.9970870188379,41.7039594475687,-72.8396633204328,10.5270362765229,9.95208761122512,2008.95208761123,2009.52703627652,16.4740090170535,0.574948665290094
396,413,42.5775115660737,-73.9419939033951,42.4590297996483,-74.0587013913876,10.5626283367556,10.3956194387406,2009.39561943874,2009.56262833676,16.2995289757385,0.167008898020185
293,385,39.9134491384302,-74.0328562530389,40.1003789134852,-74.3478900156307,10.5735797399043,10.1683778234087,2009.16837782341,2009.5735797399,33.9803836848908,0.405201916489887
360,415,40.1642631686886,-72.5966296594418,40.2017394728945,-72.6328603013326,10.6447638603697,10.401095140315,2009.40109514031,2009.64476386037,5.18659606969277,0.243668720059986
298,409,40.4138207232629,-73.098740653189,40.3802717717376,-73.0908376128496,10.6639288158794,10.3764544832306,2009.37645448323,2009.66392881588,3.79442525943631,0.287474332649936
289,310,39.8359906085828,-74.6051514408916,39.4284330022879,-74.7023572439361,10.6776180698153,9.37166324435316,2008.37166324435,2009.67761806982,46.1299682337416,1.30595482547005
360,414,40.1642631686886,-72.5966296594418,40.397900138285,-72.6945448051947,10.6913073237508,10.401095140315,2009.40109514031,2009.69130732375,27.3063531198104,0.290212183439962
191,366,39.5887785476684,-73.3105809179863,39.3716431239272,-73.5758053007551,10.6995208761123,10.0150581793291,2009.01505817933,2009.69952087611,33.2212845287938,0.684462696779974
159,372,41.5379098351627,-72.6421917369231,41.4893720806633,-72.8134964603514,10.7515400410678,10.0643394934975,2009.0643394935,2009.75154004107,15.2679263886216,0.687200547570001
207,237,41.1010215774826,-72.370799285313,41.1681828176668,-72.4763931786469,10.7570157426421,8.29295003422317,2007.29295003422,2009.75701574264,11.5881740417086,2.46406570842009
331,399,39.772398023874,-73.4459260772476,39.7726906211103,-73.8110176664076,10.7570157426421,10.2861054072553,2009.28610540726,2009.75701574264,31.2381201588233,0.47091033538004
267,280,41.1902173651131,-73.0313054989726,41.4597485832127,-73.2654709389422,10.7707049965777,8.91991786447647,2007.91991786448,2009.77070499658,35.8267543981805,1.85078713209987
327,406,39.8254185489483,-73.5712401141433,39.6618400521096,-73.4343138818796,10.7926078028747,10.3655030800821,2009.36550308008,2009.79260780287,21.6560538515556,0.427104722789863
281,388,41.1946399223556,-72.6717103626003,41.0371350721607,-72.7072456197202,10.8008213552362,10.2258726899383,2009.22587268994,2009.80082135524,17.7855326280171,0.574948665300099
374,397,42.5460646579421,-73.8379908910644,42.48945350268,-73.8092611420795,10.8665297741272,10.2751540041068,2009.27515400411,2009.86652977413,6.72863825668277,0.591375770020022
274,303,39.6313956395827,-73.9390212545786,39.7042192538297,-74.0108540256002,10.8747433264887,9.32511978097205,2008.32511978097,2009.87474332649,10.1790994950161,1.54962354552003
359,393,40.7335801119967,-74.0000181914851,40.5584821707605,-73.9254872976241,10.8911704312115,10.2642026009582,2009.26420260096,2009.89117043121,20.4839566366968,0.626967830249896
298,408,40.4138207232629,-73.098740653189,40.823258888686,-73.1219657430753,10.9048596851471,10.3764544832306,2009.37645448323,2009.90485968515,45.6224726803429,0.528405201920123
269,356,40.1413438767374,-72.5362907013932,39.6806182220596,-72.4193202413202,10.92128678987,9.83983572895272,2008.83983572895,2009.92128678987,52.2532364084785,1.08145106092002
310,450,39.4284330022879,-74.7023572439361,39.4983123191214,-74.7950125835338,10.9267624914442,10.6776180698153,2009.67761806982,2009.92676249144,11.1324193825621,0.249144421620031
413,437,42.4590297996483,-74.0587013913876,42.3165899934369,-74.2528346591367,10.9596167008899,10.5626283367556,2009.56262833676,2009.95961670089,22.4997547716908,0.396988364129811
352,370,41.4917142716734,-72.1864085693012,41.7746564257375,-72.4270436927842,11.0116358658454,10.031485284052,2009.03148528405,2010.01163586585,37.3231360701297,0.98015058179999
393,478,40.5584821707605,-73.9254872976241,40.4508919394804,-73.9375275788866,11.0362765229295,10.8911704312115,2009.89117043121,2010.03627652293,12.0206428257288,0.145106091719981
395,401,39.9595192783395,-73.1680183755818,39.7003769941181,-73.1703923707076,11.0417522245039,10.2861054072553,2009.28610540726,2010.0417522245,28.8494362656059,0.755646817239949
409,446,40.3802717717376,-73.0908376128496,40.3501171386499,-73.0360073821248,11.0527036276524,10.6639288158794,2009.66392881588,2010.05270362765,5.73573079075559,0.38877481177019
406,467,39.6618400521096,-73.4343138818796,39.6153571611133,-73.3992831978885,11.0800821355235,10.7926078028747,2009.79260780287,2010.08008213552,5.98296542111649,0.287474332649936
326,365,40.005190432565,-73.453491493887,39.8155202107003,-73.8571306999251,11.1485284052019,9.968514715948,2008.96851471595,2010.1485284052,40.4204410644336,1.18001368925002
191,367,39.5887785476684,-73.3105809179863,39.2949404240554,-73.2253505657894,11.151266255989,10.0150581793291,2009.01505817933,2010.15126625599,33.5218329116927,1.13620807666007
327,407,39.8254185489483,-73.5712401141433,40.1718239102117,-73.4171282278061,11.1649555099248,10.3655030800821,2009.36550308008,2010.16495550992,40.7412597342114,0.799452429839903
413,436,42.4590297996483,-74.0587013913876,42.2473289364018,-74.0566105416689,11.1786447638603,10.5626283367556,2009.56262833676,2010.17864476386,23.5679874366372,0.616016427099794
490,509,40.0944642760992,-73.1725031524852,40.1894467426389,-73.1472684153049,11.1868583162218,11.1375770020534,2010.13757700205,2010.18685831622,10.7896892333411,0.0492813141700026
421,520,40.4413707896652,-72.7305892307915,40.3456041527855,-72.7583436032845,11.3483915126626,11.2251882272417,2010.22518822724,2010.34839151266,10.9177257306533,0.123203285420004
339,350,41.5399804861134,-72.6117373281704,41.1902835269733,-72.9499956765253,11.3785078713211,9.80150581793282,2008.80150581793,2010.37850787132,48.1063259038436,1.57700205338983
372,456,41.4893720806633,-72.8134964603514,41.4258084572417,-73.1393143339214,11.3867214236825,10.7515400410678,2009.75154004107,2010.38672142368,28.0892717985539,0.635181382609971
293,384,39.9134491384302,-74.0328562530389,39.5739131694363,-74.0752970066743,11.438740588638,10.1683778234087,2009.16837782341,2010.43874058864,37.9726348724339,1.27036276522995
332,381,39.9240685279811,-74.8728574902624,39.4262271890825,-75.1531980340413,11.4524298425736,10.1437371663244,2009.14373716632,2010.45242984257,60.4030670029833,1.30869267624985
367,511,39.2949404240554,-73.2253505657894,39.4284229050862,-73.309964476739,11.4852840520191,11.151266255989,2010.15126625599,2010.48528405202,16.5484841603658,0.334017796029912
490,508,40.0944642760992,-73.1725031524852,40.2104794840959,-73.2679671500389,11.4880219028064,11.1375770020534,2010.13757700205,2010.48802190281,15.2572911840156,0.350444900760067
350,545,41.1902835269733,-72.9499956765253,41.2707632009365,-72.9546129338235,11.5099247091034,11.3785078713211,2010.37850787132,2010.5099247091,8.96764469329066,0.13141683778008
319,353,41.6616606665881,-72.1468876962228,41.7457686511505,-72.0013791293626,11.567419575633,9.80971937029426,2008.80971937029,2010.56741957563,15.2947487439683,1.75770020534014
381,550,39.4262271890825,-75.1531980340413,39.5153767888238,-75.0361163250122,11.5701574264203,11.4524298425736,2010.45242984257,2010.57015742642,14.1326002931899,0.117727583850183
366,454,39.3716431239272,-73.5758053007551,39.02872234676,-73.6601849065778,11.5756331279945,10.6995208761123,2009.69952087611,2010.57563312799,38.8630960735574,0.876112251879931
280,462,41.4597485832127,-73.2654709389422,41.6183719180323,-73.5072448841473,11.5756331279945,10.7707049965777,2009.77070499658,2010.57563312799,26.7897488474843,0.804928131409952
332,380,39.9240685279811,-74.8728574902624,39.7360438316288,-74.7134881353708,11.6194387405887,10.1437371663244,2009.14373716632,2010.61943874059,24.9752560726528,1.47570157427003
331,398,39.772398023874,-73.4459260772476,39.438007606453,-73.3696665974569,11.6440793976728,10.2861054072553,2009.28610540726,2010.64407939767,37.7958914670577,1.35797399041007
462,564,41.6183719180323,-73.5072448841473,41.5580008026398,-73.5649253664205,11.6577686516084,11.5756331279945,2010.57563312799,2010.65776865161,8.26038006000726,0.0821355236200816
359,392,40.7335801119967,-74.0000181914851,40.4069282440331,-73.876761731292,11.7070499657768,10.2642026009582,2009.26420260096,2010.70704996578,37.8283903091387,1.44284736481995
454,563,39.02872234676,-73.6601849065778,39.0602522265979,-73.5482424145277,11.7097878165639,11.5756331279945,2010.57563312799,2010.70978781656,10.295416276442,0.134154688570106
258,286,39.9317682606893,-73.90232549804,40.5085099555568,-73.7616610520834,11.7316906228612,8.94729637234764,2007.94729637235,2010.73169062286,65.3089766502964,2.7843942505101
547,568,39.6712241398903,-73.107022540122,39.466126850546,-73.024257992888,11.7453798767967,11.6057494866529,2010.60574948665,2010.7453798768,23.9114052186862,0.139630390149932
511,553,39.4284229050862,-73.309964476739,39.3939006810865,-73.3441023490604,11.7563312799452,11.4852840520191,2010.48528405202,2010.75633127995,4.8364273000086,0.271047227930012
395,400,39.9595192783395,-73.1680183755818,40.5484550484464,-73.1105606328392,11.8275154004107,10.2861054072553,2009.28610540726,2010.82751540041,65.7440935839572,1.54140999314995
366,455,39.3716431239272,-73.5758053007551,39.4558384517042,-73.7855657911194,11.8576317590691,10.6995208761123,2009.69952087611,2010.85763175907,20.3303453177296,1.15811088296005
406,466,39.6618400521096,-73.4343138818796,39.4669135478176,-73.2896714275541,11.8767967145791,10.7926078028747,2009.79260780287,2010.87679671458,24.9995698111608,1.08418891171004
487,594,40.2949316148115,-73.0928422851693,40.3146545431382,-73.2236038726324,11.9233401779602,11.7316906228612,2010.73169062286,2010.92334017796,11.3163324794117,0.191649555099957
380,571,39.7360438316288,-74.7134881353708,39.7481467066203,-74.6206120496075,11.956194387406,11.6194387405887,2010.61943874059,2010.95619438741,8.06357746070585,0.336755646819938
344,369,40.5409946687407,-72.9355274946191,40.9167226263227,-73.0641565410542,12,10.0287474332649,2009.02874743326,2011,43.2121536561985,1.97125256674008
400,598,40.5484550484464,-73.1105606328392,40.6019808756145,-73.1928306807607,12.021902806297,11.8275154004107,2010.82751540041,2011.0219028063,9.15960603950314,0.194387405889984
362,430,41.7039594475687,-72.8396633204328,41.9659658000425,-72.6717753418989,12.0739219712525,10.5270362765229,2009.52703627652,2011.07392197125,32.3211902141749,1.54688569473001
350,544,41.1902835269733,-72.9499956765253,41.3538241691361,-73.0864784994986,12.0985626283368,11.3785078713211,2010.37850787132,2011.09856262834,21.4909514747333,0.72005475702008
102,354,41.011785275998,-73.5113937480912,41.2381238785454,-73.4688858520783,12.1122518822724,9.82067077344277,2008.82067077344,2011.11225188227,25.4477831381913,2.29158110882986
455,600,39.4558384517042,-73.7855657911194,39.3886410512367,-73.6626285364448,12.1314168377824,11.8576317590691,2010.85763175907,2011.13141683778,12.9510875293835,0.273785078710034
467,502,39.6153571611133,-73.3992831978885,40.0250640356677,-73.1517860536028,12.1396303901438,11.0800821355235,2010.08008213552,2011.13963039014,50.2802279616835,1.05954825462004
520,534,40.3456041527855,-72.7583436032845,40.4313504901458,-72.6338961437382,12.1533196440794,11.3483915126626,2010.34839151266,2011.15331964408,14.2290637804636,0.804928131419956
409,447,40.3802717717376,-73.0908376128496,40.3425971778405,-73.6393326919279,12.1724845995893,10.6639288158794,2009.66392881588,2011.17248459959,46.7151854133289,1.50855578371011
372,457,41.4893720806633,-72.8134964603514,41.4093483480723,-72.5650508143872,12.2053388090349,10.7515400410678,2009.75154004107,2011.20533880903,22.5638202632103,1.45379876796005
385,439,40.1003789134852,-74.3478900156307,39.8781688523832,-74.592968435351,12.2436687200548,10.5735797399043,2009.5735797399,2011.24366872005,32.3864262181937,1.67008898015001
598,624,40.6019808756145,-73.1928306807607,40.4894759779907,-73.3291987817223,12.2464065708418,12.021902806297,2011.0219028063,2011.24640657084,17.0275876023494,0.224503764540032
280,463,41.4597485832127,-73.2654709389422,41.7289555710187,-73.0426593650849,12.2902121834361,10.7707049965777,2009.77070499658,2011.29021218344,35.2456819367721,1.51950718685998
469,513,39.8908997843799,-73.0522015774874,40.0876965813434,-72.8376989942113,12.3121149897331,11.1649555099248,2010.16495550992,2011.31211498973,28.5427807709624,1.14715947980994
526,589,40.4932531446289,-72.7034819358369,40.1315537816281,-72.562128615388,12.3312799452431,11.7207392197124,2010.72073921971,2011.33127994524,42.0155975198652,0.6105407255302
370,495,41.7746564257375,-72.4270436927842,41.5650287832579,-72.3649391572474,12.3340177960301,11.0116358658454,2010.01163586585,2011.33401779603,23.9011855127089,1.32238193017997
398,581,39.438007606453,-73.3696665974569,39.3608711834102,-73.4653623495971,12.3942505133471,11.6440793976728,2010.64407939767,2011.39425051335,11.89568306675,0.750171115679905
430,630,41.9659658000425,-72.6717753418989,41.9520976905719,-72.6968742779822,12.4161533196441,12.0739219712525,2011.07392197125,2011.41615331964,2.58854905199929,0.342231348389987
670,696,42.5203877161708,-74.2292781770691,42.5155170603679,-74.2114526805397,12.4654346338125,12.4572210814511,2011.45722108145,2011.46543463381,1.55990551834768,0.00821355236007548
526,588,40.4932531446289,-72.7034819358369,40.1548552304092,-72.498578505037,12.4709103353866,11.7207392197124,2010.72073921971,2011.47091033539,41.4921384910539,0.750171115680132
495,667,41.5650287832579,-72.3649391572474,41.5114271953232,-72.2378672013594,12.4709103353866,12.3340177960301,2011.33401779603,2011.47091033539,12.1542027446487,0.136892539360133
628,687,39.3133181738182,-73.3294218290213,39.1989884807632,-73.2508915755659,12.4709103353866,12.4298425735797,2011.42984257358,2011.47091033539,14.4158513042712,0.0410677618101545
588,702,40.1548552304092,-72.498578505037,40.2148610946757,-72.5332490698204,12.4873374401095,12.4709103353866,2011.47091033539,2011.48733744011,7.30192342248005,0.0164271047199236
597,653,40.4860199442119,-73.3055909833694,40.5576191480949,-73.1284773452575,12.5119780971936,12.2327173169062,2011.23271731691,2011.51197809719,16.9756560319017,0.279260780279856
385,438,40.1003789134852,-74.3478900156307,40.0789875706724,-73.5391675584206,12.5420944558521,10.5735797399043,2009.5735797399,2011.54209445585,68.9173191623507,1.96851471595005
436,517,42.2473289364018,-74.0566105416689,41.7554402129443,-73.8987817431182,12.583162217659,11.1786447638603,2010.17864476386,2011.58316221766,56.2940599351703,1.40451745380005
511,552,39.4284229050862,-73.309964476739,39.1337560786563,-73.3352945709235,12.6981519507187,11.4852840520191,2010.48528405202,2011.69815195072,32.8759881812941,1.2128678987001
534,640,40.4313504901458,-72.6338961437382,40.4369471271835,-72.589564769036,12.7036276522929,12.1533196440794,2011.15331964408,2011.70362765229,3.80770973267713,0.550308008209868
339,351,41.5399804861134,-72.6117373281704,41.6691765395213,-72.6705163754449,12.7529089664613,9.80150581793282,2008.80150581793,2011.75290896646,15.1920881346464,2.95140314852983
550,560,39.5153767888238,-75.0361163250122,39.4421304479288,-74.6644578665724,12.7967145790553,11.5701574264203,2010.57015742642,2011.79671457906,32.9598347227301,1.22655715264
351,755,41.6691765395213,-72.6705163754449,41.7157415003887,-72.6364844986617,12.8131416837782,12.7529089664613,2011.75290896646,2011.81314168378,5.90550788724688,0.0602327173201047
206,312,41.8402629675204,-72.3128704202521,42.7681401910569,-72.1487015698224,12.8952772073922,9.38261464750167,2008.3826146475,2011.89527720739,104.175409161648,3.51266255989003
102,355,41.011785275998,-73.5113937480912,41.4876645572469,-73.3436779061366,12.9253935660506,9.82067077344277,2008.82067077344,2011.92539356605,54.8049328913029,3.10472279260989
320,701,41.873126543441,-72.9795523784095,42.0429385044265,-73.0148088182083,12.930869267625,12.4709103353866,2011.47091033539,2011.93086926762,19.1281104396939,0.459958932229938
243,731,41.1357145298056,-73.1394135447972,41.3776599371844,-72.9800421836601,12.9500342231349,12.624229979466,2011.62422997947,2011.95003422313,30.0557577377567,0.325804243659832
619,647,40.1913242736185,-73.2255938584416,40.0676724924692,-73.1264944001724,12.971937029432,12.1861738535249,2011.18617385352,2011.97193702943,16.144230831423,0.785763175910006
487,595,40.2949316148115,-73.0928422851693,40.2465917053934,-72.7900476182415,13.0047912388775,11.7316906228612,2010.73169062286,2012.00479123888,26.276297594722,1.27310061601997
594,607,40.3146545431382,-73.2236038726324,40.4370132394005,-73.1100184266584,13.0047912388775,11.9233401779602,2010.92334017796,2012.00479123888,16.6834354481038,1.08145106092002
597,652,40.4860199442119,-73.3055909833694,40.6175299309823,-73.4886034223384,13.0294318959616,12.2327173169062,2011.23271731691,2012.02943189596,21.3066718866402,0.796714579049876
653,712,40.5576191480949,-73.1284773452575,40.2874397831625,-73.0571491783275,13.0294318959616,12.5119780971936,2011.51197809719,2012.02943189596,30.6788604465366,0.517453798770021
712,814,40.2874397831625,-73.0571491783275,40.3019725431706,-73.1109841366847,13.0458590006845,13.0294318959616,2012.02943189596,2012.04585900068,4.84897247944918,0.0164271047199236
478,497,40.4508919394804,-73.9375275788866,39.6579010436978,-74.2700160015824,13.0540725530459,11.0362765229295,2010.03627652293,2012.05407255305,92.7135007838912,2.01779603012005
463,660,41.7289555710187,-73.0426593650849,42.1760393764378,-73.5256597321534,13.0540725530459,12.2902121834361,2011.29021218344,2012.05407255305,63.8450944446933,0.763860369610029
558,693,39.5322138213907,-73.5355477967033,39.2963419023603,-73.5055042423833,13.05954825462,12.4462696783025,2011.4462696783,2012.05954825462,26.3850037579274,0.613278576319999
750,784,40.3392099897234,-72.9743376839322,40.4389227307845,-73.0473150474089,13.0841889117044,12.889801505818,2011.88980150582,2012.0841889117,12.7085931089715,0.194387405879979
466,603,39.4669135478176,-73.2896714275541,39.238283549374,-73.5923097880322,13.141683778234,11.8767967145791,2010.87679671458,2012.14168377823,36.4210592485746,1.26488706364989
607,812,40.4370132394005,-73.1100184266584,40.5669659657998,-73.1203623287574,13.141683778234,13.0047912388775,2012.00479123888,2012.14168377823,14.4933139917572,0.136892539349901
595,810,40.2465917053934,-72.7900476182415,40.2566157348566,-72.9401788704634,13.1663244353183,13.0047912388775,2012.00479123888,2012.16632443532,12.8044659766174,0.161533196439905
673,828,39.8960077144441,-73.8818131354752,39.9524379085872,-73.9998901169913,13.1991786447638,13.0732375085558,2012.07323750856,2012.19917864476,11.8778563694779,0.125941136200026
667,705,41.5114271953232,-72.2378672013594,41.6613381697237,-71.9208880248853,13.2429842573579,12.4709103353866,2011.47091033539,2012.24298425736,31.2269127428202,0.772073921969877
696,699,42.5155170603679,-74.2114526805397,43.0424689931541,-74.282485648549,13.2922655715263,12.4654346338125,2011.46543463381,2012.29226557153,58.948750067706,0.826830937719933
647,802,40.0676724924692,-73.1264944001724,40.1015928990961,-73.1153043274975,13.2977412731007,12.971937029432,2011.97193702943,2012.2977412731,3.89457389591912,0.325804243670063
610,766,42.0574241918648,-72.1296046013515,42.271982642252,-71.9584705843773,13.3223819301847,12.7912388774812,2011.79123887748,2012.32238193018,27.7474804022858,0.531143052699917
841,863,39.0895133407163,-73.3683979342985,39.040469565288,-73.3875500898428,13.325119780972,13.2320328542094,2012.23203285421,2012.32511978097,5.70519239998655,0.0930869267599519
595,811,40.2465917053934,-72.7900476182415,40.3482634160636,-72.6466899723145,13.3305954825462,13.0047912388775,2012.00479123888,2012.33059548255,16.6212287752035,0.325804243670063
547,569,39.6712241398903,-73.107022540122,39.3453627037571,-73.331469119135,13.3470225872691,11.6057494866529,2010.60574948665,2012.34702258727,41.0802451206665,1.74127310061999
588,703,40.1548552304092,-72.498578505037,39.9780461499995,-72.7545124138221,13.3524982888432,12.4709103353866,2011.47091033539,2012.35249828884,29.3744755802851,0.88158795344998
814,819,40.3019725431706,-73.1109841366847,40.2272338402398,-72.9691222366535,13.3552361396303,13.0458590006845,2012.04585900068,2012.35523613963,14.6440538573042,0.30937713895014
288,333,39.8840115178743,-74.7286480674981,39.2486272018967,-74.0008394590508,13.3607118412046,9.6043805612594,2008.60438056126,2012.3607118412,94.3622427044227,3.75633127994001
517,724,41.7554402129443,-73.8987817431182,42.2017494190957,-73.6941045816028,13.3744010951402,12.583162217659,2011.58316221766,2012.37440109514,52.4928261953173,0.791238877480055
750,785,40.3392099897234,-72.9743376839322,40.4114545466,-73.0317940307049,13.4127310061601,12.889801505818,2011.88980150582,2012.41273100616,9.40353761732416,0.522929500339842
733,753,41.5532117792015,-73.5776944699116,41.5372630818721,-73.54671299105,13.429158110883,12.7474332648871,2011.74743326489,2012.42915811088,3.1329768327247,0.681724845989947
653,713,40.5576191480949,-73.1284773452575,40.4724154818926,-73.3428515181554,13.45106091718,12.5119780971936,2011.51197809719,2012.45106091718,20.4728368502325,0.939082819990062
478,496,40.4508919394804,-73.9375275788866,40.5219451030616,-73.710266703269,13.4674880219029,11.0362765229295,2010.03627652293,2012.4674880219,20.8041926427411,2.43121149897001
286,592,40.5085099555568,-73.7616610520834,40.3121370522347,-73.3849929814958,13.492128678987,11.7316906228612,2010.73169062286,2012.49212867899,38.6949347291979,1.76043805612994
367,510,39.2949404240554,-73.2253505657894,38.8173960470981,-73.0259546199499,13.535934291581,11.151266255989,2010.15126625599,2012.53593429158,55.8866461200243,2.38466803558981
861,912,39.7223943678487,-73.4846810430151,39.6968599410728,-73.554648025998,13.5605749486654,13.4866529774126,2012.48665297741,2012.56057494867,6.63208471476756,0.0739219712600061
713,900,40.4724154818926,-73.3428515181554,40.5087621331717,-73.3342937471765,13.5797399041753,13.45106091718,2012.45106091718,2012.57973990418,4.11060577961302,0.128678987000058
912,933,39.6968599410728,-73.554648025998,39.6514064084288,-73.5053902298245,13.5797399041753,13.5605749486654,2012.56057494867,2012.57973990418,6.58923409684898,0.0191649555101776
463,661,41.7289555710187,-73.0426593650849,41.5359912711518,-72.814105778072,13.5852156057495,12.2902121834361,2011.29021218344,2012.58521560575,28.6897407998946,1.29500342230995
483,710,40.7993568314082,-72.1385080975005,40.8396476649109,-72.1879845109925,13.596167008898,12.5119780971936,2011.51197809719,2012.5961670089,6.12310026575745,1.08418891171004
647,803,40.0676724924692,-73.1264944001724,39.8936746716548,-72.9421874590431,13.6071184120465,12.971937029432,2011.97193702943,2012.60711841205,24.9475594494763,0.635181382620203
769,788,39.6387886709978,-74.5908551323655,39.526570630711,-74.5894468346927,13.6317590691308,12.8952772073922,2011.89527720739,2012.63175906913,12.4931310253246,0.736481861740003
861,913,39.7223943678487,-73.4846810430151,39.9838518979175,-73.4613869649942,13.6344969199179,13.4866529774126,2012.48665297741,2012.63449691992,29.1744647131891,0.147843942510008
696,698,42.5155170603679,-74.2114526805397,42.9364934408719,-74.4007155279954,13.6372347707049,12.4654346338125,2011.46543463381,2012.6372347707,49.3544289202405,1.17180013688994
378,541,41.8747256261435,-72.219688530862,41.7063361027422,-72.2754377569805,13.6509240246407,11.3620807665982,2010.3620807666,2012.65092402464,19.3084338672576,2.28884325804006
755,776,41.7157415003887,-72.6364844986617,41.7330853071008,-72.3848435689613,13.6974674880219,12.8131416837782,2011.81314168378,2012.69746748802,20.9970656696153,0.884325804240007
698,958,42.9364934408719,-74.4007155279954,43.0688558857649,-74.4065585085186,13.7221081451062,13.6372347707049,2012.6372347707,2012.72210814511,14.7427763593497,0.0848733744101082
833,872,40.2218391246194,-73.1851048331941,40.2162636104661,-73.0108082607225,13.7577002053388,13.2867898699521,2012.28678986995,2012.75770020534,14.8290443119082,0.470910335389817
573,578,39.9529229663355,-73.7540283433436,40.1283856862765,-73.7712730126694,13.7960301163587,11.6331279945243,2010.63312799452,2012.79603011636,19.5884045647793,2.16290212184003
610,767,42.0574241918648,-72.1296046013515,41.9323708838864,-72.1180419294834,13.8124572210816,12.7912388774812,2011.79123887748,2012.81245722108,13.9542493653009,1.02121834359991
312,787,42.7681401910569,-72.1487015698224,42.4765166752367,-71.803707246846,13.8535249828885,12.8952772073922,2011.89527720739,2012.85352498289,43.0418639031924,0.958247775499785
699,874,43.0424689931541,-74.282485648549,43.2679238449188,-74.3455752399964,13.8754277891856,13.2922655715263,2012.29226557153,2012.87542778919,25.6161277046543,0.583162217660174
785,893,40.4114545466,-73.0317940307049,40.6065761796091,-72.8233008993255,13.8809034907597,13.4127310061601,2012.41273100616,2012.88090349076,27.9864658867427,0.468172484600018
753,894,41.5372630818721,-73.54671299105,41.2698472606071,-73.4250658732584,13.9383983572895,13.429158110883,2012.42915811088,2012.93839835729,31.4549753433121,0.509240246409945
841,862,39.0895133407163,-73.3683979342985,39.0145685048488,-73.4449040061504,13.9548254620124,13.2320328542094,2012.23203285421,2012.95482546201,10.646769253767,0.722792607799875
753,895,41.5372630818721,-73.54671299105,41.41548323676,-73.4158904486038,13.987679671458,13.429158110883,2012.42915811088,2012.98767967146,17.4026875437203,0.558521560579948
767,994,41.9323708838864,-72.1180419294834,41.903697729988,-72.1782495044533,14.009582477755,13.8124572210816,2012.81245722108,2013.00958247775,5.92138094786391,0.197125256670006
628,686,39.3133181738182,-73.3294218290213,39.2282938261981,-73.2803503612928,14.012320328542,12.4298425735797,2011.42984257358,2013.01232032854,10.367071791583,1.58247775496011
630,683,41.9520976905719,-72.6968742779822,42.6269811201715,-72.6661757372528,14.031485284052,12.4161533196441,2011.41615331964,2013.03148528405,75.1731568260006,1.61533196440996
788,955,39.526570630711,-74.5894468346927,39.6469362706897,-74.489575907545,14.031485284052,13.6317590691308,2012.63175906913,2013.03148528405,15.904802093797,0.399726214919838
627,1038,40.3599265902757,-72.7009863821417,40.4118396055135,-72.6688969104902,14.0561259411363,14.012320328542,2013.01232032854,2013.05612594114,6.38769750725987,0.0438056125999537
828,858,39.9524379085872,-73.9998901169913,39.8427666695989,-73.9126702165654,14.0780287474333,13.1991786447638,2012.19917864476,2013.07802874743,14.30211284504,0.878850102669958
844,944,39.9124026063985,-73.4981360504227,39.8852174210104,-73.387023638098,14.0835044490075,13.5879534565365,2012.58795345654,2013.08350444901,9.96047637380047,0.495550992470044
627,1039,40.3599265902757,-72.7009863821417,40.4022370806466,-72.766850863116,14.1273100616017,14.012320328542,2013.01232032854,2013.1273100616,7.30631435081808,0.114989733059929
994,1037,41.903697729988,-72.1782495044533,41.9906677946051,-72.0672770211338,14.2039698836413,14.009582477755,2013.00958247775,2013.20396988364,13.3477972465843,0.194387405889984
769,789,39.6387886709978,-74.5908551323655,39.7239392826912,-74.7042540136367,14.2614647501712,12.8952772073922,2011.89527720739,2013.26146475017,13.5738127731983,1.36618754277993
893,1008,40.6065761796091,-72.8233008993255,40.5207880661427,-72.7500222152392,14.2614647501712,13.8809034907597,2012.88090349076,2013.26146475017,11.3847878824053,0.380561259410115
994,1036,41.903697729988,-72.1782495044533,42.0763926720014,-72.2863037701004,14.2970568104038,14.009582477755,2013.00958247775,2013.2970568104,21.2023401453852,0.287474332649936
819,887,40.2272338402398,-72.9691222366535,40.19103109708,-72.6999803119107,14.3572895277207,13.3552361396303,2012.35523613963,2013.35728952772,23.2339214956124,1.00205338808996
820,827,40.4317624786277,-73.1078199332648,40.8100064111385,-73.1889003157497,14.3655030800821,13.0704996577686,2012.07049965777,2013.36550308008,42.6612976498148,1.29500342231017
1008,1093,40.5207880661427,-72.7500222152392,40.6106138491692,-72.7267257733355,14.3682409308692,14.2614647501712,2013.26146475017,2013.36824093087,10.1919839385692,0.106776180699853
1038,1050,40.4118396055135,-72.6688969104902,40.4262387636668,-72.8301002353724,14.3983572895277,14.0561259411363,2013.05612594114,2013.39835728953,13.7562435122103,0.342231348389987
592,917,40.3121370522347,-73.3849929814958,40.4123516994157,-73.5199448454078,14.4065708418891,13.492128678987,2012.49212867899,2013.40657084189,15.9844533581081,0.914442162900059
510,925,38.8173960470981,-73.0259546199499,38.9059468448341,-72.8976517422151,14.4147843942505,13.535934291581,2012.53593429158,2013.41478439425,14.8617108127092,0.878850102670185
429,1132,39.4917502346251,-73.7068563506444,39.4791948645848,-73.6989147255065,14.4175222450376,14.4065708418891,2013.40657084189,2013.41752224504,1.55536948421989,0.0109514031498747
862,1026,39.0145685048488,-73.4449040061504,39.2598890434943,-73.2851382202993,14.422997946612,13.9548254620124,2012.95482546201,2013.42299794661,30.5965110658823,0.468172484600018
438,721,40.0789875706724,-73.5391675584206,39.8114491611234,-73.3596720205502,14.4257357973991,12.5420944558521,2011.54209445585,2013.4257357974,33.492337267318,1.88364134154995
333,889,39.2486272018967,-74.0008394590508,39.5485210520552,-74.0954689718751,14.444900752909,13.3607118412046,2012.3607118412,2013.44490075291,34.363487302337,1.08418891170982
686,1040,39.2282938261981,-73.2803503612928,39.249708172192,-73.3122652000373,14.4476386036961,14.012320328542,2013.01232032854,2013.4476386037,3.64078088019638,0.435318275159943
710,946,40.8396476649109,-72.1879845109925,41.3233687676847,-72.2384721548974,14.4585900068446,13.596167008898,2012.5961670089,2013.45859000684,54.0161002790706,0.86242299794003
657,808,39.9626234963419,-72.3555496806983,39.8753591546002,-72.5325190753787,14.464065708419,12.9993155373031,2011.9993155373,2013.46406570842,17.9631679652428,1.46475017112016
355,792,41.4876645572469,-73.3436779061366,41.7840705664565,-72.8254084956976,14.466803559206,12.9253935660506,2011.92539356605,2013.46680355921,54.2972295521106,1.54140999315996
699,875,43.0424689931541,-74.282485648549,42.9326708383224,-74.3538209333524,14.4777549623545,13.2922655715263,2012.29226557153,2013.47775496235,13.5333294834749,1.18548939082007
870,940,40.3860728925759,-73.7015346711076,40.6860726176891,-73.7159900411834,14.5023956194386,13.5715263518139,2012.57152635181,2013.50239561944,33.4195165785397,0.930869267629987
496,906,40.5219451030616,-73.710266703269,40.4256438033689,-73.3980636698026,14.5133470225874,13.4674880219029,2012.4674880219,2013.51334702259,28.529579523231,1.04585900069014
767,995,41.9323708838864,-72.1180419294834,41.8018171107572,-72.1194818560313,14.5407255304585,13.8124572210816,2012.81245722108,2013.54072553046,14.5342417009156,0.728268309379928
1036,1107,42.0763926720014,-72.2863037701004,42.1277272823953,-72.3379587000092,14.54893908282,14.2970568104038,2013.2970568104,2013.54893908282,7.13175433452347,0.251882272420062
1093,1123,40.6106138491692,-72.7267257733355,40.6584826888706,-72.5290527966367,14.5598904859685,14.3682409308692,2013.36824093087,2013.55989048597,17.529307079303,0.191649555100184
776,974,41.7330853071008,-72.3848435689613,41.6241416766039,-72.0850969626267,14.5653661875428,13.6974674880219,2012.69746748802,2013.56536618754,27.7170460422527,0.867898699519856
380,570,39.7360438316288,-74.7134881353708,39.8266502253459,-73.9451712478406,14.5735797399043,11.6194387405887,2010.61943874059,2013.5735797399,66.4998521466276,2.95414099930986
400,599,40.5484550484464,-73.1105606328392,41.3417670389207,-73.0276849444832,14.5735797399043,11.8275154004107,2010.82751540041,2013.5735797399,88.5890694272247,2.74606433948998
787,1000,42.4765166752367,-71.803707246846,42.7386695313427,-72.4042526588215,14.5817932922655,13.8535249828885,2012.85352498289,2013.58179329227,57.2091273985848,0.728268309380155
1107,1173,42.1277272823953,-72.3379587000092,42.1239791684394,-72.372707009865,14.611909650924,14.54893908282,2013.54893908282,2013.61190965092,2.89920954553363,0.0629705681001269
234,1130,41.8411844076812,-73.0447281448157,41.922487409758,-72.8787932271639,14.6310746064339,10.3655030800821,2009.36550308008,2013.63107460643,NA,4.26557152634996
876,1101,41.2653864502801,-71.9695230802809,41.1418819651438,-71.9698668525974,14.6694045174538,14.2778918548938,2013.27789185489,2013.66940451745,13.7490275907498,0.39151266255999
1132,1140,39.4791948645848,-73.6989147255065,39.551023815823,-73.6104866924282,14.6967830253252,14.4175222450376,2013.41752224504,2013.69678302533,11.0278909105022,0.279260780290087
788,954,39.526570630711,-74.5894468346927,40.2671569686147,-74.5201022997618,14.6995208761123,13.6317590691308,2012.63175906913,2013.69952087611,82.6573834280611,1.06776180697989
1193,1222,39.461519003824,-73.5594285452708,39.4397375455872,-73.5365831960347,14.7268993839837,14.7132101300479,2013.71321013005,2013.72689938398,3.12028887617526,0.0136892539301243
783,1043,41.2991791845483,-72.2432998518528,41.2676563230494,-72.2892724073413,14.7405886379192,14.0260095824779,2013.02600958248,2013.74058863792,5.20626690565441,0.714579055440026
1000,1187,42.7386695313427,-72.4042526588215,42.8721145933694,-72.438435094893,14.7652292950033,14.5817932922655,2013.58179329227,2013.765229295,15.1156806149205,0.183436002729877
391,433,40.6251738480118,-74.0528827997454,41.1207253170692,-74.0456950554036,14.8720054757016,10.5325119780971,2009.5325119781,2013.8720054757,55.170025996899,4.33949349759996
776,975,41.7330853071008,-72.3848435689613,42.1331604927914,-72.0397590860642,14.8911704312115,13.6974674880219,2012.69746748802,2013.89117043121,52.9184103899091,1.19370294318992
986,1065,40.0974270504212,-73.9141218931383,39.8601297835481,-73.800036862948,14.8911704312115,14.1546885694729,2013.15468856947,2013.89117043121,28.1524957277371,0.736481861740003
1213,1239,40.6252049779462,-75.0178140380315,40.568930422971,-74.9477944763264,14.9103353867215,14.7488021902807,2013.74880219028,2013.91033538672,8.61841412832685,0.161533196439905
541,965,41.7063361027422,-72.2754377569805,41.4241880678968,-72.6908094082545,14.9185489390827,13.6509240246407,2012.65092402464,2013.91854893908,46.7284082888192,1.26762491443992
1043,1233,41.2676563230494,-72.2892724073413,41.2236676305901,-72.3022113686604,14.9185489390827,14.7405886379192,2013.74058863792,2013.91854893908,5.0153252624279,0.177960301160056
667,704,41.5114271953232,-72.2378672013594,41.7518024040208,-71.6935158408322,14.9787816563996,12.4709103353866,2011.47091033539,2013.9787816564,52.6078442213586,2.50787132101004
844,945,39.9124026063985,-73.4981360504227,40.3705759920682,-73.6207443633066,14.984257357974,13.5879534565365,2012.58795345654,2013.98425735797,52.0619433099577,1.39630390142997
917,1134,40.4123516994157,-73.5199448454078,40.4379575211265,-73.5041603060437,14.9952087611225,14.4065708418891,2013.40657084189,2013.99520876112,3.14879976564671,0.588637919229996
895,1035,41.41548323676,-73.4158904486038,41.8010231709773,-73.4693948018577,15.0308008213553,13.987679671458,2012.98767967146,2014.03080082136,43.1502365672431,1.04312114989989
1035,1348,41.8010231709773,-73.4693948018577,41.8069576743151,-73.4755850747524,15.0362765229295,15.0308008213553,2014.03080082136,2014.03627652293,0.836864805865965,0.00547570157004884
1187,1240,42.8721145933694,-72.438435094893,42.8338189872642,-72.6374683659603,15.0444900752909,14.7652292950033,2013.765229295,2014.04449007529,16.7935775874174,0.279260780290087
1072,1108,40.5285990469689,-72.7736203668157,40.5106240305304,-72.5550278225254,15.1047227926078,14.2970568104038,2013.2970568104,2014.10472279261,18.6066494799267,0.807665982209983
1348,1351,41.8069576743151,-73.4755850747524,41.9357649828724,-73.6732241010682,15.1403148528404,15.0362765229295,2014.03627652293,2014.14031485284,21.7724491480184,0.104038329910054
980,1374,41.9140418840668,-71.9394678823827,41.812736458782,-71.916294340518,15.1950718685832,15.1238877481178,2014.12388774812,2014.19507186858,11.4401921709,0.071184120459975
1013,1247,39.7873690983329,-74.935514288729,39.6525553465887,-74.787697688909,15.2881587953457,14.7926078028747,2013.79260780287,2014.28815879535,19.6327347507895,0.495550992480048
1210,1331,40.6620477333122,-72.2162073906047,40.7029882927727,-72.2282572302664,15.2936344969198,14.9979466119096,2013.99794661191,2014.29363449692,4.66980577361699,0.295687885010011
925,1138,38.9059468448341,-72.8976517422151,39.2795453543225,-72.475726123595,15.3702943189596,14.4147843942505,2013.41478439425,2014.37029431896,55.3056182301436,0.955509924709986
1026,1143,39.2598890434943,-73.2851382202993,39.4831252981534,-73.318675083227,15.3785078713211,14.422997946612,2013.42299794661,2014.37850787132,25.0185539388397,0.955509924709986
624,655,40.4894759779907,-73.3291987817223,40.2105900536573,-72.9486324408406,15.3812457221081,12.2464065708418,2011.24640657084,2014.38124572211,44.7924143318364,3.13483915126994
1187,1241,42.8721145933694,-72.438435094893,42.8125464077858,-72.1570810964033,15.4086242299795,14.7652292950033,2013.765229295,2014.40862422998,23.9039543142595,0.643394934980051
974,1176,41.6241416766039,-72.0850969626267,41.5807552312646,-72.1780897724001,15.4277891854895,14.5653661875428,2013.56536618754,2014.42778918549,9.12435169533415,0.862422997950034
1035,1349,41.8010231709773,-73.4693948018577,41.7510771568237,-73.5704515636348,15.4633812457221,15.0308008213553,2014.03080082136,2014.46338124572,10.0649743636231,0.43258042436014
958,978,43.0688558857649,-74.4065585085186,42.744678116237,-74.3117057279547,15.4688569472964,13.7221081451062,2012.72210814511,2014.4688569473,36.9082050660901,1.74674880219004
243,730,41.1357145298056,-73.1394135447972,41.0236471995983,-72.9736697888533,15.482546201232,12.624229979466,2011.62422997947,2014.48254620123,18.6839580474483,2.85831622175988
1008,1092,40.5207880661427,-72.7500222152392,40.1690993803516,-72.9320143990641,15.501711156742,14.2614647501712,2013.26146475017,2014.50171115674,42.0863791977058,1.2402464065699
1343,1493,40.8360228953705,-73.7640214749761,40.7065089454836,-73.7758230291288,15.5263518138261,15.416837782341,2014.41683778234,2014.52635181383,14.4522841537537,0.10951403148988
1061,1226,41.8165802032462,-73.6737372969831,42.0318605224232,-73.6215668046529,15.545516769336,14.7186858316222,2013.71868583162,2014.54551676934,24.3522896931272,0.82683093772016
944,1057,39.8852174210104,-73.387023638098,40.0310686730963,-73.5568215397719,15.5482546201233,14.0835044490075,2013.08350444901,2014.54825462012,21.7615280743487,1.46475017110993
1345,1534,40.776083321786,-73.1449354561842,40.8223712374414,-73.1270851053054,15.5920602327174,15.5345653661875,2014.53456536619,2014.59206023272,5.36803483890681,0.0574948665300781
513,665,40.0876965813434,-72.8376989942113,40.0952112618916,-72.5035843981148,15.5947980835044,12.3121149897331,2011.31211498973,2014.5947980835,28.467049413662,3.28268309377017
1143,1474,39.4831252981534,-73.318675083227,39.5117310455966,-73.3233981570168,15.5947980835044,15.3785078713211,2014.37850787132,2014.5947980835,3.21024482786019,0.216290212180184
1240,1354,42.8338189872642,-72.6374683659603,42.6604263514198,-72.6506413409802,15.6030116358659,15.0444900752909,2014.04449007529,2014.60301163587,19.3327567571038,0.558521560579948
1289,1513,40.3246613436314,-73.5712957128067,40.3753599307551,-73.5961637941256,15.6112251882273,15.4688569472964,2014.4688569473,2014.61122518823,NA,0.142368240929954
1043,1232,41.2676563230494,-72.2892724073413,41.082241149188,-72.35139149762,15.6331279945243,14.7405886379192,2013.74058863792,2014.63312799452,21.2873300830912,0.892539356600082
1176,1494,41.5807552312646,-72.1780897724001,41.4769035752973,-72.2519667998554,15.6522929500343,15.4277891854895,2014.42778918549,2014.65229295003,13.0983855222913,0.224503764540032
1158,1281,39.9497460588114,-73.9064823121506,40.0249257926996,-74.0535061422201,15.6741957563313,14.8692676249145,2013.86926762491,2014.67419575633,15.0766730346392,0.804928131419956
469,512,39.8908997843799,-73.0522015774874,40.0923221654237,-73.9857192512978,15.6769336071184,11.1649555099248,2010.16495550992,2014.67693360712,82.7160523872389,4.51197809719997
1000,1186,42.7386695313427,-72.4042526588215,42.1408223017823,-72.254167680984,15.6796714579054,14.5817932922655,2013.58179329227,2014.67967145791,67.6871912594233,1.09787816563994
333,888,39.2486272018967,-74.0008394590508,38.9969139406912,-73.8888843168157,15.6933607118413,13.3607118412046,2012.3607118412,2014.69336071184,29.6429364952955,2.33264887063979
1367,1455,39.9395627294732,-73.497506303481,40.137940777566,-73.280857867293,15.7015742642027,15.3347022587268,2014.33470225873,2014.7015742642,28.7866353073969,0.366872005469986
1367,1536,39.9395627294732,-73.497506303481,40.3607448605305,-73.4804824029174,15.7043121149898,15.3347022587268,2014.33470225873,2014.70431211499,NA,0.369609856260013
1070,1573,42.1024055430242,-72.0922836270124,42.0578162339003,-72.1151538292298,15.7043121149898,15.6550308008214,2014.65503080082,2014.70431211499,5.31137227186202,0.0492813141700026
1354,1552,42.6604263514198,-72.6506413409802,42.7282771435157,-72.5292774977621,15.7262149212868,15.6030116358659,2014.60301163587,2014.72621492129,12.4764195409497,0.123203285420004
1573,1598,42.0578162339003,-72.1151538292298,42.0475676773852,-72.1607704067498,15.7262149212868,15.7043121149898,2014.70431211499,2014.72621492129,3.93954523520577,0.0219028062999769
1536,1596,40.3607448605305,-73.4652304490979,40.3440926624839,-73.4788183289536,15.7837097878166,15.7043121149898,2014.70431211499,2014.78370978782,2.18297494498954,0.0793976728300549
980,1375,41.9140418840668,-71.9394678823827,41.582968557984,-71.8830838267725,15.8028747433266,15.1238877481178,2014.12388774812,2014.80287474333,37.1526871552083,0.678986995209925
1552,1607,42.7282771435157,-72.5292774977621,42.7117216429392,-72.5587961377285,15.8713210130047,15.7262149212868,2014.72621492129,2014.871321013,3.0373206727879,0.145106091709977
1232,1562,41.082241149188,-72.35139149762,41.0870211409552,-72.3888119466498,15.895961670089,15.6331279945243,2014.63312799452,2014.89596167009,3.18469172898969,0.262833675569937
1345,1535,40.776083321786,-73.1449354561842,40.8539061092084,-73.1289566288684,15.8986995208761,15.5345653661875,2014.53456536619,2014.89869952088,8.76750987498703,0.364134154689964
1013,1246,39.7873690983329,-74.935514288729,40.1231167692504,-74.8851227929883,15.9315537303216,14.7926078028747,2013.79260780287,2014.93155373032,37.6232793019122,1.1389459274501
1186,1585,42.1408223017823,-72.254167680984,42.0982752210799,-72.4268688763269,15.9397672826831,15.6796714579054,2014.67967145791,2014.93976728268,15.0266652451916,0.260095824769905
1219,1609,40.8790668095671,-73.1520571129537,40.9604183327908,-73.2534038876725,15.9425051334701,15.7344284736482,2014.73442847365,2014.94250513347,12.4377367638431,0.208076659819881
1562,1671,41.0870211409552,-72.3888119466498,41.0190816686161,-72.3701306683097,15.9479808350445,15.895961670089,2014.89596167009,2014.94798083504,7.72416965968388,0.0520191649500248
1203,1435,40.1733156578472,-73.163644332164,40.1004949089909,-73.2697618586021,15.9507186858316,15.2936344969198,2014.29363449692,2014.95071868583,12.1361059607851,0.657084188909948
1173,1200,42.1239791684394,-72.372707009865,41.8414030242639,-72.2302524870685,15.9945242984256,14.611909650924,2013.61190965092,2014.99452429843,33.5937287241956,1.38261464750985
1118,1687,42.9007457854769,-74.1544574709708,42.8329593947614,-74.1363341837827,16,15.937029431896,2014.9370294319,2015,7.68976332057212,0.0629705680998995
1535,1675,40.8539061092084,-73.1289566288684,40.9278990273988,-73.1372176302108,16.0027378507871,15.8986995208761,2014.89869952088,2015.00273785079,8.26646389302936,0.104038329910054
1108,1368,40.5106240305304,-72.5550278225254,40.4766198820812,-72.2548842559548,16.0054757015744,15.1047227926078,2014.10472279261,2015.00547570157,25.6903808780248,0.900752908960158
862,1027,39.0145685048488,-73.4449040061504,38.7272899547684,-73.4671070675074,16.0383299110199,13.9548254620124,2012.95482546201,2015.03832991102,32.0388061803256,2.08350444900998
1173,1201,42.1239791684394,-72.372707009865,41.8172727320585,-72.8858243910567,16.0383299110199,14.611909650924,2013.61190965092,2015.03832991102,54.4926418052515,1.4264202600998
1176,1495,41.5807552312646,-72.1780897724001,41.3597718942959,-72.0408943157493,16.043805612594,15.4277891854895,2014.42778918549,2015.04380561259,27.1323316367651,0.616016427100021
830,1295,41.4770621047444,-71.7595352560537,41.1604285650074,-71.6161710439478,16.0602327173169,14.8939082819986,2013.893908282,2015.06023271732,37.2311808111754,1.16632443532012
1108,1369,40.5106240305304,-72.5550278225254,40.359451000286,-72.4393134126812,16.0684462696784,15.1047227926078,2014.10472279261,2015.06844626968,19.4770614592337,0.963723477070062
1536,1597,40.3607448605305,-73.4652304490979,40.5579818219974,-73.4719318763209,16.1752224503764,15.7043121149898,2014.70431211499,2015.17522245038,21.9645179678577,0.470910335390045
1118,1686,42.9007457854769,-74.1544574709708,42.8221549911077,-74.1190168465007,16.1752224503764,15.937029431896,2014.9370294319,2015.17522245038,9.21461063384796,0.238193018479933
1200,1705,41.8414030242639,-72.2302524870685,41.7992524435458,-72.2236559096027,16.1779603011637,15.9945242984256,2014.99452429843,2015.17796030116,4.7241722186365,0.183436002730105
1143,1475,39.4831252981534,-73.318675083227,39.3404907951927,-73.6351961324129,16.2245037645448,15.3785078713211,2014.37850787132,2015.22450376454,31.5160061328373,0.845995893220106
1495,1725,41.3597718942959,-72.0408943157493,41.3105816380319,-72.1505664219397,16.2573579739903,16.043805612594,2015.04380561259,2015.25735797399,10.6783420048168,0.213552361400161
1325,1414,40.6029790117529,-72.7221302710753,40.6046259316,-73.2304121663179,16.2847364818617,15.2416153319643,2014.24161533196,2015.28473648186,42.9604257753549,1.04312114989989
955,1046,39.6469362706897,-74.489575907545,39.1442990826885,-74.5240105313942,16.3121149897331,14.031485284052,2013.03148528405,2015.31211498973,56.0338780633507,2.28062970567998
1725,1786,41.3105816380319,-72.1505664219397,41.2642674015826,-72.1688909258117,16.3285420944558,16.2573579739903,2015.25735797399,2015.32854209446,5.37891240111062,0.0711841204699795
1046,1822,39.1442990826885,-74.5240105313942,39.2061068508568,-74.5019979581092,16.3449691991786,16.3121149897331,2015.31211498973,2015.34496919918,7.13810775066048,0.032854209450079
1325,1415,40.6029790117529,-72.7221302710753,40.5127125219994,-72.6587753513253,16.3750855578371,15.2416153319643,2014.24161533196,2015.37508555784,11.3882248982241,1.13347022588005
1370,1858,42.3110131382085,-72.2034068735734,42.3295245175607,-72.2131643102212,16.3778234086242,16.3696098562627,2015.36960985626,2015.37782340862,2.21173758705356,0.00821355236007548
961,1688,42.7740145146818,-71.9589014492256,42.778621368902,-72.2029032585424,16.3832991101985,15.9425051334701,2014.94250513347,2015.3832991102,19.9446846415671,0.440793976729992
1219,1608,40.8790668095671,-73.1520571129537,40.7273458693408,-73.0230361527736,16.3887748117727,15.7344284736482,2014.73442847365,2015.38877481177,20.0869066547382,0.654346338119922
1376,1717,42.886533455874,-71.5165804147349,42.8233290134015,-71.4641167728686,16.4106776180697,15.9644079397672,2014.96440793977,2015.41067761807,NA,0.446269678300041
1239,1302,40.568930422971,-74.9477944763264,40.76461742769,-74.724745781488,16.4572210814511,14.9103353867215,2013.91033538672,2015.45722108145,28.7976003773887,1.54688569473001
1786,1829,41.2642674015826,-72.1688909258117,41.2984203681076,-72.2972818164949,16.4818617385351,16.3285420944558,2015.32854209446,2015.48186173854,11.3939332407426,0.153319644079829
1093,1840,40.6106138491692,-72.7267257733355,41.0536716362748,-73.2436244273675,16.4845995893224,14.3682409308692,2013.36824093087,2015.48459958932,NA,2.11635865845005
955,1047,39.6469362706897,-74.489575907545,39.0656120110823,-74.8438874116438,16.5284052019165,14.031485284052,2013.03148528405,2015.52840520192,71.5414964850193,2.49691991786995
1786,1828,41.2642674015826,-72.1688909258117,41.2355400948656,-72.1735382035262,16.5913757700205,16.3285420944558,2015.32854209446,2015.59137577002,3.22160259562577,0.262833675559932
1648,1849,41.5240196176125,-73.4473965981599,41.4385679737895,-73.3669982530865,16.602327173169,16.3613963039015,2015.3613963039,2015.60232717317,11.6384822759622,0.24093086926996
1858,1864,42.3295245175607,-72.2131643102212,42.3727957336624,-72.2597681828508,16.6050650239563,16.3778234086242,2015.37782340862,2015.60506502396,6.1567489845531,0.227241615339835
1672,2001,42.9821038349533,-72.834679279276,42.9611844085022,-72.8484977619724,16.6488706365503,16.643394934976,2015.64339493498,2015.64887063655,2.58657827052906,0.00547570157004884
833,1712,40.2218391246194,-73.1851048331941,40.5121950663131,-73.1174102453252,16.6844626967829,13.2867898699521,2012.28678986995,2015.68446269678,NA,3.39767282682988
1349,1509,41.7510771568237,-73.5704515636348,41.7766469739709,-73.426683266911,16.7337440109513,15.4633812457221,2014.46338124572,2015.73374401095,12.2726285724677,1.27036276522995
1857,1897,39.7835576218676,-73.7634910794636,39.7353148894253,-73.7042848913708,16.7337440109513,16.4626967830254,2015.46269678303,2015.73374401095,7.3834513521091,0.271047227920008
1046,1823,39.1442990826885,-74.5240105313942,39.0763798690975,-74.7301723922095,16.7529089664613,16.3121149897331,2015.31211498973,2015.75290896646,19.3468802968361,0.440793976729992
454,2057,39.02872234676,-73.6601849065778,38.984081605039,-74.1774521936383,16.7748117727583,11.5756331279945,2010.57563312799,2015.77481177276,NA,5.19917864476997
2001,2005,42.9611844085022,-72.8484977619724,42.9403041676525,-72.7817864726897,16.7775496235456,16.6488706365503,2015.64887063655,2015.77754962355,5.91193761268669,0.12867898699983
1368,1711,40.4766198820812,-72.2548842559548,40.2150567487893,-72.1451557105184,16.7830253251198,16.0054757015744,2015.00547570157,2015.78302532512,30.5703452876269,0.77754962354993
1368,2075,40.4766198820812,-72.2548842559548,40.0411679601693,-72.1926072491984,16.8049281314168,16.0054757015744,2015.00547570157,2015.80492813142,NA,0.799452429849907
1725,1787,41.3105816380319,-72.1505664219397,41.1176805877568,-71.965888988967,16.8542094455852,16.2573579739903,2015.25735797399,2015.85420944559,26.463873383375,0.596851471599848
1711,2064,40.2150567487893,-72.1451557105184,40.0456222949717,-72.1224705536916,16.911704312115,16.7830253251198,2015.78302532512,2015.91170431212,18.9606710099552,0.128678987000058
2068,2165,40.1372873445173,-73.2627301265999,39.9828629883886,-73.2927414622891,17.0650239561944,17.0102669404519,2016.01026694045,2016.06502395619,17.3802525671294,0.0547570157400514
1597,1764,40.5579818219974,-73.4719318763209,40.1669944809065,-73.4696945369833,17.0677618069815,16.1752224503764,2015.17522245038,2016.06776180698,43.5266382769365,0.892539356599855
2165,2181,39.9828629883886,-73.2927414622891,39.9842781466441,-73.3202484087293,17.0814510609173,17.0650239561944,2016.06502395619,2016.08145106092,2.35161308525675,0.016427104729928
340,951,40.5354206786208,-74.7715602892942,40.2261504226561,-74.739612300134,17.0978781656399,13.6043805612594,2012.60438056126,2016.09787816564,34.5355923492531,3.49349760437985
1375,2024,41.582968557984,-71.8830838267725,41.3766146341683,-71.9963026637721,17.1143052703628,15.8028747433266,2014.80287474333,2016.11430527036,NA,1.3114305270301
1676,2083,41.5703929655993,-72.2665693484401,41.504768583158,-72.2495198856838,17.1252566735113,16.8323066392882,2015.83230663929,2016.12525667351,7.44241927830213,0.292950034219984
1944,2208,41.3672505078523,-73.5465366293988,41.3903927757531,-73.5500817841409,17.1252566735113,17.1252566735113,2016.12525667351,2016.12525667351,2.59325090286681,0
1200,1704,41.8414030242639,-72.2302524870685,41.7154962320334,-72.2269748096263,17.1334702258728,15.9945242984256,2014.99452429843,2016.13347022587,14.0190725128119,1.13894592744009
951,2195,40.2261504226561,-74.739612300134,40.2936338194456,-74.7399830045767,17.1444216290213,17.0978781656399,2016.09787816564,2016.14442162902,7.51257900529587,0.0465434633799759
951,2194,40.2261504226561,-74.739612300134,40.1576000174451,-74.7462011984021,17.1553730321698,17.0978781656399,2016.09787816564,2016.15537303217,7.65183877663103,0.0574948665300781
1792,1953,40.7728078616507,-73.7459248794287,41.1887596730112,-73.77125096221,17.1663244353183,16.4052019164956,2015.4052019165,2016.16632443532,NA,0.761122518820002
1451,1550,40.1833164276105,-73.3172008079974,39.7048656674354,-72.919573475517,17.2019164955509,15.6002737850788,2014.60027378508,2016.20191649555,63.1557206618302,1.60164271047006
1270,1911,40.2211780780873,-72.4466601539509,40.2392321566015,-72.5742750472019,17.2183436002738,16.476386036961,2015.47638603696,2016.21834360027,11.0307429345745,0.741957563309825
1711,2065,40.2150567487893,-72.1451557105184,40.5007415596657,-72.2717502309827,17.2210814510609,16.7830253251198,2015.78302532512,2016.22108145106,33.567719370612,0.438056125939966
1596,1628,40.3440926624839,-73.4788183289536,40.0469453104547,-72.985070799378,17.2511978097193,15.7837097878166,2014.78370978782,2016.25119780972,53.4511441031245,1.46748802189995
1158,1280,39.9497460588114,-73.9064823121506,39.8969722259526,-74.1853488042951,17.2703627652293,14.8692676249145,2013.86926762491,2016.27036276523,24.5222804017291,2.40109514031997
1453,1951,41.9482869061846,-72.2987746919797,41.9082714099151,-72.1617376013665,17.2813141683778,15.8685831622176,2014.86858316222,2016.28131416838,NA,1.41273100616013
1493,1531,40.7065089454836,-73.7758230291288,40.6238770490589,-73.8090714270113,17.3196440793977,15.5263518138261,2014.52635181383,2016.3196440794,9.61781185051144,1.79329226557002
1880,2095,41.4011758926281,-71.4490475589443,41.8160775692146,-71.5573242704323,17.3552361396303,16.5585215605749,2015.55852156057,2016.35523613963,NA,0.796714579060108
1455,2291,40.137940777566,-73.280857867293,40.0214312884866,-73.4094669559085,17.3607118412046,15.7015742642027,2014.7015742642,2016.3607118412,NA,1.65913757700014
1562,1670,41.0870211409552,-72.3888119466498,41.2925151344977,-72.5795398283781,17.5058179329226,15.895961670089,2014.89596167009,2016.50581793292,27.9039574954536,1.60985626283014
1233,2168,41.2236676305901,-72.3022113686604,41.6061387732981,-72.7941208065774,17.5249828884325,14.9185489390827,2013.91854893908,2016.52498288843,NA,2.60643394935005
1676,2082,41.5703929655993,-72.2665693484401,41.1660562368921,-72.0428846395828,17.5249828884325,16.8323066392882,2015.83230663929,2016.52498288843,48.7375162844529,0.69267624914005
1944,2209,41.3672505078523,-73.5465366293988,41.6405758334378,-73.4137384721755,17.5304585900069,17.1252566735113,2016.12525667351,2016.53045859001,32.3793193688907,0.405201916500118
946,1145,41.3233687676847,-72.2384721548974,41.8615345669733,-71.8920239867369,17.5414099931554,14.4585900068446,2013.45859000684,2016.54140999316,66.492635062558,3.08281998631992
1573,1802,42.0578162339003,-72.1151538292298,41.721384348341,-71.895195659373,17.5468856947296,15.7043121149898,2014.70431211499,2016.54688569473,NA,1.84257357974002
1597,1765,40.5579818219974,-73.4719318763209,40.6710921061646,-73.577423440172,17.5824777549624,16.1752224503764,2015.17522245038,2016.58247775496,15.428148295149,1.40725530458008
1880,1960,41.4011758926281,-71.4490475589443,41.3827782044648,-71.9011959681784,17.5934291581109,16.5585215605749,2015.55852156057,2016.59342915811,37.816893271256,1.03490759754004
1721,1925,39.9670061594577,-73.1426831006066,39.7666097875717,-73.161650528136,17.598904859685,16.495550992471,2015.49555099247,2016.59890485969,22.3676908907843,1.10335386721999
1376,2206,42.886533455874,-71.5165804147349,42.3240953328064,-71.3621493574219,17.6646132785763,15.9644079397672,2014.96440793977,2016.66461327858,NA,1.70020533881006
1721,2444,39.9670061594577,-73.1426831006066,39.7103167687779,-73.326806959344,17.6783025325119,16.495550992471,2015.49555099247,2016.67830253251,NA,1.18275154004004
2165,2180,39.9828629883886,-73.2927414622891,39.4458820595013,-73.2022569293103,17.7248459958932,17.0650239561944,2016.06502395619,2016.72484599589,60.2788863145058,0.659822039699975
1348,1946,41.8069576743151,-73.4755850747524,41.7947020620322,-73.756987107471,17.7604380561258,15.0362765229295,2014.03627652293,2016.76043805613,NA,2.7241615332
1391,1921,41.0700604275598,-72.8991840498238,40.8895460580602,-72.3947197201389,17.7905544147843,16.495550992471,2015.49555099247,2016.79055441478,46.9179978122075,1.29500342230995
2001,2004,42.9611844085022,-72.8484977619724,42.8843028470496,-72.5250053638418,17.7987679671457,16.6488706365503,2015.64887063655,2016.79876796715,27.7250090303857,1.14989733059997
1375,1707,41.582968557984,-71.8830838267725,42.1467577992021,-71.8818285698829,17.8891170431211,15.8028747433266,2014.80287474333,2016.88911704312,NA,2.08624229979
1232,2047,41.082241149188,-72.35139149762,40.7002532516089,-72.8532019621809,17.8945927446955,15.6331279945243,2014.63312799452,2016.8945927447,NA,2.26146475018004
1391,1920,41.0700604275598,-72.8991840498238,41.2730198086295,-72.6859543841123,17.9028062970567,16.495550992471,2015.49555099247,2016.90280629706,28.8057657743425,1.40725530458985
713,2514,40.4724154818926,-73.3428515181554,40.6105904094967,-74.3563544039904,17.9411362080766,13.45106091718,2012.45106091718,2016.94113620808,NA,4.49007529089999
1976,2066,41.8788254629759,-72.1503943848646,41.7042613185926,-72.2211798704939,17.9849418206709,16.6707734428473,2015.67077344285,2016.98494182067,NA,1.3141683778199
1,6,40.9432775779508,-73.7972974934222,40.8980734629586,-73.686096703781,2.05886379192339,0,1999,2001.05886379192,7.93356122268473,2.05886379191998
5,15,40.8263789402514,-73.8745999391355,40.4578406057858,-73.853248645268,2.72416153319637,1.48939082819993,2000.4893908282,2001.7241615332,5.78773968082839,1.23477070500007
16,20,40.9468606590356,-73.707398696996,40.5516188187142,-73.516101289641,4.64887063655033,2.09445585215599,2001.09445585216,2003.64887063655,3.37919607063835,2.55441478439002
9,36,39.9455109041762,-74.0431934934128,39.8170449506599,-74.0364093491999,3.78097193702934,2.89664613278569,2001.89664613279,2002.78097193703,6.87947082667406,0.884325804240007
26,39,40.5808947553901,-73.1270738028277,41.0922247630431,-73.2256748033137,3.66050650239572,2.9459274469541,2001.94592744695,2002.6605065024,44.5466798649326,0.714579055450031
39,44,41.0922247630431,-73.2256748033137,40.9510926647295,-73.1154775874628,3.94798083504452,3.66050650239572,2002.6605065024,2002.94798083504,0.676677345497395,0.287474332639931
8,50,40.5496786580603,-73.5188618858859,40.6522645242991,-73.0990705940236,4.40793976728264,1.11430527036282,2000.11430527036,2003.40793976728,38.9941562238617,3.29363449691982
6,56,40.8980734629586,-73.686096703781,40.5078166107569,-74.0227914359851,5.38535249828874,2.05886379192339,2001.05886379192,2004.38535249829,60.3162438124367,3.32648870637013
36,66,39.8170449506599,-74.0364093491999,40.2330698122326,-74.0076516801779,4.79945242984263,3.78097193702934,2002.78097193703,2003.79945242984,32.3292233879062,1.01848049280989
50,69,40.6522645242991,-73.0990705940236,40.5876961874258,-73.0600353294473,4.64887063655033,4.40793976728264,2003.40793976728,2003.64887063655,4.00540242176796,0.240930869270187
23,73,41.0216846755024,-73.3403083881119,41.2785661427402,-72.9319560724222,4.8761122518822,3.96440793976717,2002.96440793977,2003.87611225188,33.4205740774449,0.911704312110032
23,87,41.0216846755024,-73.3403083881119,41.6060176526713,-72.9321004911439,5.7440109514032,3.96440793976717,2002.96440793977,2004.7440109514,29.2279781179344,1.77960301163012
80,93,40.2218712010471,-73.875448502558,40.3117308201239,-73.8962410121041,5.36618754277902,4.95824777549615,2003.9582477755,2004.36618754278,12.2784532807371,0.407939767279913
20,120,40.5516188187142,-73.516101289641,40.3265151813869,-74.1566391411732,7.04996577686506,4.64887063655033,2003.64887063655,2006.04996577687,14.007145753014,2.40109514031997
109,123,40.3966096061146,-73.7490590260625,40.348463361052,-73.7592744343213,6.31622176591372,5.76591375770022,2004.7659137577,2005.31622176591,15.4951868549555,0.550308008210095
75,133,40.382478947999,-73.5622169385204,39.9260107440453,-73.9580524906493,7.44421629021213,5.87268993839825,2004.8726899384,2006.44421629021,20.7299047900542,1.57152635181001
87,137,41.6060176526713,-72.9321004911439,41.5830979632738,-72.8754089183656,6.4312114989732,5.7440109514032,2004.7440109514,2005.43121149897,3.67067191962315,0.687200547570001
28,149,39.9232449181425,-74.0982793957149,40.0521623193737,-73.1261062939059,8.03559206023283,2.98973305954814,2001.98973305955,2007.03559206023,75.3498604417521,5.04585900068014
99,153,40.4100029040266,-73.7498962900041,40.2236110134066,-73.3314204578209,7.65503080082135,5.65366187542782,2004.65366187543,2006.65503080082,27.2185457361259,2.0013689253899
106,157,40.353149547212,-73.132404024801,40.1511353255911,-73.1508846898414,7.00616016427102,6.01232032854205,2005.01232032854,2006.00616016427,25.4223719567435,0.993839835730114
167,181,40.2173812827886,-73.0858749746374,40.2738169757462,-72.9749748704858,7.52908966461337,7.24161533196434,2006.24161533196,2006.52908966461,7.76432046810362,0.287474332649936
127,194,39.8442978269016,-73.3248774380488,39.8296757736815,-73.8011702302413,8.44900752908961,6.83915126625607,2005.83915126626,2007.44900752909,35.5154303673698,1.60985626283014
65,196,40.1924856720826,-72.9717547486116,40.4293732328139,-72.9645887285099,8.38056125941125,5.6290212183435,2004.62902121834,2007.38056125941,4.16552907751933,2.7515400410698
188,204,40.1417146878703,-73.0720899668255,40.5597902054197,-73.0520426751022,9.30869267624917,7.59206023271736,2006.59206023272,2008.30869267625,17.8106983275956,1.71663244352999
81,208,40.4285769001713,-74.0569446713673,40.6272372383228,-73.7350446184701,8.85420944558518,5.31143052703624,2004.31143052704,2007.85420944559,27.4029528547876,3.54277891854986
181,213,40.2738169757462,-72.9749748704858,40.4882588157066,-72.9876231813957,8.57494866529782,7.52908966461337,2006.52908966461,2007.5749486653,17.7222940529362,1.04585900069014
134,216,41.339141651699,-73.2803065114804,41.4308985070341,-73.787633834121,9.38809034907604,6.81998631074612,2005.81998631075,2008.38809034908,27.0354833673272,2.56810403832992
153,231,40.2236110134066,-73.3314204578209,40.1338657245916,-73.1529630011314,8.23819301848039,7.65503080082135,2006.65503080082,2007.23819301848,11.435300576174,0.583162217659947
188,232,40.1417146878703,-73.0720899668255,40.2618215052089,-73.0707512963901,8.55852156057495,7.59206023271736,2006.59206023272,2007.55852156057,5.090636231199,0.966461327849856
173,243,41.6787899034174,-72.8446887522828,41.1357145298056,-73.1394135447972,12.624229979466,7.81382614647509,2006.81382614648,2011.62422997947,16.8297184287599,4.81040383299
127,264,39.8442978269016,-73.3248774380488,39.7063645115722,-73.3735632244249,9.63449691991786,6.83915126625607,2005.83915126626,2008.63449691992,39.9168772787161,2.79534565365998
173,267,41.6787899034174,-72.8446887522828,41.1902173651131,-73.0313054989726,8.91991786447647,7.81382614647509,2006.81382614648,2007.91991786448,54.2129551924512,1.10609171800002
239,269,40.070469233565,-73.1793359109828,40.1413438767374,-72.5362907013932,9.83983572895272,8.48733744010951,2007.48733744011,2008.83983572895,12.281292255321,1.35249828884002
240,274,39.6425362919084,-73.7937094728266,39.6313956395827,-73.9390212545786,9.32511978097205,8.56673511293639,2007.56673511294,2008.32511978097,6.37835397215071,0.758384668029976
227,279,39.9065735740996,-73.7277162792741,39.9148111628979,-73.6531894047782,9.13894592744691,8.66529774127321,2007.66529774127,2008.13894592745,13.6264248042065,0.473648186180071
143,293,39.7695412049949,-73.9751500805903,39.9134491384302,-74.0328562530389,10.1683778234087,8.68720054757023,2007.68720054757,2009.16837782341,17.3282806720627,1.48117727584008
204,305,40.5597902054197,-73.0520426751022,40.554833185419,-73.0727000546785,9.492128678987,9.30869267624917,2008.30869267625,2008.49212867899,6.65240600648977,0.183436002739882
202,329,40.0513330389994,-73.1174161661773,40.1291298606523,-72.4368237316897,9.70294318959623,8.29842573579731,2007.2984257358,2008.7029431896,53.1345866769271,1.40451745380005
226,340,40.0629860133115,-73.7784512022531,40.5354206786208,-74.7715602892942,13.6043805612594,9.33059548254619,2008.33059548255,2012.60438056126,4.99249828629779,4.27378507871003
163,347,41.7866201924197,-72.4199080697525,41.9150633664759,-72.6024551860526,9.94661190965098,9.45106091718003,2008.45106091718,2008.94661190965,6.71204778482489,0.495550992470044
352,378,41.4917142716734,-72.1864085693012,41.8747256261435,-72.219688530862,11.3620807665982,10.031485284052,2009.03148528405,2010.3620807666,9.87466811791781,1.33059548255005
145,391,40.577343052707,-74.1338304570907,40.6251738480118,-74.0528827997454,10.5325119780971,9.86173853524974,2008.86173853525,2009.5325119781,1.36004522927326,0.670773442850077
305,421,40.554833185419,-73.0727000546785,40.4413707896652,-72.7305892307915,11.2251882272417,9.492128678987,2008.49212867899,2010.22518822724,17.0561047929959,1.73305954825014
345,469,40.2761110055715,-73.0223318015717,39.8908997843799,-73.0306124161858,11.1649555099248,10.3518138261466,2009.35181382615,2010.16495550992,22.7265836566495,0.813141683770027
281,444,41.1946399223556,-72.6717103626003,41.4072980776626,-72.5764357912701,10.8829568788501,10.2258726899383,2009.22587268994,2009.88295687885,20.8446606200688,0.657084188910176
391,465,40.6251738480118,-74.0528827997454,41.0441224773298,-73.8940672948924,11.3237508555783,10.5325119780971,2009.5325119781,2010.32375085558,28.4889986589549,0.791238877480055
274,473,39.6313956395827,-73.9390212545786,39.5318310310718,-73.9758673881083,11.1074606433949,9.32511978097205,2008.32511978097,2010.10746064339,4.5715800212061,1.78234086241991
234,474,41.8411844076812,-73.0447281448157,41.5538527512803,-73.3719059026016,12.4052019164956,10.3655030800821,2009.36550308008,2011.4052019165,29.4694403496204,2.0396988364198
305,483,40.554833185419,-73.0727000546785,40.7993568314082,-72.1385080975005,12.5119780971936,9.492128678987,2008.49212867899,2011.51197809719,35.8061174809534,3.01984941820001
315,490,39.9684164087103,-73.2262272114942,40.0944642760992,-73.1725031524852,11.1375770020534,10.2724161533197,2009.27241615332,2010.13757700205,7.59942407375162,0.865160848730056
310,504,39.4284330022879,-74.7023572439361,39.4011167586112,-74.4384376352123,11.6331279945243,10.6776180698153,2009.67761806982,2010.63312799452,8.09900085832612,0.955509924699982
255,523,40.4769748272163,-72.5913981649013,40.7406899581779,-72.9161944489734,11.6468172484599,10.488706365503,2009.4887063655,2010.64681724846,15.9465801535984,1.15811088295982
414,526,40.397900138285,-72.6945448051947,40.4932531446289,-72.7034819358369,11.7207392197124,10.6913073237508,2009.69130732375,2010.72073921971,14.6971361912695,1.02943189595999
393,533,40.5584821707605,-73.9254872976241,40.5572188723876,-73.7964744900165,11.460643394935,10.8911704312115,2009.89117043121,2010.46064339494,9.38829106568781,0.56947296373005
159,539,41.5379098351627,-72.6421917369231,41.4223456262787,-72.4844546785137,11.4113620807666,10.0643394934975,2009.0643394935,2010.41136208077,25.0799862824252,1.34702258726998
378,554,41.8747256261435,-72.219688530862,42.0192835393573,-72.2641717458923,11.6057494866529,11.3620807665982,2010.3620807666,2010.60574948665,17.7238712239599,0.243668720049982
303,573,39.7042192538297,-74.0108540256002,39.9529229663355,-73.7540283433436,11.6331279945243,10.8747433264887,2009.87474332649,2010.63312799452,36.0067349164971,0.758384668029976
421,597,40.4413707896652,-72.7305892307915,40.4860199442119,-73.3055909833694,12.2327173169062,11.2251882272417,2010.22518822724,2011.23271731691,33.4865049715942,1.00752908967002
353,610,41.7457686511505,-72.0013791293626,42.0574241918648,-72.1296046013515,12.7912388774812,11.567419575633,2010.56741957563,2011.79123887748,10.3955795723985,1.22381930184997
594,619,40.3146545431382,-73.2236038726324,40.1913242736185,-73.2255938584416,12.1861738535249,11.9233401779602,2010.92334017796,2011.18617385352,8.03766638296748,0.262833675559932
345,620,40.2761110055715,-73.0223318015717,40.5290869918799,-73.6578916029093,15.7645448323067,10.3518138261466,2009.35181382615,2014.76454483231,47.7533160787248,5.41273100616013
414,627,40.397900138285,-72.6945448051947,40.3599265902757,-72.7009863821417,14.012320328542,10.6913073237508,2009.69130732375,2013.01232032854,33.1074114222867,3.32101300479007
466,628,39.4669135478176,-73.2896714275541,39.3133181738182,-73.3294218290213,12.4298425735797,11.8767967145791,2010.87679671458,2011.42984257358,6.19068887918062,0.553045858999894
396,633,42.5775115660737,-73.9419939033951,42.9611838835613,-73.7600075529178,12.5722108145105,10.3956194387406,2009.39561943874,2011.57221081451,19.4620024103987,2.17659137577016
362,642,41.7039594475687,-72.8396633204328,41.9515843500081,-73.0517130047216,12.8925393566051,10.5270362765229,2009.52703627652,2011.89253935661,21.7379664603572,2.36550308009009
534,657,40.4313504901458,-72.6338961437382,39.9626234963419,-72.3555496806983,12.9993155373031,12.1533196440794,2011.15331964408,2011.9993155373,18.0441860737709,0.845995893219879
436,670,42.2473289364018,-74.0566105416689,42.5203877161708,-74.2292781770691,12.4572210814511,11.1786447638603,2010.17864476386,2011.45722108145,39.5911792138837,1.27857631759002
430,676,41.9659658000425,-72.6717753418989,41.8638926080904,-72.3645257413067,12.4873374401095,12.0739219712525,2011.07392197125,2011.48733744011,9.09086217996347,0.413415468859966
630,690,41.9520976905719,-72.6968742779822,42.1657273398464,-72.5245205507255,13.577002053388,12.4161533196441,2011.41615331964,2012.57700205339,3.09731084409298,1.16084873375007
457,747,41.4093483480723,-72.5650508143872,41.4416867703469,-73.0598970229429,12.7857631759068,12.2053388090349,2011.20533880903,2011.78576317591,32.4585077377157,0.580424366879924
504,769,39.4011167586112,-74.4384376352123,39.6387886709978,-74.5908551323655,12.8952772073922,11.6331279945243,2010.63312799452,2011.89527720739,26.4803799375896,1.2621492128701
544,775,41.3538241691361,-73.0864784994986,41.1868506049911,-72.908748627038,13.5468856947296,12.0985626283368,2011.09856262834,2012.54688569473,32.5183410685003,1.44832306639
457,783,41.4093483480723,-72.5650508143872,41.2991791845483,-72.2432998518528,14.0260095824779,12.2053388090349,2011.20533880903,2013.02600958248,22.1250388610203,1.82067077344982
607,820,40.4370132394005,-73.1100184266584,40.4317624786277,-73.1078199332648,13.0704996577686,13.0047912388775,2012.00479123888,2012.07049965777,4.37312914929341,0.0657084188899262
814,833,40.3019725431706,-73.1109841366847,40.2218391246194,-73.1851048331941,13.2867898699521,13.0458590006845,2012.04585900068,2012.28678986995,10.4852045816889,0.240930869270187
455,842,39.4558384517042,-73.7855657911194,38.7863173718025,-73.6822017987396,13.4976043805614,11.8576317590691,2010.85763175907,2012.49760438056,59.7837851607246,1.63997262148996
558,844,39.5322138213907,-73.5355477967033,39.9124026063985,-73.4981360504227,13.5879534565365,12.4462696783025,2011.4462696783,2012.58795345654,15.3465155864486,1.14168377823989
312,850,42.7681401910569,-72.1487015698224,42.7703074654224,-71.978145269169,14.5379876796715,12.8952772073922,2011.89527720739,2013.53798767967,3.03014858350895,1.64271047227999
820,852,40.4317624786277,-73.1078199332648,40.7914963040952,-73.6365028672653,15.9753593429159,13.0704996577686,2012.07049965777,2014.97535934292,5.32280996408524,2.90485968515009
447,856,40.3425971778405,-73.6393326919279,39.761235734139,-73.4355434904311,14.8336755646817,12.1724845995893,2011.17248459959,2013.83367556468,16.0189847673476,2.6611909650901
320,919,41.873126543441,-72.9795523784095,41.9593728037855,-72.6261609860197,14.9952087611225,12.4709103353866,2011.47091033539,2013.99520876112,31.5454894971551,2.52429842572997
564,926,41.5580008026398,-73.5649253664205,42.2040780290926,-73.7112759272533,13.7029431895962,11.6577686516084,2010.65776865161,2012.7029431896,84.2804418086062,2.04517453799008
673,939,39.8960077144441,-73.8818131354752,40.9447838658075,-74.026746524499,15.110198494182,13.0732375085558,2012.07323750856,2014.11019849418,38.4590503974871,2.03696098562
819,953,40.2272338402398,-72.9691222366535,39.5686788849678,-73.3698774042496,17.7522245037646,13.3552361396303,2012.35523613963,2016.75222450376,7.3155136346799,4.39698836413004
679,961,42.2779603664886,-72.2910211754228,42.7740145146818,-71.9589014492256,15.9425051334701,13.4647501711156,2012.46475017112,2014.94250513347,7.6067232462389,2.47775496234999
911,986,40.068957646264,-73.765110168427,40.0974270504212,-73.9141218931383,14.1546885694729,13.6427104722793,2012.64271047228,2013.15468856947,7.26140853447606,0.511978097189967
510,991,38.8173960470981,-73.0259546199499,38.8000546339586,-73.2207539827827,14.7570157426421,13.535934291581,2012.53593429158,2013.75701574264,10.7563050220509,1.22108145106017
679,996,42.2779603664886,-72.2910211754228,42.6780523052736,-71.9963357991751,15.4688569472964,13.4647501711156,2012.46475017112,2014.4688569473,21.2570721346259,2.00410677618015
355,998,41.4876645572469,-73.3436779061366,42.3063175663904,-73.1520226037207,15.2662559890487,12.9253935660506,2011.92539356605,2014.26625598905,46.9555261270885,2.34086242300009
573,2010,39.9529229663355,-73.7540283433436,39.5486944265449,-73.8259034217891,16.7419575633128,11.6331279945243,2010.63312799452,2015.74195756331,33.0793485426179,5.10882956879004
659,1033,40.4155990411421,-72.3512830390625,40.5258692611872,-72.2910910875561,14.5407255304585,13.7823408624231,2012.78234086242,2013.54072553046,8.77121976926399,0.75838466803998
513,1052,40.0876965813434,-72.8376989942113,40.4686151004381,-72.7430775284017,14.1930184804928,12.3121149897331,2011.31211498973,2013.19301848049,41.1170149644743,1.88090349076015
659,1259,40.4155990411421,-72.3512830390625,40.2943308983741,-72.2437958660408,15.7700205338808,13.7823408624231,2012.78234086242,2014.77002053388,1.85928420520243,1.98767967146
842,1063,38.7863173718025,-73.6822017987396,38.8467802100183,-74.3394019069186,14.6475017111568,13.4976043805614,2012.49760438056,2013.64750171116,39.1815240298887,1.14989733059997
598,1072,40.6019808756145,-73.1928306807607,40.5285990469689,-72.7736203668157,14.2970568104038,12.021902806297,2011.0219028063,2013.2970568104,32.7265343946418,2.27515400409993
766,1234,42.271982642252,-71.9584705843773,42.5490530125891,-72.3029448703723,17.3442847364818,13.3223819301847,2012.32238193018,2016.34428473648,9.69838186147285,4.02190280629998
710,1116,40.8396476649109,-72.1879845109925,40.7153956864502,-71.995447584966,14.6858316221767,13.596167008898,2012.5961670089,2013.68583162218,18.9030664825663,1.08966461328009
661,1359,41.5359912711518,-72.814105778072,41.9562305711799,-72.5763533975727,15.915126625599,13.5852156057495,2012.58521560575,2014.9151266256,41.528418192471,2.32991101984999
863,1184,39.040469565288,-73.3875500898428,39.1812490561445,-73.3929029157541,16.8514715947981,13.325119780972,2012.32511978097,2015.8514715948,6.46637044795404,3.52635181382993
429,1193,39.4917502346251,-73.7068563506444,39.461519003824,-73.5594285452708,14.7132101300479,14.4065708418891,2013.40657084189,2013.71321013005,2.81131890842541,0.306639288159886
698,1868,42.9364934408719,-74.4007155279954,42.4941787318238,-74.6484605507508,16.5585215605749,13.6372347707049,2012.6372347707,2015.55852156057,57.7810430057675,2.92128678987001
340,1213,40.5354206786208,-74.7715602892942,40.6252049779462,-75.0178140380315,14.7488021902807,13.6043805612594,2012.60438056126,2013.74880219028,17.5342188246895,1.14442162901992
944,1217,39.8852174210104,-73.387023638098,40.006902841038,-73.1691133975724,14.8090349075976,14.0835044490075,2013.08350444901,2013.8090349076,18.4690564881859,0.725530458590129
785,1242,40.4114545466,-73.0317940307049,40.41922576462,-72.4020905919049,15.6331279945243,13.4127310061601,2012.41273100616,2014.63312799452,58.6853359404853,2.22039698836011
1072,1391,40.5285990469689,-72.7736203668157,41.0700604275598,-72.9437307088529,16.495550992471,14.2970568104038,2013.2970568104,2015.49555099247,NA,2.19849418207014
712,1270,40.2874397831625,-73.0571491783275,40.2211780780873,-72.4466601539509,16.476386036961,13.0294318959616,2012.02943189596,2015.47638603696,17.2873013665256,3.44695414100011
1213,1276,40.6252049779462,-75.0178140380315,40.3449849896174,-74.6279809313476,16.435318275154,14.7488021902807,2013.74880219028,2015.43531827515,5.07209012735552,1.68651608486994
1037,1426,41.9906677946051,-72.0672770211338,41.7879445319806,-71.9443783368335,16.2080766598219,14.2039698836413,2013.20396988364,2015.20807665982,21.9196330472533,2.00410677618015
1107,1299,42.1277272823953,-72.3379587000092,42.5058663074447,-72.6655327116483,16.7255304585899,14.54893908282,2013.54893908282,2015.72553045859,16.3656466032711,2.17659137576993
569,1836,39.3453627037571,-73.331469119135,39.2178827067222,-73.5708276559765,16.4079397672826,13.3470225872691,2012.34702258727,2015.40793976728,2.3149922778608,3.06091718000994
569,1321,39.3453627037571,-73.331469119135,39.8715539212906,-72.3730349370793,16.6488706365503,13.3470225872691,2012.34702258727,2015.64887063655,35.8760384814279,3.30184804928012
810,1325,40.2566157348566,-72.9401788704634,40.6029790117529,-72.7221302710753,15.2416153319643,13.1663244353183,2012.16632443532,2014.24161533196,29.9677460369384,2.07529089664013
1036,1328,42.0763926720014,-72.2863037701004,41.9264023183236,-71.9709489300986,16.8377823408625,14.2970568104038,2013.2970568104,2015.83778234086,21.5083608757515,2.54072553046012
925,1336,38.9059468448341,-72.8976517422151,38.895590018504,-72.580337775938,16.6926762491444,14.4147843942505,2013.41478439425,2015.69267624914,16.6480443800365,2.27789185488996
917,1345,40.4123516994157,-73.5199448454078,40.776083321786,-73.1449354561842,15.5345653661875,14.4065708418891,2013.40657084189,2014.53456536619,8.78918272694301,1.12799452429999
945,1364,40.3705759920682,-73.6207443633066,40.4084524743073,-73.6316814611455,15.2334017796029,14.984257357974,2013.98425735797,2014.2334017796,7.15337990478674,0.249144421630035
975,1370,42.1331604927914,-72.0397590860642,42.3110131382085,-72.2034068735734,16.3696098562627,14.8911704312115,2013.89117043121,2015.36960985626,14.5258592878094,1.47843942505006
541,1397,41.7063361027422,-72.2754377569805,41.463734629261,-72.4514678324092,17.4537987679671,13.6509240246407,2012.65092402464,2016.45379876797,9.85110703443307,3.80287474332999
497,1406,39.6579010436978,-74.2700160015824,38.5194118949557,-73.9971224095869,16.125941136208,13.0540725530459,2012.05407255305,2015.12594113621,115.576707030359,3.07186858316004
1026,1421,39.2598890434943,-73.2851382202993,40.0899460402711,-73.5829934737835,17.8151950718686,14.422997946612,2013.42299794661,2016.81519507187,NA,3.39219712526005
825,1845,41.6862818030392,-73.0308162796176,41.9992128176893,-73.3429341175446,17.1964407939768,14.5571526351814,2013.55715263518,2016.19644079398,12.7901148813156,2.6392881587999
1210,1438,40.6620477333122,-72.2162073906047,40.6314673119331,-72.1515188798916,16.8952772073922,14.9979466119096,2013.99794661191,2015.89527720739,17.5941694788425,1.89733059548007
704,1453,41.7518024040208,-71.6935158408322,41.9482869061846,-72.2987746919797,15.8685831622176,14.9787816563996,2013.9787816564,2014.86858316222,19.140503921931,0.889801505819833
704,1501,41.7518024040208,-71.6935158408322,40.8911867487379,-71.2551538024156,17.8042436687201,14.9787816563996,2013.9787816564,2016.80424366872,5.88877510241903,2.8254620123198
810,1660,40.2566157348566,-72.9401788704634,40.1152673986513,-72.5682172843819,16.7310061601643,13.1663244353183,2012.16632443532,2015.73100616016,8.79848903220952,3.56468172484006
517,1540,41.7554402129443,-73.8987817431182,41.9563004134896,-73.6673419896899,16.6899383983573,12.583162217659,2011.58316221766,2015.68993839836,42.1993650818157,4.10677618070008
1070,1667,42.1024055430242,-72.0922836270124,41.9428519091377,-72.1087301281295,17.5906913073238,15.6550308008214,2014.65503080082,2016.59069130732,3.94678506385411,1.93566050649997
975,1591,42.1331604927914,-72.0397590860642,42.3055412321346,-72.8386728402185,16.1368925393565,14.8911704312115,2013.89117043121,2015.13689253936,56.0046711748818,1.24572210814995
888,1645,38.9969139406912,-73.8888843168157,38.5819282684401,-73.58950307835,17.7659137577002,15.6933607118413,2014.69336071184,2016.7659137577,7.15675996481773,2.0725530458601
1349,1648,41.7510771568237,-73.5704515636348,41.5240196176125,-73.4473965981599,16.3613963039015,15.4633812457221,2014.46338124572,2015.3613963039,16.9360878591488,0.898015058179908
825,1658,41.6862818030392,-73.0308162796176,41.5829227939656,-73.2501002423503,16.0492813141684,14.5571526351814,2013.55715263518,2015.04928131417,22.5325771540413,1.49212867898996
1240,1672,42.8338189872642,-72.6374683659603,42.9821038349533,-72.834679279276,16.643394934976,15.0444900752909,2014.04449007529,2015.64339493498,25.7935767522328,1.59890485969004
544,1676,41.3538241691361,-73.0864784994986,41.5703929655993,-72.2665693484401,16.8323066392882,12.0985626283368,2011.09856262834,2015.83230663929,35.9252841384378,4.73374401094998
303,1685,39.7042192538297,-74.0108540256002,39.7279090589293,-72.8964747847374,16.0164271047229,10.8747433264887,2009.87474332649,2015.01642710472,88.9482098296163,5.14168377822989
1289,1761,40.3246613436314,-73.5712957128067,40.0183522746095,-73.5052576484602,17.2347707049967,15.4688569472964,2014.4688569473,2016.234770705,NA,1.76591375769999
1451,1721,40.1833164276105,-73.3172008079974,39.9670061594577,-73.1426831006066,16.495550992471,15.6002737850788,2014.60027378508,2015.49555099247,16.4615916955829,0.895277207390109
1596,1723,40.3440926624839,-73.4788183289536,40.6438955277587,-73.7133857189666,17.2977412731007,15.7837097878166,2014.78370978782,2016.2977412731,NA,1.51403148527993
1351,1728,41.9357649828724,-73.6732241010682,41.2958373756273,-73.2248452549964,17.7932922655716,15.1403148528404,2014.14031485284,2016.79329226557,61.3545574368974,2.65297741273002
888,1890,38.9969139406912,-73.8888843168157,38.9413654654012,-73.801415931269,17.6153319644079,15.6933607118413,2014.69336071184,2016.61533196441,37.7467723153976,1.92197125257007
1343,1805,40.8360228953705,-73.7640214749761,40.4621311916061,-73.9024106506367,17.864476386037,15.416837782341,2014.41683778234,2016.86447638604,NA,2.44763860369994
512,1857,40.0923221654237,-73.9857192512978,39.7835576218676,-73.7634910794636,16.4626967830254,15.6769336071184,2014.67693360712,2015.46269678303,30.2103126381718,0.785763175910006
1453,1994,41.9482869061846,-72.2987746919797,42.4295588244082,-72.4484311993107,17.6208076659823,15.8685831622176,2014.86858316222,2016.62080766598,19.8942427218934,1.75222450376009
497,1875,39.6579010436978,-74.2700160015824,40.4616213387464,-74.3370270712038,17.2648870636551,13.0540725530459,2012.05407255305,2016.26488706366,78.6373929206549,4.21081451060991
1857,1956,39.7835576218676,-73.7634910794636,39.4497371659119,-73.4281347616228,17.7905544147843,16.4626967830254,2015.46269678303,2016.79055441478,2.66286964493163,1.32785763175002
1370,1989,42.3110131382085,-72.2034068735734,42.053413609091,-72.373192736655,17.3141683778233,16.3696098562627,2015.36960985626,2016.31416837782,8.72830337739462,0.944558521559884
1270,2451,40.2211780780873,-72.4466601539509,40.4536213796502,-72.5193747241272,17.8370978781657,16.476386036961,2015.47638603696,2016.83709787817,30.8050278843559,1.36071184120988
1730,2068,40.2292898452486,-73.0486269315597,40.1372873445173,-73.2627301265999,17.0102669404519,16.6488706365503,2015.64887063655,2016.01026694045,10.9781933748756,0.361396303899937
1552,2077,42.7282771435157,-72.5292774977621,42.72150852863,-72.3041064031843,17.9301848049281,15.7262149212868,2014.72621492129,2016.93018480493,16.9947324112938,2.20396988363996
1132,2281,39.4791948645848,-73.6989147255065,40.1083856361831,-73.483734647439,17.7905544147843,14.4175222450376,2013.41752224504,2016.79055441478,NA,3.3730321697401
945,2128,40.3705759920682,-73.6207443633066,40.9910563300582,-73.5092876419789,17.7138945927447,14.984257357974,2013.98425735797,2016.71389459274,27.9528035353916,2.72963723477005
1351,2149,41.9357649828724,-73.6732241010682,41.983194597106,-74.0635670881931,17.6837782340863,15.1403148528404,2014.14031485284,2016.68377823409,32.6347130859806,2.54346338124992
1976,2174,41.8788254629759,-72.1503943848646,41.7347318798733,-72.3755044110162,17.7960301163587,16.6707734428473,2015.67077344285,2016.79603011636,13.7942947648906,1.12525667350997
1792,2311,40.7728078616507,-73.7459248794287,40.5472884179303,-74.1865075320648,17.492128678987,16.4052019164956,2015.4052019165,2016.49212867899,29.1977435726552,1.08692676249007
512,2224,40.0923221654237,-73.9857192512978,39.676698697253,-73.9785262964066,17.4976043805614,15.6769336071184,2014.67693360712,2016.49760438056,48.3599555278616,1.82067077344004
1730,2459,40.2292898452486,-73.0486269315597,40.2405208054962,-73.2681572582797,17.7741273100617,16.6488706365503,2015.64887063655,2016.77412731006,12.563093159696,1.12525667350997
1203,2270,40.1733156578472,-73.163644332164,40.2819353343516,-73.2991608521407,17.7577002053388,15.2936344969198,2014.29363449692,2016.75770020534,16.2648849230411,2.46406570841987
2068,2596,40.1372873445173,-73.2627301265999,40.1139441020584,-73.3911133495605,17.990417522245,17.0102669404519,2016.01026694045,2016.99041752225,18.4870592801743,0.98015058179999
1495,2405,41.3597718942959,-72.0408943157493,41.3526212098133,-71.9525172561763,17.7412731006161,16.043805612594,2015.04380561259,2016.74127310062,13.3640320517748,1.69746748803004
1648,2481,41.5240196176125,-73.4473965981599,41.5667952449012,-73.0602377986898,17.968514715948,16.3613963039015,2015.3613963039,2016.96851471595,47.6164816931955,1.60711841205011
1535,2569,40.8539061092084,-73.1289566288684,40.6265687399083,-72.6920752974986,17.8918548939082,15.8986995208761,2014.89869952088,2016.89185489391,NA,1.99315537303005
28,170,39.9232449181425,-74.0982793957149,40.004954427378,-74.2553458287076,7.33744010951409,2.98973305954814,2001.98973305955,2006.33744010951,8.14131221031983,4.34770704996004
5,320,40.8263789402514,-73.8745999391355,41.873126543441,-72.9795523784095,12.4709103353866,1.48939082819993,2000.4893908282,2011.47091033539,69.6233083774863,10.9815195071901
39,134,41.0922247630431,-73.2256748033137,41.339141651699,-73.2803065114804,6.81998631074612,3.66050650239572,2002.6605065024,2005.81998631075,9.07743629903169,3.15947980834994
80,273,40.2218712010471,-73.875448502558,40.2315270175159,-73.554205888416,8.91444216290211,4.95824777549615,2003.9582477755,2007.9144421629,8.25850405554044,3.95619438740005
81,193,40.4285769001713,-74.0569446713673,39.3269701558753,-73.4021176466326,9.25667351129368,5.31143052703624,2004.31143052704,2008.25667351129,51.3802930474672,3.94524298424994
34,145,40.1794204602922,-73.7022527386455,40.577343052707,-74.1338304570907,9.86173853524974,4.26283367556471,2003.26283367556,2008.86173853525,36.0399701107203,5.59890485969004
117,218,41.6125375210317,-72.8204760235415,41.6545565607463,-72.6388101140942,9.66187542778925,6.54072553045853,2005.54072553046,2008.66187542779,7.70986405084208,3.12114989733004
115,224,40.4530251763599,-73.935895659173,39.9293470639042,-74.6737553755246,8.97467488021903,6.59000684462694,2005.59000684463,2007.97467488022,28.8465865251252,2.38466803559004
154,297,41.902870172255,-73.2223762590343,41.6141485512512,-72.9970870188379,9.95208761122512,7.84394250513355,2006.84394250513,2008.95208761123,19.931509925104,2.10814510609998
103,271,40.4847281125424,-73.2117559679552,40.3232788889526,-72.9728773609813,9.40451745379869,8.02737850787139,2007.02737850787,2008.4045174538,16.7572404436769,1.37713894593003
157,613,40.1511353255911,-73.1508846898414,39.5494127182805,-73.0130577227573,17.7412731006161,7.00616016427102,2006.00616016427,2016.74127310062,22.2957545472892,10.7351129363499
264,416,39.7063645115722,-73.3735632244249,40.2648015980455,-73.1814340303175,12.7912388774812,9.63449691991786,2008.63449691992,2011.79123887748,39.8546158749638,3.15674195756014
326,429,40.005190432565,-73.453491493887,39.4917502346251,-73.7068563506444,14.4065708418891,9.968514715948,2008.96851471595,2013.40657084189,18.3313270840732,4.43805612593997
306,547,40.0097527082145,-73.6769557060023,39.6712241398903,-73.107022540122,11.6057494866529,9.48117727583849,2008.48117727584,2010.60574948665,28.3714781383933,2.1245722108099
344,487,40.5409946687407,-72.9355274946191,40.2949316148115,-73.0928422851693,11.7316906228612,10.0287474332649,2009.02874743326,2010.73169062286,32.8166643975255,1.70294318960009
297,825,41.6141485512512,-72.9970870188379,41.6862818030392,-73.0308162796176,14.5571526351814,9.95208761122512,2008.95208761123,2013.55715263518,10.2752392171511,4.60506502395015
386,830,41.5035189139015,-72.5332621853896,41.4770621047444,-71.7595352560537,14.8939082819986,10.3901437371662,2009.39014373717,2013.893908282,22.1495975871776,4.50376454482989
255,659,40.4769748272163,-72.5913981649013,40.4155990411421,-72.3512830390625,13.7823408624231,10.488706365503,2009.4887063655,2012.78234086242,35.7996908717464,3.29363449691982
446,530,40.3501171386499,-73.0360073821248,40.6129279684172,-73.2996310335884,14.012320328542,11.0527036276524,2010.05270362765,2013.01232032854,4.49291302459711,2.95961670088991
399,673,39.7726906211103,-73.8110176664076,39.8960077144441,-73.8818131354752,13.0732375085558,10.7570157426421,2009.75701574264,2012.07323750856,3.75240647424898,2.31622176591986
370,679,41.7746564257375,-72.4270436927842,42.2779603664886,-72.2910211754228,13.4647501711156,11.0116358658454,2010.01163586585,2012.46475017112,5.57208929617875,2.45311430526999
520,869,40.3456041527855,-72.7583436032845,40.7146699276295,-72.7410182059842,13.3388090349076,11.3483915126626,2010.34839151266,2012.33880903491,15.3618904036819,1.9904175222498
398,861,39.438007606453,-73.3696665974569,39.7223943678487,-73.4846810430151,13.4866529774126,11.6440793976728,2010.64407939767,2012.48665297741,13.2436856914481,1.84257357973979
467,911,39.6153571611133,-73.3992831978885,40.068957646264,-73.765110168427,13.6427104722793,11.0800821355235,2010.08008213552,2012.64271047228,22.8877925445852,2.5626283367601
619,794,40.1913242736185,-73.2255938584416,40.1799573925326,-73.1073626648275,12.9582477754961,12.1861738535249,2011.18617385352,2011.9582477755,17.3291424491745,0.772073921980109
207,980,41.1010215774826,-72.370799285313,41.9140418840668,-71.9394678823827,15.1238877481178,8.29295003422317,2007.29295003422,2014.12388774812,100.189490381964,6.83093771390008
446,750,40.3501171386499,-73.0360073821248,40.3392099897234,-72.9743376839322,12.889801505818,11.0527036276524,2010.05270362765,2011.88980150582,21.1136796199522,1.83709787816997
563,779,39.0602522265979,-73.5482424145277,39.0684223533017,-73.8818602157545,14.4312114989732,11.7097878165639,2010.70978781656,2013.43121149897,35.9399175576064,2.72142368240998
564,733,41.5580008026398,-73.5649253664205,41.5532117792015,-73.5776944699116,12.7474332648871,11.6577686516084,2010.65776865161,2011.74743326489,2.93952208951246,1.08966461328009
502,737,40.0250640356677,-73.1517860536028,40.4264830474908,-73.7184993308771,14.5325119780971,12.1396303901438,2011.13963039014,2013.5325119781,19.4962338355925,2.39288158796012
550,1013,39.5153767888238,-75.0361163250122,39.7873690983329,-74.935514288729,14.7926078028747,11.5701574264203,2010.57015742642,2013.79260780287,27.1746964481574,3.22245037644984
286,1219,40.5085099555568,-73.7616610520834,40.8790668095671,-73.1520571129537,15.7344284736482,11.7316906228612,2010.73169062286,2014.73442847365,38.2920229625969,4.00273785079003
502,870,40.0250640356677,-73.1517860536028,40.3860728925759,-73.7015346711076,13.5715263518139,12.1396303901438,2011.13963039014,2012.57152635181,32.6089074153836,1.43189596167008
687,841,39.1989884807632,-73.2508915755659,39.0895133407163,-73.3683979342985,13.2320328542094,12.4709103353866,2011.47091033539,2012.23203285421,11.0752002208469,0.761122518820002
794,1197,40.1799573925326,-73.1073626648275,40.1266026883682,-73.0022230764092,15.937029431896,12.9582477754961,2011.9582477755,2014.9370294319,3.76247971510536,2.97878165640009
687,1180,39.1989884807632,-73.2508915755659,39.5506908074102,-73.0003765299038,14.7132101300479,12.4709103353866,2011.47091033539,2013.71321013005,19.6036676923526,2.24229979465986
495,876,41.5650287832579,-72.3649391572474,41.2653864502801,-71.9695230802809,14.2778918548938,12.3340177960301,2011.33401779603,2013.27789185489,26.2307442808703,1.94387405886005
483,1224,40.7993568314082,-72.1385080975005,40.6013329647587,-72.5123473633728,15.6605065023957,12.5119780971936,2011.51197809719,2014.6605065024,10.7584520804517,3.14852840521007
733,1061,41.5532117792015,-73.5776944699116,41.8165802032462,-73.6737372969831,14.7186858316222,12.7474332648871,2011.74743326489,2013.71868583162,19.6078374245561,1.97125256672985
416,1023,40.2648015980455,-73.1814340303175,40.5089364465241,-73.2927968859136,16.3230663928816,12.7912388774812,2011.79123887748,2015.32306639288,28.829401228581,3.53182751539998
670,1118,42.5203877161708,-74.2292781770691,42.9007457854769,-74.1544574709708,15.937029431896,12.4572210814511,2011.45722108145,2014.9370294319,36.6655393966358,3.47980835045018
351,1049,41.6691765395213,-72.6705163754449,41.6267573548226,-72.5984766250136,14.1437371663244,12.7529089664613,2011.75290896646,2013.14373716632,24.3936362900468,1.39082819986015
563,1347,39.0602522265979,-73.5482424145277,38.7027704187374,-72.7590814082845,15.9096509240246,11.7097878165639,2010.70978781656,2014.90965092402,67.792391726389,4.19986310746003
870,1203,40.3860728925759,-73.7015346711076,40.1733156578472,-73.163644332164,15.2936344969198,13.5715263518139,2012.57152635181,2014.29363449692,3.85220659971758,1.72210814511004
399,1519,39.7726906211103,-73.8110176664076,39.9287606889978,-73.6400128989104,16.1478439425052,10.7570157426421,2009.75701574264,2015.14784394251,36.440795242061,5.39082819986993
842,1640,38.7863173718025,-73.6822017987396,39.2327398733501,-73.3756545902689,15.9917864476386,13.4976043805614,2012.49760438056,2014.99178644764,17.9652106239958,2.49418206707992
775,1016,41.1868506049911,-72.908748627038,41.1899775352983,-73.0965210750256,13.9329226557152,13.5468856947296,2012.54688569473,2012.93292265572,12.1536293121048,0.386036960989941
462,1613,41.6183719180323,-73.5072448841473,41.2536732684802,-73.8192198232639,17.3196440793977,11.5756331279945,2010.57563312799,2016.3196440794,50.3017755161632,5.74401095141002
911,1158,40.068957646264,-73.765110168427,39.9497460588114,-73.9064823121506,14.8692676249145,13.6427104722793,2012.64271047228,2013.86926762491,11.3403412684613,1.22655715262999
381,1906,39.4262271890825,-75.1531980340413,39.137153033966,-74.8044991587553,17.2539356605066,11.4524298425736,2010.45242984257,2016.25393566051,26.7716970093118,5.8015058179401
661,2537,41.5359912711518,-72.814105778072,41.4948819992795,-72.5431801250472,17.927446954141,13.5852156057495,2012.58521560575,2016.92744695414,14.9890143554268,4.34223134838999
958,1663,43.0688558857649,-74.4065585085186,42.9303027372095,-74.7523739574663,16.0383299110199,13.7221081451062,2012.72210814511,2015.03832991102,13.4302366004943,2.31622176590986
592,1792,40.3121370522347,-73.3849929814958,40.7728078616507,-73.6508029943848,16.4052019164956,13.492128678987,2012.49212867899,2015.4052019165,21.3776219103472,2.91307323750993
755,1070,41.7157415003887,-72.6364844986617,42.1024055430242,-72.0922836270124,15.6550308008214,12.8131416837782,2011.81314168378,2014.65503080082,24.4223372512676,2.84188911703995
794,1367,40.1799573925326,-73.1073626648275,39.9395627294732,-73.497506303481,15.3347022587268,12.9582477754961,2011.9582477755,2014.33470225873,15.6455417537086,2.37645448322996
986,2073,40.0974270504212,-73.9141218931383,40.7711759001322,-73.6692389910894,17.3716632443532,14.1546885694729,2013.15468856947,2016.37166324435,3.42731891345834,3.21697467488002
912,1289,39.6968599410728,-73.554648025998,40.3246613436314,-73.5712957128067,15.4688569472964,13.5605749486654,2012.56057494867,2014.4688569473,15.0271872216158,1.90828199863017
1016,1851,41.1899775352983,-73.0965210750256,41.4099887655861,-73.1639060732545,16.583162217659,13.9329226557152,2012.93292265572,2015.58316221766,13.9310913145384,2.65023956194
895,1261,41.41548323676,-73.4158904486038,42.0145811727934,-73.5199150695285,16.1724845995893,13.987679671458,2012.98767967146,2015.17248459959,5.03190379766732,2.18480492813001
787,1376,42.4765166752367,-71.803707246846,42.886533455874,-71.5165804147349,15.9644079397672,13.8535249828885,2012.85352498289,2014.96440793977,16.5042915539298,2.11088295688
1033,1210,40.5258692611872,-72.2910910875561,40.6620477333122,-72.2162073906047,14.9979466119096,14.5407255304585,2013.54072553046,2013.99794661191,0.924278876149777,0.457221081450143
792,2185,41.7840705664565,-72.8254084956976,42.6677445724006,-72.5610531119282,17.2210814510609,14.466803559206,2013.46680355921,2016.22108145106,11.768401099076,2.75427789185005
1193,1362,39.461519003824,-73.5594285452708,39.3089654064082,-73.338344513611,16.1834360027378,14.7132101300479,2013.71321013005,2015.18343600274,6.13998124460026,1.47022587269021
906,1904,40.4256438033689,-73.3980636698026,40.7429461579199,-73.0093415424005,17.7056810403833,14.5133470225874,2013.51334702259,2016.70568104038,10.5314980659984,3.19233401779002
1217,2380,40.006902841038,-73.1691133975724,39.7666839679062,-73.6714586074293,17.9657768651609,14.8090349075976,2013.8090349076,2016.96577686516,8.02674776415395,3.15674195755992
775,2101,41.1868506049911,-72.908748627038,39.819430335709,-72.8551523430771,17.119780971937,13.5468856947296,2012.54688569473,2016.11978097194,73.8767489431897,3.57289527720991
1239,1636,40.568930422971,-74.9477944763264,40.7592170640062,-74.7529849907987,16.2683093771388,14.9103353867215,2013.91033538672,2015.26830937714,10.2618091807529,1.35797399042008
906,1496,40.4256438033689,-73.3980636698026,40.8538598718595,-73.2005984849807,15.8877481177276,14.5133470225874,2013.51334702259,2014.88774811773,12.1449622298615,1.37440109514
1233,1620,41.2236676305901,-72.3022113686604,41.2109102632065,-72.9812119539552,16.0876112251883,14.9185489390827,2013.91854893908,2015.08761122519,22.1926417389522,1.16906228610992
863,2297,39.040469565288,-73.3875500898428,38.660116859331,-72.6817752875664,17.9630390143736,13.325119780972,2012.32511978097,2016.96303901437,45.5314050078712,4.6379192334
893,1459,40.6065761796091,-72.8233008993255,40.4251084275752,-73.4391586613746,15.6358658453114,13.8809034907597,2012.88090349076,2014.63586584531,33.1037220486752,1.75496235455012
1033,2113,40.5258692611872,-72.2910910875561,40.939052951371,-71.9997364155939,16.971937029432,14.5407255304585,2013.54072553046,2015.97193702943,33.4527388053297,2.43121149897001
830,2052,41.4770621047444,-71.7595352560537,41.1638831755686,-71.5527646934848,16.908966461328,14.8939082819986,2013.893908282,2015.90896646133,21.7288324797795,2.01505817933003
792,1622,41.7840705664565,-72.8254084956976,41.6241535850474,-72.7064326116404,15.8193018480492,14.466803559206,2013.46680355921,2014.81930184805,19.9986573755805,1.35249828884002
974,1976,41.6241416766039,-72.0850969626267,41.8788254629759,-72.1503943848646,16.6707734428473,14.5653661875428,2013.56536618754,2015.67077344285,21.8176963200232,2.10540725531018
1217,1818,40.006902841038,-73.1691133975724,40.305954878101,-73.3158058666035,16.7392197125257,14.8090349075976,2013.8090349076,2015.73921971253,27.2647158416029,1.93018480492992
828,1583,39.9524379085872,-73.9998901169913,39.3920142428187,-74.3432048023099,16.3668720054757,13.1991786447638,2012.19917864476,2015.36687200548,57.6786147965766,3.16769336072002
946,2317,41.3233687676847,-72.2384721548974,41.7960289049329,-72.1282133331166,17.6098562628338,14.4585900068446,2013.45859000684,2016.60985626283,8.98268583540486,3.15126625598987
1037,2274,41.9906677946051,-72.0672770211338,41.3622213185596,-71.8763271346779,17.7686516084873,14.2039698836413,2013.20396988364,2016.76865160849,26.6616446047907,3.56468172485006
1016,1680,41.1899775352983,-73.0965210750256,41.3279049800994,-73.3990225861992,16.3039014373717,13.9329226557152,2012.93292265572,2015.30390143737,3.92459948120715,2.37097878165014
1061,1944,41.8165802032462,-73.6737372969831,41.3672505078523,-73.5465366293988,17.1252566735113,14.7186858316222,2013.71868583162,2016.12525667351,4.68104227573905,2.40657084189002
1455,1975,40.137940777566,-73.280857867293,40.3408043346417,-73.2741318670065,16.971937029432,15.7015742642027,2014.7015742642,2015.97193702943,1.96811825692707,1.27036276522995
1354,2173,42.6604263514198,-72.6506413409802,42.3182491015072,-72.4477184302508,17.2265571526352,15.6030116358659,2014.60301163587,2016.22655715264,11.005059724891,1.62354551677004
1493,2306,40.7065089454836,-73.7758230291288,40.4673280253166,-74.0605901856946,17.7659137577002,15.5263518138261,2014.52635181383,2016.7659137577,20.885918101853,2.23956194387006
876,1880,41.2653864502801,-71.9695230802809,41.4011758926281,-71.4490475589443,16.5585215605749,14.2778918548938,2013.27789185489,2015.55852156057,42.3074408229178,2.28062970567998
961,2102,42.7740145146818,-71.9589014492256,42.7266204155729,-71.8526619624215,17.0759753593429,15.9425051334701,2014.94250513347,2016.07597535934,5.8558962519214,1.13347022587004
1186,2007,42.1408223017823,-72.254167680984,42.5341933448187,-72.1990691783702,16.6872005475702,15.6796714579054,2014.67967145791,2015.68720054757,24.6175845841349,1.00752908966001
1858,2229,42.3295245175607,-72.2131643102212,42.313798325927,-71.6042940872998,17.8069815195072,16.3778234086242,2015.37782340862,2016.80698151951,36.8412605673958,1.42915811088983
1672,2395,42.9821038349533,-72.834679279276,42.9200396836729,-72.5521143578519,17.7850787132102,16.643394934976,2015.64339493498,2016.78507871321,15.6337624711891,1.14168377822989
240,331,39.6425362919084,-73.7937094728266,39.772398023874,-73.4459260772476,10.2861054072553,8.56673511293639,2007.56673511294,2009.28610540726,3.88903464428105,1.71937029432002
246,558,40.0949573827525,-73.1563754559423,39.5322138213907,-73.5355477967033,12.4462696783025,8.97467488021903,2007.97467488022,2011.4462696783,12.5796051458942,3.4715947980801
149,2119,40.0521623193737,-73.1261062939059,40.1731546885003,-73.0410594200434,17.8234086242301,8.03559206023283,2007.03559206023,2016.82340862423,14.2990299496382,9.78781656399997
353,1125,41.7457686511505,-72.0013791293626,41.7177441703881,-72.0351763314229,15.4907597535935,11.567419575633,2010.56741957563,2014.49075975359,21.2840669187109,3.92334017795997
624,1525,40.4894759779907,-73.3291987817223,40.7715018163999,-72.5573997239008,16.624229979466,12.2464065708418,2011.24640657084,2015.62422997947,34.8282178798985,4.37782340863009
438,1451,40.0789875706724,-73.5391675584206,40.1833164276105,-73.3172008079974,15.6002737850788,12.5420944558521,2011.54209445585,2014.60027378508,18.4202767634864,3.05817932922992
496,1343,40.5219451030616,-73.710266703269,40.8360228953705,-73.7640214749761,15.416837782341,13.4674880219029,2012.4674880219,2014.41683778234,3.71620282458994,1.9493497604401
416,1972,40.2648015980455,-73.1814340303175,40.3677719878578,-72.8586387998539,17.4209445585216,12.7912388774812,2011.79123887748,2016.42094455852,38.9817196140307,4.62970568103992
504,2429,39.4011167586112,-74.4384376352123,39.4939747901709,-74.8146080928416,17.946611909651,11.6331279945243,2010.63312799452,2016.94661190965,41.8354546495749,6.31348391513006
766,1774,42.271982642252,-71.9584705843773,42.0892668823596,-71.8336446314226,17.535934291581,13.3223819301847,2012.32238193018,2016.53593429158,11.885673690172,4.21355236139993
1038,1488,40.4118396055135,-72.6688969104902,40.0732316807078,-71.8340678901814,16.062970568104,14.0561259411363,2013.05612594114,2015.0629705681,44.2416132885486,2.00684462695995
657,1756,39.9626234963419,-72.3555496806983,40.0134429592812,-73.2157484736466,16.1998631074607,12.9993155373031,2011.9993155373,2015.19986310746,67.0946581987991,3.2005475701601
447,1730,40.3425971778405,-73.6393326919279,40.2292898452486,-73.0486269315597,16.6488706365503,12.1724845995893,2011.17248459959,2015.64887063655,NA,4.47638603696009
686,2166,39.2282938261981,-73.2803503612928,39.5699609355021,-72.830308238682,17.1937029431897,14.012320328542,2013.01232032854,2016.19370294319,7.42284512424883,3.18138261464992
783,2322,41.2991791845483,-72.2432998518528,41.3304109072068,-72.8536045576116,17.6344969199179,14.0260095824779,2013.02600958248,2016.63449691992,60.0237136232809,3.60848733744001
